3 0.796987 0.650702 0.067338 0.0554933
2 0.947586 0.968103 0.0485095 0.046788
0 0.717655 0.811461 0.0214729 0.0325181
0 0.486387 0.0263501 0.0122898 0.0237998
2 0.977713 0.563059 0.0424162 0.0201909
2 0.915896 0.563666 0.0465088 0.0205483
0 0.496887 0.449067 0.0123866 0.0230529
2 0.655057 0.838415 0.0195928 0.0468204
0 0.497149 0.676922 0.0122845 0.0224208
2 0.74973 0.313101 0.0791685 0.0683728
1 0.914516 0.541837 0.0216031 0.0232289
2 0.841137 0.73382 0.0179817 0.0450416
0 0.883581 0.855452 0.0204196 0.0339596
0 0.59183 0.879061 0.0122078 0.0230577
1 0.931296 0.585241 0.0198779 0.0205336
3 0.639962 0.654648 0.0678413 0.0540301
0 0.49718 0.87882 0.012394 0.0232928
0 0.497218 0.636747 0.0117589 0.0222555
2 0.76629 0.450709 0.0792193 0.0675316
0 0.496857 0.952171 0.0119674 0.0243673
0 0.497482 0.797147 0.0123813 0.0225053
2 0.656446 0.778402 0.0172377 0.0444603
0 0.464548 0.0365212 0.0128693 0.0227421
0 0.497307 0.716916 0.0124904 0.0231125
0 0.897111 0.65909 0.0121805 0.0236518
1 0.467636 0.126652 0.0197932 0.0221336
1 0.484975 0.169486 0.0208891 0.0234874
0 0.882214 0.8955 0.0249034 0.0140305
2 0.467685 0.147836 0.0431745 0.0197905
0 0.606346 0.103983 0.0332895 0.0192216
1 0.718914 0.922609 0.0211339 0.0228091
0 0.851825 0.429115 0.0384541 0.0494806
0 0.496957 0.570088 0.012867 0.0226856
0 0.4976 0.529576 0.0120725 0.0235946
0 0.592392 0.542096 0.0118075 0.0228542
0 0.496654 0.409087 0.0118375 0.0228614
0 0.496797 0.757346 0.0126732 0.0226827
0 0.497095 0.838066 0.0127323 0.0238811
0 0.496737 0.490006 0.0129084 0.0237694
0 0.591931 0.839141 0.0121076 0.0239812
1 0.49704 0.823598 0.0151425 0.00475061
0 0.46043 0.0777405 0.0116573 0.0226925
1 0.686513 0.922796 0.0211858 0.0222676
0 0.746365 0.811544 0.0200759 0.0318906
0 0.716992 0.657877 0.0209195 0.0316136
1 0.823965 0.187573 0.0377109 0.0959484
2 0.704799 0.943603 0.0446248 0.0183337
1 0.979935 0.541828 0.0199952 0.0219729
0 0.874329 0.358839 0.0500303 0.0382725
2 0.650087 0.546855 0.0795832 0.0605295
0 0.311233 0.51517 0.0204361 0.032364
0 0.310428 0.456062 0.0204799 0.0331496
0 0.483179 0.0779343 0.0121426 0.0227916
1 0.96396 0.584757 0.0194302 0.020367
0 0.991123 0.0700345 0.0141287 0.0236869
1 0.310305 0.434986 0.0244606 0.00908495
1 0.682994 0.655489 0.0191622 0.0398493
1 0.4515 0.167972 0.0184145 0.0226979
0 0.592761 0.758785 0.0114198 0.0246276
1 0.849309 0.571331 0.0411737 0.0204635
1 0.593609 0.65409 0.020054 0.0409241
0 0.902586 0.413288 0.0129657 0.0240638
0 0.312262 0.744134 0.0237149 0.0345014
1 0.677362 0.762855 0.0227198 0.0210065
1 0.463978 0.0505068 0.0151578 0.00426956
1 0.497141 0.730687 0.0150071 0.00410036
2 0.619099 0.72169 0.0178857 0.0461505
0 0.896188 0.923349 0.0246159 0.0136965
1 0.716356 0.636753 0.0244041 0.00932037
1 0.898504 0.584349 0.0207766 0.021809
1 0.896983 0.643524 0.0140326 0.00533126
0 0.946932 0.341927 0.014986 0.00786825
1 0.591826 0.824436 0.0141087 0.00443218
0 0.969172 0.364399 0.00834262 0.0150473
1 0.71735 0.831442 0.0246821 0.00778079
0 0.755365 0.923197 0.0127066 0.0242619
0 0.868203 0.658896 0.0137993 0.0248959
1 0.849852 0.482541 0.0420241 0.0212316
1 0.993022 0.584975 0.0134282 0.0215447
0 0.777228 0.810696 0.0205403 0.0312502
1 0.703282 0.965274 0.0214494 0.0222531
1 0.497654 0.690662 0.0159047 0.00473116
1 0.640585 0.7039 0.023398 0.0219713
1 0.311354 0.536049 0.0235945 0.00784789
0 0.896755 0.744614 0.0131743 0.0248296
1 0.497278 0.543801 0.0145326 0.0044136
1 0.496945 0.77123 0.0140637 0.00492171
0 0.623509 0.137651 0.0138312 0.0242304
1 0.716417 0.363184 0.0150574 0.0316178
1 0.747172 0.831603 0.024149 0.00749757
0 0.922796 0.343653 0.00860714 0.0161546
1 0.311433 0.493422 0.0236508 0.00839799
1 0.883899 0.834176 0.0245397 0.00932718
1 0.840272 0.652144 0.0198167 0.0417647
1 0.750128 0.652837 0.020514 0.0400735
1 0.86184 0.75007 0.0241711 0.0205135
1 0.883552 0.877218 0.0245791 0.00867143
0 0.74429 0.76558 0.00841403 0.0139229
1 0.497294 0.86426 0.0142962 0.00463411
1 0.496682 0.584684 0.0141829 0.00634822
1 0.31199 0.721792 0.0271813 0.00971747
2 0.755981 0.188128 0.0995739 0.107629
1 0.851191 0.397623 0.0488847 0.0150595
1 0.676034 0.838664 0.0220473 0.0206437
1 0.627281 0.102125 0.00813556 0.0236487
1 0.777691 0.830845 0.0247898 0.00872302
1 0.497031 0.43448 0.0144585 0.00437167
1 0.633378 0.854408 0.0225733 0.0192142
1 0.496789 0.394632 0.014075 0.00529361
1 0.843288 0.358818 0.0126377 0.0511163
1 0.641022 0.736839 0.0227659 0.0219349
1 0.592283 0.526906 0.0149202 0.00493647
1 0.496608 0.463379 0.0160531 0.00531387
1 0.59214 0.864369 0.0136018 0.00458777
1 0.49736 0.503739 0.015777 0.00398873
1 0.497093 0.893197 0.0158411 0.00521325
1 0.497115 0.783476 0.0146766 0.0047331
1 0.676696 0.794928 0.0205114 0.0203159
1 0.633856 0.821167 0.0228892 0.0209574
1 0.782197 0.363196 0.0148084 0.0317517
1 0.717512 0.679238 0.0247885 0.00929854
1 0.732456 0.499344 0.0145077 0.0313168
1 0.487264 0.0119988 0.0148218 0.00462482
1 0.910433 0.92368 0.00450147 0.0155394
1 0.738221 0.36378 0.0141802 0.0323924
1 0.74682 0.790494 0.0248246 0.00759888
1 0.633982 0.778571 0.0253382 0.020973
1 0.61733 0.594588 0.0106716 0.0293851
1 0.584565 0.10375 0.00786947 0.0228429
1 0.957235 0.341427 0.00402163 0.00933535
1 0.592332 0.893162 0.0152796 0.00518843
1 0.96939 0.354427 0.00937152 0.00380707
1 0.861804 0.71783 0.0219095 0.0217961
1 0.49689 0.622292 0.0137906 0.00507499
1 0.755029 0.909049 0.0134111 0.00386454
1 0.6342 0.387074 0.0950487 0.0166209
1 0.760595 0.363641 0.0135227 0.0313629
3 0.849722 0.526368 0.0551029 0.0688224
1 0.753675 0.498943 0.0124029 0.0294036
1 0.63802 0.59412 0.0108351 0.028744
1 0.311229 0.477937 0.0242114 0.00911297
1 0.776915 0.790035 0.0245528 0.00820085
1 0.819299 0.734497 0.0239278 0.0230527
1 0.460321 0.0925781 0.0141505 0.00640369
1 0.868259 0.643979 0.0162111 0.00540449
1 0.903919 0.356843 0.0132628 0.0511594
1 0.851738 0.460668 0.0465661 0.0136974
1 0.796624 0.499073 0.0148447 0.0335951
1 0.659533 0.49946 0.0117306 0.0310516
1 0.658814 0.595093 0.0118999 0.0300436
1 0.908951 0.958083 0.0249793 0.00408623
1 0.717691 0.790003 0.024129 0.00796853
1 0.59297 0.744218 0.0144341 0.00491464
1 0.896579 0.730036 0.0139565 0.00317045
1 0.483315 0.0922475 0.0139276 0.00558651
1 0.896908 0.673905 0.0140942 0.00535202
1 0.486856 0.0411857 0.0140362 0.00491358
1 0.985778 0.958307 0.0270408 0.00514584
1 0.637524 0.499368 0.011857 0.0317526
1 0.909079 0.966348 0.0261835 0.00467751
1 0.775661 0.497793 0.0124985 0.0265423
1 0.754179 0.394312 0.014912 0.00699737
0 0.631548 0.330224 0.0833509 0.0985641
1 0.680805 0.594426 0.0110734 0.0287598
1 0.623474 0.122489 0.0153437 0.00458065
1 0.986217 0.950038 0.026042 0.00491721
1 0.658099 0.709017 0.00916909 0.0171781
1 0.674662 0.149397 0.0597697 0.0258365
1 0.497352 0.662114 0.0140427 0.00516816
1 0.775681 0.499552 0.0155613 0.0327945
1 0.98568 0.966842 0.0258922 0.00596737
1 0.675986 0.227382 0.0584788 0.0258366
1 0.681003 0.498684 0.0113863 0.0302069
1 0.90861 0.950267 0.0200083 0.00457576
1 0.496684 0.474783 0.0150981 0.00547028
1 0.597415 0.7215 0.0249958 0.0213036
1 0.775696 0.394295 0.0171487 0.00809166
1 0.592035 0.557062 0.0134564 0.00607725
1 0.497205 0.967548 0.0137885 0.00614954
1 0.623789 0.152044 0.0149832 0.00395665
2 0.849519 0.526172 0.0535844 0.0690198
1 0.695381 0.189011 0.0165985 0.0158702
1 0.496754 0.556846 0.0139266 0.00545633
1 0.616521 0.497923 0.0101115 0.0282572
1 0.631125 0.276096 0.0941464 0.0155977
1 0.923338 0.332568 0.010741 0.00358575
1 0.497222 0.810033 0.0133163 0.00545821
1 0.880729 0.92325 0.00515222 0.0152624
1 0.497363 0.650942 0.0148885 0.00505316
1 0.464239 0.0219107 0.0156597 0.00584404
1 0.462863 0.0510712 0.014386 0.00466247
1 0.922861 0.354389 0.00985061 0.00354889
1 0.732713 0.394353 0.0143145 0.00677787
1 0.796516 0.395005 0.0137832 0.00912526
1 0.867979 0.674057 0.0178836 0.00472785
1 0.755819 0.394799 0.0131793 0.00707495
1 0.460807 0.0651817 0.012496 0.00452867
1 0.915384 0.950615 0.014461 0.00510788
1 0.911441 0.974726 0.0224609 0.00586213
1 0.737842 0.257783 0.0178676 0.00798452
0 0.854587 0.837613 0.0249223 0.0135374
1 0.666377 0.862795 0.00811123 0.0101386
1 0.753946 0.500543 0.0162432 0.0297838
2 0.639672 0.654259 0.0666388 0.0531736
1 0.733203 0.39472 0.0149133 0.00925755
1 0.991239 0.0866764 0.0146892 0.0074675
1 0.753184 0.586534 0.0531645 0.0084912
1 0.865332 0.895256 0.00562693 0.0165465
1 0.592457 0.853742 0.01474 0.00497293
1 0.626115 0.272791 0.0852993 0.0125934
1 0.908541 0.967088 0.0281681 0.00696845
1 0.497364 0.14329 0.00707423 0.00739104
1 0.311124 0.766498 0.0247076 0.00789048
