3 0.639396 0.655224 0.0682571 0.0532305
2 0.748491 0.31378 0.079082 0.0666031
2 0.9474 0.969137 0.0489707 0.0467736
0 0.463543 0.0375221 0.0120508 0.0228162
2 0.977937 0.563335 0.0414169 0.0204278
0 0.717779 0.811574 0.0213891 0.0318707
1 0.931058 0.585049 0.0196269 0.0221505
0 0.605771 0.103966 0.0331188 0.0197538
2 0.915254 0.563139 0.046798 0.0205257
2 0.764558 0.452636 0.0802458 0.0665346
0 0.497087 0.8388 0.012531 0.0228908
3 0.797902 0.651714 0.0651044 0.054273
0 0.591536 0.879522 0.0120704 0.0232448
1 0.914231 0.541671 0.0219737 0.0228455
0 0.48609 0.0268638 0.0121861 0.0227175
0 0.896636 0.659009 0.0122669 0.0235908
0 0.591837 0.542384 0.011353 0.0225351
0 0.496947 0.636651 0.012494 0.0225792
0 0.497314 0.570519 0.012752 0.023278
0 0.496679 0.879178 0.0124653 0.0230665
0 0.015185 0.495939 0.00822906 0.0159706
0 0.495526 0.952814 0.0125625 0.0251288
1 0.484501 0.169804 0.0216097 0.0217196
0 0.496272 0.449529 0.0121336 0.0226922
0 0.746925 0.810635 0.0194046 0.0312583
2 0.655364 0.780429 0.0194117 0.0443084
0 0.496883 0.529982 0.0122952 0.0238909
0 0.0435033 0.457521 0.0130486 0.0234693
1 0.451519 0.169236 0.0194191 0.0227169
1 0.467266 0.12725 0.0190624 0.0219652
0 0.0801856 0.413606 0.0125491 0.0241905
0 0.0780785 0.63347 0.0154049 0.00800717
0 0.884834 0.856376 0.0209785 0.0339154
0 0.716373 0.657824 0.0205805 0.0314061
2 0.841132 0.734209 0.0183322 0.0456619
0 0.0669658 0.457881 0.0129735 0.0229145
2 0.654261 0.837288 0.0190046 0.0466131
0 0.497177 0.797557 0.0123758 0.0230727
1 0.702595 0.965033 0.0212314 0.0219332
2 0.467406 0.148379 0.044781 0.0192742
0 0.496831 0.409165 0.0121669 0.0236273
0 0.482564 0.0782763 0.012226 0.0226214
0 0.592017 0.839609 0.0121758 0.023297
0 0.015367 0.460071 0.00810257 0.015945
0 0.496978 0.757857 0.0122359 0.0225999
0 0.496696 0.489753 0.0127672 0.0231528
0 0.460443 0.0782566 0.0118276 0.0225523
0 0.0673048 0.498295 0.0131138 0.0234085
1 0.89826 0.585056 0.0199926 0.0214213
1 0.311399 0.49373 0.0230956 0.00785012
0 0.49583 0.717667 0.0125654 0.0232014
1 0.682851 0.654735 0.0206379 0.0404707
1 0.463517 0.0517314 0.01446 0.00516961
0 0.310541 0.457929 0.0196133 0.0330979
0 0.311047 0.515062 0.0201045 0.0321358
0 0.0440128 0.498484 0.0130576 0.0237671
2 0.753906 0.18779 0.100433 0.105267
0 0.881835 0.896473 0.0248153 0.0146841
0 0.776232 0.811342 0.0196219 0.0321833
0 0.496154 0.677152 0.0124296 0.0222261
1 0.68615 0.92293 0.0189147 0.0219149
1 0.715641 0.636944 0.0244128 0.00866724
1 0.496528 0.691104 0.0156342 0.00471021
1 0.71885 0.922698 0.0222554 0.0230461
2 0.703652 0.943843 0.0465889 0.017765
0 0.591823 0.759641 0.0120499 0.0238423
1 0.0669911 0.512508 0.0145559 0.00556814
0 0.874456 0.358676 0.0493376 0.0376272
1 0.850523 0.571466 0.0403099 0.0208078
0 0.850835 0.428657 0.0376667 0.0485366
0 0.311765 0.744186 0.0233793 0.0343375
1 0.497027 0.824574 0.0147064 0.00440848
1 0.962904 0.584922 0.0205729 0.0202408
1 0.896789 0.643307 0.0155861 0.0056702
1 0.992394 0.585395 0.0138375 0.0218658
1 0.979221 0.541552 0.0196699 0.0216979
2 0.649265 0.54751 0.0797406 0.0609436
1 0.310736 0.435531 0.0245065 0.0104662
2 0.618385 0.720517 0.0177956 0.0468946
0 0.947145 0.342608 0.0146337 0.00762592
1 0.593452 0.654762 0.0212901 0.0401907
0 0.077909 0.649533 0.014844 0.00797378
0 0.901883 0.413146 0.0132872 0.0236111
1 0.822886 0.1881 0.0385395 0.094843
1 0.716641 0.363748 0.0138963 0.0312495
1 0.496297 0.731936 0.0152735 0.00489926
1 0.591976 0.824431 0.0141327 0.00455281
0 0.868573 0.659721 0.0130201 0.0241202
1 0.311403 0.535866 0.0233215 0.0082405
1 0.675742 0.795368 0.0214519 0.0199098
0 0.744362 0.766065 0.00891401 0.0149964
1 0.747827 0.831338 0.0249038 0.00762914
1 0.717432 0.831369 0.0249326 0.00760626
1 0.676206 0.763321 0.0222159 0.0192874
1 0.591919 0.744559 0.0150385 0.00500294
0 0.92265 0.343689 0.00826351 0.0163349
1 0.626948 0.102294 0.00840428 0.0229779
0 0.623499 0.138569 0.0125846 0.0236557
1 0.496698 0.622165 0.0149891 0.00498737
0 0.96903 0.364861 0.00832104 0.0152947
1 0.496408 0.435071 0.0144084 0.00496383
1 0.496571 0.783771 0.0144799 0.00436476
1 0.675294 0.837812 0.0222928 0.0197668
1 0.0673398 0.472063 0.015838 0.00506854
1 0.640067 0.737332 0.0227703 0.0211821
1 0.496562 0.864705 0.0149328 0.00489138
1 0.497018 0.503501 0.0148268 0.00407816
1 0.591422 0.893268 0.0145872 0.00478175
1 0.496928 0.39442 0.0142009 0.00489479
1 0.884576 0.877189 0.0254715 0.00798016
1 0.633096 0.854774 0.0231338 0.0181909
1 0.591658 0.52706 0.0134077 0.00543203
1 0.640456 0.70452 0.0231188 0.0223146
1 0.75362 0.499332 0.012346 0.0289201
1 0.884356 0.834153 0.0256982 0.00984048
0 0.0481019 0.638658 0.0174063 0.0248149
1 0.747128 0.790209 0.0234005 0.00753453
1 0.75481 0.65127 0.0157705 0.039319
1 0.84086 0.652229 0.0182128 0.0402472
1 0.781708 0.3639 0.0151977 0.03207
1 0.843154 0.358081 0.0120478 0.0501473
1 0.311276 0.722217 0.0267814 0.0087254
1 0.77688 0.831187 0.0242305 0.00773946
1 0.861578 0.75022 0.023845 0.0203741
1 0.717199 0.679149 0.0242944 0.00976606
0 0.0707198 0.595949 0.00814645 0.0145679
0 0.103519 0.530375 0.00835769 0.0146549
1 0.633182 0.821012 0.0239744 0.0213556
1 0.496185 0.893108 0.0153607 0.00522176
1 0.851123 0.398124 0.049551 0.0129922
1 0.311395 0.478735 0.0238392 0.00807346
1 0.482672 0.0643382 0.0150597 0.00480365
1 0.732539 0.499342 0.0145946 0.0316009
1 0.738386 0.36427 0.0130086 0.0329475
1 0.675262 0.150036 0.0604899 0.0251074
1 0.796105 0.499499 0.0146406 0.0334287
1 0.59162 0.864687 0.0136076 0.00491189
0 0.896055 0.744994 0.0113692 0.0235493
1 0.0438999 0.512621 0.0157419 0.00476481
1 0.776038 0.79036 0.0239218 0.00826801
3 0.849985 0.526661 0.0541494 0.0673647
1 0.851379 0.46063 0.0482034 0.0153947
1 0.760236 0.364204 0.0138023 0.032449
1 0.0440829 0.471559 0.014942 0.00448358
1 0.616376 0.594847 0.0109584 0.0282757
1 0.496389 0.650683 0.0152214 0.00516723
1 0.0433269 0.443277 0.0155804 0.00513524
1 0.583948 0.104346 0.00700053 0.0238136
0 0.0158414 0.640764 0.0147981 0.0183508
1 0.635583 0.386996 0.0955753 0.0156128
1 0.496664 0.771383 0.0133414 0.00493691
1 0.486444 0.0126998 0.0143093 0.00482308
1 0.0669806 0.443221 0.0155863 0.00584208
1 0.969094 0.354695 0.00954994 0.00320685
1 0.632894 0.779745 0.0230706 0.0215368
1 0.496642 0.463419 0.0154285 0.00516476
1 0.460604 0.064384 0.0147192 0.00532019
1 0.497055 0.544041 0.0138274 0.00406028
0 0.894719 0.926672 0.0260416 0.0110067
1 0.775084 0.498628 0.0118007 0.0282398
1 0.868693 0.644587 0.0161135 0.00476499
0 0.0566009 0.565633 0.0295048 0.0178833
1 0.717618 0.790432 0.0250022 0.00775822
1 0.904221 0.357195 0.0129312 0.050582
1 0.849595 0.482201 0.0429664 0.0222417
1 0.750339 0.652257 0.0181103 0.0398141
1 0.658983 0.59515 0.0132091 0.0296626
1 0.496887 0.556353 0.0152975 0.00526916
1 0.775718 0.4998 0.0147948 0.0330492
1 0.623523 0.152407 0.0145421 0.00395045
1 0.696205 0.189201 0.015887 0.015463
0 0.0469763 0.588305 0.014575 0.00750851
1 0.775131 0.393671 0.0140837 0.00765347
0 0.694057 0.729906 0.00772276 0.0143199
1 0.637588 0.594616 0.0121519 0.0284191
1 0.496686 0.744361 0.0140984 0.00467876
1 0.907549 0.950494 0.0246166 0.00484773
0 0.959303 0.508282 0.0102084 0.012423
1 0.861871 0.718193 0.0204689 0.0202722
1 0.659423 0.49982 0.0117349 0.0309625
1 0.0709258 0.605309 0.00904712 0.00271606
1 0.59654 0.72194 0.0245202 0.0218156
1 0.896763 0.896778 0.00619194 0.0161129
1 0.311086 0.766531 0.0241347 0.00880576
1 0.68045 0.594577 0.0114443 0.0289698
1 0.681026 0.499063 0.0107175 0.0301496
1 0.957162 0.341771 0.00365873 0.00864842
0 0.978604 0.426072 0.0115943 0.0139481
1 0.637563 0.499606 0.0115824 0.0313234
1 0.909667 0.958597 0.0245196 0.00528286
1 0.0672291 0.650023 0.00328249 0.00922681
1 0.896384 0.674054 0.0146322 0.00568915
0 0.631865 0.330973 0.083055 0.100321
1 0.657949 0.710901 0.00955888 0.0166352
1 0.868875 0.674197 0.0161062 0.00468182
1 0.985657 0.95841 0.025816 0.00534439
1 0.908623 0.966884 0.0264598 0.0053806
1 0.912192 0.950192 0.0202189 0.00464543
1 0.591972 0.853898 0.0142484 0.00478144
1 0.0472642 0.657525 0.0116556 0.0131778
1 0.0152195 0.449967 0.0092923 0.00313621
1 0.615915 0.497175 0.0109832 0.0263788
1 0.922806 0.35434 0.00940442 0.00341522
1 0.819081 0.734829 0.0239079 0.022696
1 0.482634 0.0920334 0.0134058 0.00572017
1 0.984953 0.951181 0.0245931 0.00630526
1 0.496422 0.475013 0.0146167 0.0057894
1 0.902415 0.427384 0.0151458 0.00504231
0 0.802264 0.810825 0.015346 0.0257523
1 0.0670859 0.482702 0.0156639 0.00596059
1 0.631532 0.276051 0.0964935 0.0165745
1 0.0155381 0.653467 0.0117575 0.00538185
1 0.796167 0.394535 0.0134535 0.00794017
1 0.753612 0.394471 0.0152061 0.00688828
2 0.84906 0.526332 0.0536783 0.0678563
0 0.979295 0.507999 0.0105833 0.0133808
1 0.496138 0.66249 0.0145003 0.00592016
1 0.865479 0.896271 0.00616774 0.0166184
1 0.91033 0.926501 0.0042627 0.0132635
0 0.0489029 0.632182 0.0174153 0.0174973
1 0.732164 0.395325 0.0141566 0.00824262
1 0.591763 0.556596 0.0126365 0.00569666
1 0.0342448 0.0790591 0.0652746 0.019304
1 0.895505 0.730825 0.012291 0.00376173
1 0.486275 0.0414289 0.0126495 0.00482264
1 0.0803543 0.39749 0.0165909 0.00705347
1 0.0890176 0.650298 0.00454661 0.00839802
1 0.923003 0.333002 0.00999113 0.00350949
1 0.0153013 0.502649 0.00830879 0.00564156
1 0.626477 0.273739 0.0868253 0.0146815
0 0.732478 0.857708 0.0255237 0.0142388
1 0.464154 0.0221527 0.0143349 0.00609334
0 0.959358 0.425952 0.0111679 0.0141438
