2 0.318212 0.481289 0.0673741 0.0733006
2 0.471504 0.357319 0.0480977 0.0197433
3 0.864504 0.325287 0.0365396 0.0668914
0 0.692722 0.512613 0.0255987 0.0145762
2 0.407526 0.357598 0.0466787 0.0182607
2 0.575856 0.292496 0.047884 0.0464933
0 0.339579 0.372661 0.0149667 0.0250356
0 0.221561 0.162176 0.0120054 0.0229026
0 0.143539 0.692349 0.0224073 0.0125554
2 0.296459 0.605473 0.079673 0.0690336
0 0.677827 0.208513 0.00795721 0.0150449
0 0.263328 0.299413 0.0326545 0.0197995
0 0.126158 0.120989 0.0132158 0.0226027
0 0.0977974 0.560211 0.0147716 0.0250023
0 0.126214 0.0815686 0.0127224 0.0230449
0 0.376617 0.133468 0.0215513 0.0329935
0 0.092114 0.617067 0.0323767 0.020129
0 0.647557 0.43455 0.0111552 0.0226978
0 0.126611 0.161645 0.0122855 0.0233889
0 0.818569 0.31211 0.0254341 0.0515195
0 0.221453 0.082872 0.0127053 0.023521
0 0.0800486 0.661786 0.019735 0.0323702
1 0.455373 0.378095 0.0199819 0.0206665
0 0.222548 0.44295 0.0137619 0.0227146
0 0.221197 0.316375 0.0123076 0.0228484
0 0.520967 0.348398 0.0121536 0.0245743
0 0.904032 0.217305 0.0123144 0.024721
0 0.125241 0.277021 0.0124641 0.0253889
0 0.220707 0.202812 0.0121564 0.0227541
0 0.681518 0.144624 0.00751045 0.0146676
0 0.222199 0.540347 0.0123181 0.0232487
0 0.989805 0.334214 0.0131217 0.0250673
1 0.346255 0.15462 0.025123 0.00866923
0 0.346196 0.133438 0.0222149 0.0327094
0 0.317015 0.373082 0.0150109 0.0253637
0 0.910572 0.338944 0.0259299 0.0499357
0 0.738606 0.200811 0.0133012 0.0243987
0 0.94243 0.334488 0.0127737 0.0249335
0 0.52335 0.247162 0.0245964 0.0140937
0 0.108273 0.510757 0.012006 0.023417
0 0.873727 0.217469 0.0114161 0.0242271
2 0.284696 0.102956 0.0180242 0.0457324
0 0.406367 0.13378 0.0209427 0.0317107
1 0.405743 0.336027 0.0211086 0.0235316
0 0.125679 0.040827 0.012364 0.023794
0 0.930138 0.217118 0.01353 0.0244482
1 0.421614 0.379227 0.0206048 0.0198854
0 0.262599 0.330135 0.033414 0.0214801
0 0.224216 0.501407 0.00937692 0.0154049
2 0.331945 0.267544 0.0478629 0.0177385
1 0.376209 0.112605 0.0246771 0.00822482
0 0.827013 0.250934 0.0238018 0.012365
0 0.116106 0.655497 0.0113179 0.0237823
0 0.383628 0.246494 0.0135857 0.0244289
1 0.488381 0.378024 0.0183273 0.0195419
0 0.513824 0.179948 0.0204668 0.0336757
2 0.247317 0.0443815 0.0172637 0.046591
0 0.510872 0.219789 0.0251861 0.0143365
1 0.376798 0.154525 0.0247755 0.00818242
0 0.126112 0.202345 0.0121581 0.0238848
1 0.315355 0.246358 0.0192084 0.0225818
1 0.817816 0.280841 0.0308922 0.0121491
1 0.305598 0.118644 0.021474 0.0203048
1 0.221667 0.176124 0.0137157 0.0043089
0 0.95628 0.260073 0.00792356 0.0152797
0 0.974651 0.273947 0.00796065 0.0141463
1 0.406517 0.154473 0.0241406 0.00786412
1 0.33243 0.288719 0.0205015 0.0224785
1 0.221637 0.0971709 0.0147049 0.00459325
0 0.827184 0.227359 0.0254961 0.0136193
0 0.673554 0.542965 0.0248682 0.0147426
1 0.471131 0.335348 0.0208686 0.0220639
1 0.317465 0.388482 0.01589 0.00500379
0 0.771139 0.363711 0.0340365 0.0214511
1 0.241347 0.29923 0.00903988 0.0227684
0 0.679847 0.42016 0.0252801 0.0145957
1 0.33973 0.388483 0.0159305 0.0057379
1 0.222416 0.525368 0.0144113 0.00566051
0 0.373777 0.0893383 0.00853438 0.0154616
0 0.171971 0.496784 0.0219387 0.0113427
1 0.108077 0.495625 0.0143256 0.00555026
1 0.366559 0.47164 0.0293444 0.0130434
1 0.910442 0.307369 0.0300594 0.0130165
1 0.269245 0.060561 0.0221955 0.0206463
1 0.513934 0.200049 0.0249698 0.00606345
1 0.817789 0.343493 0.0307905 0.011879
1 0.366432 0.492748 0.0292102 0.0115904
1 0.285585 0.5557 0.0156961 0.0308461
1 0.346168 0.112667 0.0245864 0.00803828
1 0.125987 0.0668676 0.0140851 0.00498428
1 0.262735 0.177422 0.0223047 0.0199049
1 0.126529 0.175273 0.0137937 0.00431675
1 0.389858 0.378519 0.0200737 0.02007
1 0.263193 0.555404 0.0158851 0.0316216
1 0.348333 0.246215 0.0198998 0.0224853
1 0.12589 0.106255 0.0143862 0.00460998
1 0.49106 0.0421278 0.0218287 0.0180293
1 0.94219 0.349697 0.0143571 0.00552453
1 0.125063 0.261382 0.0151195 0.00435835
1 0.113263 0.617123 0.00859982 0.023302
1 0.520981 0.362656 0.0150235 0.00457223
1 0.0979618 0.574783 0.0161953 0.00483772
1 0.221491 0.0676217 0.0149735 0.00640821
1 0.40563 0.113053 0.0242843 0.00821661
1 0.910473 0.370643 0.0321842 0.0121578
1 0.305151 0.161335 0.0226054 0.0205489
1 0.365786 0.492233 0.0300582 0.0162172
1 0.240981 0.331342 0.00916468 0.0226768
1 0.903943 0.232677 0.0154777 0.00586408
2 0.470532 0.0591203 0.0183839 0.0491505
1 0.284308 0.298871 0.00830125 0.0248533
1 0.36639 0.449494 0.0294531 0.0153749
1 0.738554 0.215003 0.0151799 0.00389162
1 0.305224 0.0859675 0.0225694 0.0206059
1 0.989208 0.349685 0.0152662 0.00570544
1 0.28457 0.329575 0.00802897 0.0246293
1 0.646856 0.419214 0.0143002 0.00524352
1 0.0789243 0.68328 0.0247301 0.00953737
1 0.49587 0.219846 0.00461419 0.0171157
0 0.525529 0.0672566 0.0148706 0.0226949
1 0.513835 0.157882 0.0250849 0.00811439
1 0.126065 0.0262782 0.0152949 0.00457365
1 0.707574 0.512381 0.00407222 0.0158641
1 0.263031 0.103262 0.0233691 0.02052
1 0.222572 0.456692 0.0151409 0.00426186
1 0.328892 0.55581 0.0157161 0.0309179
1 0.677413 0.199128 0.00910281 0.00312322
1 0.384382 0.260527 0.015075 0.00467569
1 0.307072 0.55539 0.0147654 0.0302096
2 0.284244 0.16061 0.0192423 0.0490742
1 0.268916 0.0281778 0.022635 0.0184746
1 0.221429 0.217112 0.01349 0.00579082
1 0.125982 0.146479 0.0144461 0.00519554
1 0.87341 0.232448 0.013926 0.00544847
1 0.12543 0.292305 0.0167345 0.0054866
1 0.748972 0.363565 0.00882896 0.0239531
1 0.220853 0.301157 0.0144454 0.0051873
1 0.225485 0.0445442 0.0232034 0.0228575
1 0.365902 0.514599 0.03031 0.0130608
4 0.896561 0.678989 0.175404 0.198049
1 0.0704292 0.617252 0.00985095 0.0237963
1 0.126678 0.176129 0.0140858 0.00426876
1 0.224128 0.511006 0.0106888 0.00390659
0 0.679863 0.441875 0.0233306 0.0125411
1 0.930295 0.232485 0.0161631 0.00546718
1 0.126517 0.135135 0.0152695 0.00528162
1 0.793805 0.364527 0.00761257 0.0191279
1 0.221109 0.331654 0.0146159 0.0055113
1 0.677104 0.51276 0.00477425 0.0167458
1 0.0790047 0.640546 0.02364 0.00882796
1 0.647833 0.448156 0.0138827 0.00429354
1 0.383754 0.23115 0.0156908 0.00542756
1 0.873327 0.201489 0.0145721 0.00670164
1 0.863852 0.283218 0.0305148 0.0154163
1 0.520263 0.333746 0.0153079 0.00509053
1 0.738607 0.185203 0.0158117 0.00576391
1 0.53823 0.306547 0.0273975 0.00613106
1 0.108552 0.525341 0.0140077 0.00611233
4 0.846199 0.47056 0.199608 0.173748
1 0.263581 0.144794 0.0245478 0.0199801
1 0.33957 0.357573 0.0165299 0.00502636
1 0.284465 0.661856 0.016775 0.0087229
1 0.184204 0.496739 0.00310007 0.0138924
1 0.125937 0.217283 0.0144817 0.00604422
1 0.991028 0.663057 0.0163392 0.0235703
1 0.526688 0.220649 0.00528908 0.0160181
1 0.681601 0.136142 0.00771132 0.00273717
1 0.537577 0.29882 0.0282137 0.00561736
1 0.0979889 0.544748 0.0173164 0.00491402
1 0.658311 0.542977 0.00489926 0.0157052
1 0.988936 0.318707 0.0160113 0.00569415
1 0.52512 0.0824846 0.0172992 0.00447086
1 0.316987 0.357643 0.0160232 0.00510285
1 0.221832 0.147269 0.0151115 0.0062532
1 0.840515 0.25071 0.00327708 0.0144307
1 0.86453 0.369584 0.0295783 0.0150115
1 0.115933 0.669997 0.013532 0.0054033
1 0.974456 0.28374 0.00878681 0.00421127
1 0.800045 0.663411 0.0158746 0.0261573
1 0.49228 0.0735027 0.0223019 0.0207579
0 0.390779 0.180783 0.0242228 0.0133868
1 0.991654 0.658947 0.016692 0.0192609
1 0.525403 0.0831197 0.0153577 0.00493214
1 0.129076 0.692304 0.00514448 0.0139855
0 0.125479 0.00702971 0.0192255 0.0127507
1 0.615424 0.30084 0.0270049 0.00792016
1 0.733799 0.47121 0.022059 0.0813596
1 0.447978 0.0584399 0.024372 0.021845
1 0.373516 0.0977936 0.00884975 0.00352204
1 0.157655 0.691756 0.00585085 0.0151496
0 0.609254 0.00484678 0.023688 0.00912417
1 0.956517 0.269483 0.00828946 0.00272
1 0.537867 0.290719 0.0274293 0.00624472
1 0.307853 0.661336 0.0215206 0.00962198
1 0.930047 0.201616 0.0157102 0.0057457
1 0.328842 0.659324 0.0132463 0.0133753
1 0.525704 0.0519969 0.0130884 0.0046291
0 0.323601 0.0522395 0.00792194 0.0138273
0 0.803324 0.0909024 0.00865092 0.0146192
1 0.903369 0.201706 0.0160506 0.00640619
1 0.66705 0.442314 0.00498481 0.013242
1 0.221052 0.190212 0.0127557 0.00458436
1 0.159754 0.496799 0.00446987 0.0125879
1 0.347796 0.00403868 0.0234818 0.00807736
1 0.275749 0.479641 0.0169317 0.0637723
1 0.615589 0.306422 0.026395 0.00718701
