2 0.484684 0.450762 0.0474583 0.0192016
1 0.405252 0.12422 0.0203288 0.0221473
0 0.25511 0.98088 0.00741471 0.0151095
3 0.595536 0.866225 0.0845756 0.0526783
5 0.533518 0.183625 0.171622 0.16776
0 0.746596 0.349686 0.00882089 0.014136
0 0.847385 0.166982 0.015279 0.0245634
0 0.447335 0.855023 0.0132843 0.024784
0 0.856802 0.62135 0.0122441 0.0232735
0 0.520835 0.666037 0.0118766 0.0235762
0 0.607216 0.325511 0.00908967 0.0164173
0 0.0191832 0.959877 0.0123048 0.024501
0 0.567515 0.977563 0.00798629 0.0154823
2 0.822116 0.207542 0.0163572 0.0288418
0 0.948142 0.52271 0.0118645 0.0237003
0 0.895507 0.560627 0.00856568 0.0161138
0 0.478689 0.897705 0.0242178 0.0513179
0 0.856599 0.655374 0.00816702 0.0147327
0 0.948107 0.563211 0.0124397 0.0235992
0 0.764488 0.305355 0.0214976 0.0325041
2 0.411003 0.283485 0.0470218 0.0188981
0 0.129776 0.44192 0.00749731 0.0148535
0 0.824353 0.169378 0.00833818 0.0154269
0 0.516606 0.709915 0.0122861 0.0232446
2 0.40806 0.102929 0.0475782 0.0187
0 0.518268 0.339818 0.0189184 0.0292227
1 0.389125 0.0812983 0.019916 0.0224624
0 0.924195 0.563249 0.0127511 0.0235142
0 0.951021 0.660517 0.00885823 0.0162532
0 0.895735 0.525173 0.00883484 0.016073
0 0.322505 0.0916604 0.0126163 0.0227521
0 0.612496 0.911807 0.00790524 0.0147438
0 0.431802 0.336248 0.00870001 0.0150319
2 0.816517 0.301283 0.0451878 0.01815
0 0.537554 0.712008 0.00803757 0.0159995
0 0.542492 0.663523 0.00811968 0.0145009
0 0.41887 0.812621 0.0195961 0.0290437
0 0.0755519 0.959689 0.0129567 0.024991
0 0.13556 0.0253216 0.0121079 0.0238598
0 0.0496897 0.959899 0.0129672 0.0247855
0 0.960151 0.47927 0.0120385 0.0227925
0 0.87188 0.552529 0.0148957 0.00851941
0 0.357831 0.305398 0.0237239 0.0127183
0 0.874757 0.289222 0.0127201 0.0242853
0 0.58156 0.911248 0.00801637 0.0150084
1 0.800323 0.280222 0.0188059 0.0210831
0 0.498961 0.785335 0.0213077 0.011133
0 0.923906 0.5225 0.0119309 0.0234921
0 0.694291 0.248336 0.0211775 0.0331182
0 0.793939 0.937789 0.00771194 0.0151563
1 0.581484 0.900171 0.00994542 0.00569284
1 0.478872 0.865219 0.0288339 0.0121324
1 0.421165 0.0825144 0.0215922 0.0229135
0 0.303677 0.305197 0.0229067 0.0116645
0 0.516922 0.749663 0.0125659 0.0240221
0 0.483247 0.399409 0.0160499 0.00836541
0 0.724166 0.248962 0.0226717 0.033694
0 0.511585 0.595383 0.0256949 0.0147846
0 0.725584 0.482392 0.00871489 0.0149392
0 0.432723 0.36541 0.00843395 0.0150362
0 0.819706 0.243759 0.00830947 0.0140017
0 0.550125 0.340156 0.0183446 0.0288052
0 0.421501 0.640668 0.0122075 0.0237255
1 0.832775 0.280606 0.0188186 0.0220288
0 0.866143 0.682552 0.0160167 0.00826945
1 0.764865 0.327159 0.0243518 0.00936127
1 0.483178 0.429275 0.0203919 0.0224119
0 0.958397 0.697696 0.0154858 0.00774859
0 0.866117 0.701156 0.0153777 0.00872315
0 0.533694 0.977684 0.00812981 0.0158936
0 0.521034 0.383835 0.00864267 0.0162411
1 0.763417 0.284508 0.0260825 0.00818459
1 0.611959 0.901564 0.00965931 0.00404764
0 0.292412 0.946344 0.00786109 0.0149536
0 0.575693 0.454415 0.00802781 0.0144572
1 0.724165 0.270003 0.0244708 0.00843358
0 0.446539 0.80785 0.0151049 0.024749
0 0.872302 0.532966 0.0145738 0.00786547
0 0.658219 0.977218 0.00816176 0.0154394
1 0.499468 0.471783 0.0210992 0.0205851
1 0.815503 0.322904 0.0200279 0.0228913
0 0.292599 0.974737 0.00755713 0.0140927
0 0.107299 0.47021 0.00750737 0.0139155
1 0.694166 0.269936 0.0250239 0.0102025
0 0.958754 0.714145 0.0165532 0.00877399
1 0.47819 0.928657 0.0299315 0.0116623
1 0.411847 0.262368 0.0202939 0.0239743
1 0.394739 0.304748 0.018538 0.0237831
1 0.427555 0.304987 0.0195407 0.0216808
0 0.415315 0.861214 0.00816517 0.014812
0 0.237457 0.980844 0.00818798 0.0147755
1 0.417797 0.792203 0.0234013 0.00983379
1 0.895963 0.535566 0.0084131 0.00344505
1 0.804618 0.20695 0.0164106 0.00637827
0 0.452718 0.701139 0.0136385 0.0234257
1 0.823988 0.159669 0.0106005 0.00431128
0 0.44722 0.565895 0.00752164 0.0140195
0 0.53839 0.633833 0.00862816 0.0154231
0 0.607413 0.296752 0.00864029 0.0148508
0 0.872225 0.568048 0.0141771 0.00806996
1 0.321941 0.105685 0.0144382 0.00461696
1 0.467198 0.471942 0.0203171 0.020369
0 0.322951 0.119455 0.016542 0.00843753
1 0.924263 0.5371 0.0136502 0.00544814
1 0.895053 0.550805 0.0100872 0.00378843
0 0.438724 0.125373 0.0154105 0.0176726
0 0.69803 0.188085 0.0161657 0.00845904
0 0.983078 0.596764 0.00929298 0.0149934
1 0.518002 0.36016 0.022579 0.00983119
1 0.862974 0.567728 0.00303243 0.00949978
1 0.839755 0.207179 0.0175191 0.00733871
0 0.491838 0.814137 0.00852675 0.0154143
1 0.959979 0.464217 0.0158935 0.00557005
1 0.549689 0.360588 0.0226085 0.0101351
1 0.520523 0.652441 0.0137071 0.0034588
1 0.321833 0.148344 0.0154498 0.0182534
1 0.41923 0.833331 0.0234233 0.00947833
1 0.549344 0.319401 0.0234596 0.0111912
0 0.583615 0.322995 0.0178653 0.0309402
1 0.447709 0.840387 0.0150137 0.00406084
1 0.86253 0.516839 0.00294207 0.00876189
1 0.135718 0.0108327 0.0134684 0.00410402
1 0.527268 0.595527 0.00609745 0.0173278
1 0.318654 0.304903 0.00578261 0.0145175
1 0.518148 0.319344 0.02244 0.0101924
1 0.862694 0.552281 0.00318771 0.00922012
0 0.92734 0.653715 0.014349 0.00757074
1 0.924137 0.54875 0.0137452 0.00516873
2 0.323119 0.207066 0.109501 0.101238
1 0.693681 0.225843 0.0259125 0.00919806
0 0.456578 0.345468 0.0186783 0.0290245
1 0.292412 0.96563 0.00893521 0.0038167
1 0.607291 0.315841 0.00983116 0.00337838
1 0.415386 0.870605 0.0092568 0.00419842
1 0.237387 0.971409 0.00988413 0.00340821
1 0.847339 0.152826 0.0164599 0.00442006
0 0.872199 0.516528 0.0134754 0.00762367
0 0.40572 0.173304 0.00784242 0.014923
1 0.948458 0.548585 0.0144848 0.00525884
1 0.254909 0.971344 0.0081914 0.00415158
1 0.708245 0.187927 0.00364329 0.00873101
0 0.202123 0.949108 0.00871869 0.015365
1 0.948215 0.714368 0.00324656 0.0102819
1 0.723824 0.227043 0.027118 0.00844182
1 0.643895 0.863776 0.0122319 0.0417831
1 0.372872 0.305612 0.00481083 0.0158088
1 0.516632 0.724007 0.0141796 0.00470602
1 0.948905 0.697264 0.00235104 0.0089409
1 0.862349 0.532878 0.0033787 0.00959446
1 0.446811 0.823006 0.0164925 0.00541593
1 0.446319 0.793018 0.0167829 0.00467113
1 0.918395 0.654014 0.00222422 0.00917453
1 0.856534 0.636426 0.0138359 0.00485073
1 0.547505 0.101554 0.0217983 0.0240282
1 0.541443 0.652976 0.00912569 0.00311592
0 0.935952 0.6305 0.0253525 0.0184297
0 0.360883 0.119677 0.0263777 0.0525909
0 0.928448 0.712608 0.016905 0.0280303
1 0.0196514 0.975509 0.0141203 0.00658298
1 0.452819 0.715183 0.015159 0.00423744
1 0.521302 0.393908 0.00954747 0.00344705
1 0.537346 0.722438 0.00936245 0.00366949
1 0.959881 0.494149 0.0146374 0.00550405
0 0.601874 0.471903 0.00797484 0.0141951
1 0.447278 0.869944 0.0157405 0.00444481
1 0.746845 0.341142 0.00905634 0.00384509
1 0.491823 0.823444 0.0104256 0.00338113
1 0.432602 0.355793 0.00990283 0.00263636
0 0.8045 0.824647 0.00817558 0.0148623
0 0.895673 0.711896 0.0163333 0.0421877
1 0.854753 0.699795 0.00435638 0.0118244
1 0.804187 0.217059 0.0170076 0.00680259
1 0.856189 0.606591 0.0157072 0.00608657
1 0.0190764 0.943951 0.0160927 0.00671731
1 0.601838 0.481087 0.00845587 0.00340309
1 0.839764 0.216231 0.0183875 0.00781918
1 0.516628 0.694444 0.0144146 0.006953
1 0.948412 0.537053 0.0133012 0.00491646
1 0.547943 0.864627 0.0106766 0.0418393
1 0.4736 0.399713 0.00316351 0.00989651
1 0.51141 0.785408 0.00293588 0.0129772
1 0.496634 0.59465 0.00408182 0.0158953
1 0.79398 0.947855 0.00903339 0.00401137
1 0.075321 0.974538 0.0139055 0.00527673
0 0.635727 0.224444 0.0127864 0.0148395
1 0.455213 0.364677 0.0128118 0.0143968
1 0.847226 0.18181 0.0161252 0.00488639
1 0.855437 0.68272 0.00323486 0.01107
1 0.432443 0.324981 0.00996755 0.00407081
1 0.0501184 0.975362 0.01467 0.00635053
1 0.567405 0.987271 0.00947427 0.00360301
1 0.982885 0.606108 0.00982297 0.00334586
1 0.342641 0.305119 0.00652182 0.0129637
1 0.129733 0.433424 0.00714051 0.0025046
1 0.447357 0.574047 0.00837326 0.00273726
1 0.331995 0.119497 0.00301377 0.00895006
1 0.575643 0.464051 0.00962523 0.00414323
1 0.53364 0.987237 0.00914927 0.00379875
1 0.549672 0.104534 0.0253301 0.0281644
1 0.650977 0.863713 0.0123689 0.042906
1 0.62444 0.120214 0.00960766 0.00898276
1 0.543445 0.102291 0.0224249 0.0195329
2 0.157091 0.248459 0.172654 0.139988
1 0.924462 0.579472 0.0155069 0.00653852
1 0.804704 0.197008 0.0158205 0.00614643
1 0.321787 0.273109 0.092065 0.0303648
1 0.819457 0.25334 0.00977682 0.00406545
0 0.362633 0.926692 0.00631833 0.00431893
1 0.372105 0.306168 0.00400443 0.0159569
1 0.725661 0.473479 0.00906829 0.00345368
1 0.135688 0.0405404 0.0148234 0.00611401
1 0.547676 0.872548 0.0100438 0.0243659
1 0.444582 0.163302 0.0210761 0.0250046
1 0.0491619 0.943826 0.0164362 0.00665121
1 0.447069 0.823898 0.0165881 0.00548885
1 0.494335 0.399852 0.00466816 0.00890003
0 0.58367 0.326723 0.0141834 0.0353164
7 0.156912 0.248673 0.17198 0.139002
1 0.431803 0.347263 0.00891223 0.00379922
1 0.322608 0.076421 0.0144937 0.00566052
1 0.501656 0.266177 0.0218817 0.0196046
1 0.505326 0.0985717 0.0162564 0.0210333
1 0.549392 0.101627 0.0166022 0.0272864
1 0.597803 0.109905 0.0105386 0.0104944
0 0.48783 0.35269 0.0163213 0.0259915
1 0.658119 0.987099 0.00902545 0.00393583
1 0.448568 0.160167 0.0256756 0.0270674
1 0.606857 0.286791 0.00842072 0.00409996
1 0.460399 0.148102 0.0240206 0.0274276
1 0.451761 0.15587 0.0251111 0.0269862
2 0.931578 0.19353 0.0482685 0.0486126
1 0.607526 0.203805 0.0240594 0.0235422
1 0.538024 0.0982922 0.0133806 0.0241887
1 0.793804 0.927616 0.00866962 0.00450278
1 0.114114 0.119842 0.0276871 0.0967105
0 0.283088 0.121512 0.0305456 0.0622355
