2 0.748168 0.500632 0.01851 0.0301271
2 0.329447 0.535529 0.0316421 0.0174417
0 0.272382 0.259618 0.0164379 0.00872731
0 0.947329 0.433817 0.0128805 0.0238147
0 0.876044 0.434665 0.0128177 0.0232638
0 0.451339 0.344012 0.00751861 0.0151454
3 0.0795957 0.327583 0.0388312 0.0684851
0 0.590212 0.435971 0.0136931 0.0240844
0 0.698397 0.497034 0.0137291 0.0241589
2 0.738826 0.66939 0.0195578 0.0465591
0 0.896622 0.385409 0.00909374 0.0167926
0 0.753422 0.575755 0.00853717 0.0149144
0 0.472698 0.340255 0.0147894 0.0249225
0 0.637706 0.23697 0.00809848 0.016328
0 0.606642 0.656318 0.00806427 0.0151985
0 0.753185 0.606038 0.00769593 0.0161931
0 0.563837 0.606593 0.0126411 0.0236526
0 0.0332214 0.314432 0.0263091 0.0519133
0 0.597439 0.687515 0.0328774 0.0214242
0 0.774322 0.565511 0.0118398 0.0242403
0 0.881508 0.31398 0.0118429 0.0244157
0 0.909586 0.434467 0.0133945 0.0243003
0 0.548858 0.156657 0.0243335 0.0508979
0 0.807295 0.652498 0.0331657 0.0206139
0 0.638927 0.429926 0.0126649 0.023637
0 0.568212 0.435834 0.0132954 0.0248077
2 0.646782 0.504716 0.0182938 0.0297541
0 0.674018 0.254182 0.00755892 0.0148665
0 0.708209 0.305469 0.00764715 0.0147186
0 0.940916 0.319042 0.0145712 0.0241952
0 0.36193 0.234733 0.00755119 0.0140233
0 0.5831 0.576485 0.00785065 0.0150208
0 0.874785 0.379021 0.0123665 0.0243315
0 0.683391 0.170639 0.00843455 0.0146153
0 0.769224 0.436063 0.0127583 0.0226061
1 0.44567 0.509219 0.0209213 0.0229559
0 0.791561 0.606734 0.0101446 0.0151312
0 0.652741 0.17017 0.00835512 0.0139574
0 0.984248 0.776279 0.0199412 0.0329814
0 0.190295 0.276922 0.00805736 0.0145844
0 0.798987 0.499885 0.0139665 0.02461
0 0.561457 0.561509 0.0114848 0.0239768
2 0.517323 0.503393 0.0177657 0.0296336
2 0.427805 0.530666 0.0444216 0.0185121
2 0.665467 0.666834 0.0196808 0.0440571
0 0.516162 0.114251 0.0133479 0.0242075
0 0.549394 0.472607 0.0252585 0.0147225
1 0.413776 0.50861 0.0196373 0.0230894
0 0.808125 0.684861 0.00907054 0.0157993
0 0.324979 0.240293 0.00779336 0.0147818
0 0.485591 0.121081 0.00741662 0.0145969
1 0.429349 0.550582 0.0200899 0.0199935
0 0.536206 0.56155 0.0150733 0.024474
0 0.772862 0.606261 0.00821848 0.0160756
0 0.975906 0.423973 0.0159464 0.00948452
0 0.157505 0.336966 0.0126541 0.0243853
0 0.281012 0.339409 0.012468 0.0238004
0 0.87652 0.475083 0.0126306 0.0237547
0 0.0889497 0.21946 0.012379 0.0236311
0 0.658356 0.625378 0.0151935 0.00860764
1 0.488594 0.0514983 0.0235099 0.00926912
0 0.917402 0.378963 0.0124275 0.0231448
0 0.839786 0.518773 0.0161252 0.00832667
0 0.863868 0.197973 0.00774108 0.0149207
0 0.483954 0.439682 0.0115967 0.0242021
0 0.617473 0.429907 0.0119284 0.0237279
0 0.581212 0.350218 0.00850515 0.015323
0 0.493337 0.577774 0.00896557 0.0155585
0 0.575853 0.387444 0.00812005 0.0145177
0 0.0430646 0.253941 0.0232972 0.0127186
0 0.119667 0.219483 0.0129913 0.0241312
0 0.488718 0.071357 0.0196525 0.0294894
0 0.745231 0.436221 0.0118291 0.0219458
0 0.665895 0.4329 0.00755516 0.0145575
0 0.463051 0.470805 0.0248766 0.0142678
0 0.125861 0.341851 0.0245464 0.0507937
1 0.984015 0.754298 0.0233843 0.0088536
0 0.728188 0.236799 0.00784827 0.015225
0 0.800808 0.561315 0.0142725 0.0245091
0 0.619825 0.321914 0.00716031 0.0147689
0 0.568995 0.0452853 0.0218984 0.0127387
0 0.508746 0.375998 0.00799764 0.0155214
0 0.204648 0.336866 0.0131114 0.0252144
0 0.52494 0.602804 0.00824678 0.0161527
0 0.256771 0.338525 0.0122184 0.0241982
0 0.603697 0.23698 0.00717582 0.0151129
0 0.551205 0.689053 0.00865867 0.0165789
0 0.831868 0.45891 0.00823293 0.015653
0 0.362268 0.20618 0.00746999 0.0141202
0 0.756907 0.407588 0.0128186 0.00710828
0 0.589652 0.657124 0.00893164 0.0142216
0 0.804497 0.531219 0.025039 0.0110759
0 0.0426935 0.229323 0.0258285 0.0137583
0 0.876423 0.516103 0.0123484 0.023824
2 0.476885 0.667699 0.0196491 0.045679
0 0.145832 0.219486 0.0122916 0.0238527
0 0.946595 0.389793 0.0156032 0.00833518
0 0.546014 0.43572 0.0145178 0.0246145
0 0.5899 0.514669 0.0249612 0.0136728
1 0.498531 0.652065 0.0228214 0.0172686
0 0.906149 0.313969 0.0135469 0.0247153
0 0.345022 0.462028 0.00881229 0.0150624
0 0.534928 0.688931 0.00875879 0.015337
0 0.493206 0.61063 0.00839014 0.0149347
0 0.966864 0.319226 0.013804 0.0243431
0 0.849234 0.4585 0.00994848 0.0156606
0 0.791735 0.684928 0.00799867 0.0142796
0 0.705961 0.23684 0.00744641 0.0153717
0 0.389739 0.553492 0.0148402 0.0245444
0 0.328892 0.461155 0.00808728 0.0146438
1 0.548909 0.125348 0.0283708 0.0120447
2 0.668548 0.58337 0.0697177 0.045304
0 0.696468 0.44099 0.024297 0.0138028
1 0.0323736 0.346907 0.0302062 0.012234
1 0.49863 0.683972 0.0237254 0.0184813
1 0.831929 0.449184 0.00954175 0.0035956
1 0.769408 0.451394 0.0144036 0.0070051
1 0.909644 0.449963 0.0146634 0.00573114
1 0.77376 0.549852 0.0142925 0.00468101
0 0.70523 0.357443 0.00885435 0.0148114
1 0.590448 0.450048 0.0150978 0.00438959
0 0.590293 0.487222 0.0232625 0.0121023
1 0.759809 0.651325 0.022712 0.0170829
1 0.668208 0.625668 0.0036728 0.00967063
1 0.643969 0.68401 0.0213055 0.0195686
1 0.0327458 0.282521 0.0309347 0.0129062
1 0.792107 0.675223 0.00960253 0.00379469
0 0.516811 0.0666713 0.014838 0.0244956
1 0.917518 0.393603 0.0149311 0.0057701
1 0.698469 0.51113 0.0161869 0.00439931
1 0.745491 0.450725 0.0140976 0.00622824
1 0.472655 0.355038 0.0162017 0.00441276
0 0.272412 0.20836 0.00817562 0.0149075
1 0.652811 0.15973 0.00896691 0.00419696
1 0.897119 0.395249 0.0100932 0.00316679
1 0.849118 0.448954 0.0108689 0.00446038
1 0.79125 0.596474 0.0105784 0.00474142
1 0.730539 0.487857 0.0161221 0.00642958
1 0.551577 0.699291 0.0107102 0.00359782
1 0.545754 0.419643 0.0149481 0.00625348
0 0.914593 0.512181 0.0159955 0.00806499
1 0.547868 0.187026 0.0296359 0.0116835
1 0.881703 0.299108 0.0137432 0.0051161
1 0.567517 0.419779 0.0156252 0.00570944
1 0.455605 0.668232 0.0209007 0.0191858
0 0.3081 0.240331 0.00833321 0.0148021
1 0.644083 0.651541 0.0220611 0.0204108
0 0.172244 0.262222 0.00839437 0.0147356
1 0.947526 0.44947 0.0149429 0.00560257
1 0.876248 0.4191 0.0148133 0.00572564
0 0.551166 0.657182 0.00892564 0.0151393
1 0.307579 0.230818 0.0100129 0.00354772
0 0.561732 0.500274 0.00904452 0.0134351
1 0.687443 0.66751 0.0225208 0.0193197
1 0.828538 0.653484 0.00937077 0.0255465
1 0.77292 0.596275 0.00847663 0.00391213
1 0.603958 0.246676 0.00921556 0.00352406
1 0.766346 0.509735 0.01849 0.00710297
1 0.483868 0.424595 0.0144313 0.00532519
1 0.637796 0.246898 0.00998381 0.00319532
1 0.876662 0.448961 0.0149186 0.00481177
0 0.914439 0.487909 0.0152359 0.00787044
1 0.489629 0.0930434 0.0231807 0.0100093
1 0.716949 0.667926 0.0243535 0.018528
1 0.727966 0.246309 0.00920418 0.00315832
1 0.563705 0.620419 0.014644 0.00488225
1 0.876333 0.489313 0.013793 0.00395453
1 0.125577 0.309334 0.0302962 0.0135494
1 0.567803 0.450412 0.0158631 0.00432752
1 0.699042 0.482006 0.0156386 0.0050682
1 0.784797 0.652872 0.00917147 0.0230067
1 0.876539 0.449981 0.0143184 0.00490714
1 0.759445 0.683001 0.0222588 0.020591
1 0.575922 0.687272 0.00737975 0.0234246
1 0.563069 0.591629 0.0141006 0.00499619
1 0.766826 0.487814 0.0175427 0.00672437
1 0.705957 0.246299 0.00958108 0.00279788
1 0.575812 0.378162 0.00738788 0.00299501
1 0.533801 0.47255 0.00529768 0.0159156
1 0.618891 0.687567 0.00875711 0.0236624
1 0.158108 0.321637 0.0148334 0.00594314
0 0.640985 0.358027 0.00861165 0.0150758
1 0.86347 0.207479 0.00889894 0.00301241
1 0.941103 0.333861 0.015702 0.00545633
1 0.730593 0.509787 0.0156308 0.00617243
0 0.562293 0.0736721 0.0083096 0.0153638
1 0.984414 0.79722 0.0243451 0.00803588
1 0.926222 0.512612 0.00528873 0.010063
1 0.534321 0.503272 0.0168069 0.00656841
1 0.0577351 0.229295 0.00422104 0.0151964
0 0.586565 0.259291 0.00799085 0.0153334
1 0.875158 0.363835 0.0150045 0.00517523
1 0.256656 0.323484 0.0139508 0.00493147
1 0.125456 0.372852 0.0303746 0.0117585
1 0.753436 0.566396 0.00898686 0.00493834
1 0.324209 0.230676 0.00929116 0.00415059
1 0.665194 0.504911 0.0173484 0.00675133
1 0.705234 0.34797 0.00893189 0.00362237
1 0.516235 0.128532 0.0154393 0.00413352
1 0.874779 0.394308 0.0158651 0.00591159
1 0.808142 0.675403 0.0105944 0.00350258
1 0.910232 0.418691 0.014741 0.00518089
1 0.340764 0.553413 0.00648589 0.0178994
1 0.713019 0.123941 0.0107813 0.0418771
1 0.947203 0.418855 0.0150053 0.00530384
1 0.582127 0.567218 0.00879238 0.00377943
1 0.281007 0.324059 0.0159095 0.00512511
1 0.604937 0.487152 0.00444175 0.0132588
1 0.5163 0.0985891 0.0171831 0.0050742
1 0.617498 0.588361 0.0298681 0.00759725
1 0.917592 0.363612 0.0146998 0.00509547
1 0.682446 0.160602 0.00951886 0.00396849
1 0.574932 0.514716 0.00380425 0.0163307
1 0.90604 0.298871 0.0147618 0.005149
1 0.666499 0.441826 0.00828383 0.00302612
1 0.0571924 0.253747 0.00537208 0.0154426
1 0.472652 0.325347 0.0167089 0.00487256
1 0.190591 0.285436 0.00774413 0.00323255
1 0.0786301 0.284644 0.028328 0.0122521
1 0.605758 0.51459 0.00580097 0.0164555
1 0.261738 0.259593 0.0033852 0.0102593
1 0.448659 0.470579 0.00406741 0.0162553
1 0.318465 0.517624 0.0058943 0.0167537
1 0.525379 0.612756 0.0101116 0.00408385
0 0.874468 0.0851557 0.00818697 0.0147809
1 0.345553 0.471343 0.00977663 0.00431061
1 0.66467 0.494847 0.0169131 0.0069935
1 0.617891 0.599271 0.029454 0.00705062
1 0.77479 0.580334 0.0141019 0.00528567
1 0.967109 0.333925 0.015778 0.00487722
1 0.767186 0.498449 0.0178568 0.00644756
1 0.542226 0.367897 0.00403245 0.00867249
1 0.545782 0.450974 0.016736 0.00461137
1 0.51638 0.0819335 0.0153571 0.00438934
0 0.53302 0.367664 0.0150011 0.0085659
1 0.534125 0.513266 0.0176839 0.00625585
1 0.966954 0.303288 0.0167532 0.00614298
0 0.570726 0.656946 0.00832461 0.0137362
1 0.50895 0.386552 0.00892924 0.00317489
1 0.619896 0.331247 0.00878737 0.00332141
1 0.580724 0.340725 0.00910449 0.0033922
1 0.561606 0.575924 0.0128796 0.00471878
1 0.56083 0.545807 0.0153084 0.00641394
1 0.493488 0.567741 0.0104448 0.00420717
1 0.157517 0.352778 0.0148192 0.00650609
1 0.87678 0.458056 0.0146107 0.00561673
1 0.589795 0.420236 0.0160641 0.00636811
1 0.61717 0.565915 0.0293218 0.00694462
1 0.682829 0.441324 0.00306608 0.0145649
1 0.145725 0.204917 0.0143332 0.00517604
1 0.551232 0.667139 0.00919686 0.00442317
4 0.111486 0.671301 0.174999 0.182194
1 0.281576 0.354514 0.0152977 0.00491427
1 0.562402 0.0826197 0.00907898 0.00287846
1 0.261339 0.384933 0.0371136 0.0117543
1 0.924492 0.487771 0.00420142 0.00859223
3 0.666552 0.125994 0.0856166 0.0529464
1 0.956434 0.389662 0.0034049 0.00935755
1 0.719745 0.587813 0.028939 0.00743747
1 0.876466 0.501762 0.013848 0.00493944
1 0.719495 0.566115 0.0286038 0.00710966
1 0.640662 0.348676 0.00934169 0.00363075
1 0.719399 0.598998 0.0297292 0.00653576
1 0.257389 0.35363 0.0149078 0.00550145
1 0.618638 0.124088 0.0126892 0.0433086
1 0.493301 0.62018 0.00847613 0.00398161
1 0.205139 0.353016 0.0167282 0.00635147
1 0.571562 0.667446 0.00859282 0.00367186
1 0.72007 0.576907 0.0303155 0.00726687
1 0.340346 0.517181 0.00601631 0.0151171
1 0.0277168 0.229231 0.00402896 0.015971
1 0.53572 0.545384 0.0164161 0.00610852
1 0.1722 0.253335 0.00894875 0.00276958
1 0.617217 0.576375 0.0292891 0.00841216
1 0.0892396 0.20431 0.0144495 0.00606543
1 0.451319 0.354353 0.00952101 0.00468707
1 0.536771 0.575019 0.0155599 0.00413701
1 0.272286 0.199004 0.00886345 0.002953
1 0.800805 0.5759 0.0156252 0.00490645
1 0.534534 0.698814 0.00999163 0.00336813
1 0.906658 0.32958 0.0159979 0.00594974
1 0.586828 0.268523 0.00920155 0.00412434
1 0.663048 0.504356 0.0141473 0.00753212
2 0.666045 0.126017 0.0836844 0.0533256
1 0.881784 0.329612 0.0152094 0.00596368
1 0.119688 0.204705 0.0139129 0.00559383
1 0.986501 0.424093 0.00501226 0.0095339
1 0.503738 0.514113 0.0126047 0.00689481
1 0.478687 0.470523 0.0055622 0.0160497
1 0.493413 0.588111 0.00940492 0.00515528
1 0.586661 0.0031113 0.013936 0.00575601
0 0.451044 0.207798 0.00906113 0.0158679
1 0.940426 0.303155 0.0162714 0.00571667
1 0.752944 0.59793 0.00868569 0.00321391
1 0.581724 0.0457639 0.00311267 0.0138541
1 0.56472 0.472336 0.00461603 0.0152144
1 0.0288134 0.253871 0.00439547 0.0142188
1 0.589853 0.667667 0.00926921 0.0049965
1 0.769422 0.42039 0.0128201 0.00635278
1 0.318405 0.552891 0.00540496 0.0170972
