3 0.150626 0.605325 0.0658275 0.0531709
2 0.30127 0.921982 0.0487039 0.0474291
2 0.1033 0.266775 0.0805784 0.0687861
0 0.552303 0.856649 0.0247892 0.0141439
0 0.542817 0.94166 0.0260026 0.0506225
2 0.12014 0.404765 0.0795542 0.0681645
0 0.628896 0.847043 0.0121901 0.023086
0 0.714252 0.964302 0.0130234 0.0246168
2 0.269127 0.517549 0.0470579 0.0196316
2 0.469686 0.413928 0.0324469 0.0186458
2 0.333578 0.517125 0.047555 0.0201461
0 0.883175 0.192067 0.0229699 0.0134145
0 0.598371 0.846738 0.0123539 0.0236366
0 0.205446 0.382561 0.0390349 0.049528
0 0.635578 0.968811 0.025029 0.0500079
0 0.871983 0.833239 0.00726862 0.0145409
0 0.834684 0.867699 0.00796421 0.0149342
1 0.0566255 0.919159 0.0218258 0.0215457
0 0.655045 0.847166 0.012563 0.0244827
0 0.300526 0.295617 0.0149111 0.00804986
0 0.100322 0.765252 0.0218632 0.0315151
0 0.412972 0.58187 0.0240773 0.0514545
0 0.403157 0.838136 0.00767054 0.0144675
0 0.401051 0.517375 0.0123682 0.0237817
0 0.221636 0.61221 0.0147333 0.023549
0 0.871657 0.861909 0.00762289 0.0146616
0 0.36614 0.486313 0.0225835 0.0119272
0 0.985334 0.059897 0.00798773 0.0146721
2 0.426424 0.313085 0.0185539 0.0454072
0 0.464573 0.830882 0.0131161 0.0237257
0 0.237732 0.809339 0.0205516 0.0345762
0 0.902126 0.00663478 0.0170459 0.00873252
1 0.333345 0.494774 0.019629 0.0240792
0 0.228246 0.312139 0.0506087 0.0379906
0 0.667083 0.964408 0.0126204 0.0239003
1 0.350665 0.538004 0.0214337 0.0219655
0 0.699983 0.904143 0.00730158 0.0145173
0 0.386383 0.396831 0.0201634 0.0333622
0 0.379034 0.517529 0.0139891 0.0242072
1 0.203235 0.524613 0.0401826 0.0205292
0 0.243349 0.978017 0.0123465 0.0249434
1 0.479852 0.431663 0.0103352 0.0157988
0 0.503706 0.586426 0.00743175 0.0148494
0 0.781355 0.886523 0.0164535 0.0091524
2 0.194886 0.689086 0.0190408 0.0461242
0 0.250742 0.612491 0.0126752 0.0242775
1 0.40519 0.311378 0.0224442 0.0195214
2 0.0553315 0.897423 0.0488903 0.018034
1 0.040521 0.876085 0.0205677 0.0226276
1 0.252689 0.538237 0.0198009 0.0213215
1 0.26844 0.495367 0.0211623 0.0226676
0 0.0709563 0.611962 0.0195685 0.0322129
2 0.109233 0.141608 0.106228 0.108414
0 0.0705839 0.764706 0.0210089 0.0322958
0 0.552334 0.881468 0.0250131 0.0129602
0 0.394385 0.440542 0.0332528 0.0209248
0 0.27674 0.297662 0.00815107 0.0162621
3 0.589487 0.956066 0.0382144 0.0674558
1 0.194583 0.605811 0.0197001 0.0424101
0 0.416036 0.397515 0.0202001 0.0333528
1 0.284807 0.539138 0.0196925 0.0200662
1 0.41357 0.614447 0.0282444 0.0115363
1 0.412334 0.551027 0.0304328 0.0124524
0 0.937326 0.192436 0.0238541 0.0127328
0 0.817229 0.867189 0.00785302 0.0159972
0 0.681237 0.889135 0.00798153 0.0140845
0 0.439552 0.448121 0.0134622 0.00676846
1 0.542038 0.910006 0.0315781 0.0119409
1 0.446633 0.327692 0.0225949 0.0202743
1 0.237836 0.787879 0.0240921 0.00951648
1 0.203453 0.436189 0.0416104 0.0219756
0 0.981566 0.967982 0.0148455 0.0244996
0 0.130424 0.764593 0.0214374 0.0314697
1 0.215789 0.704205 0.0233591 0.0201948
0 0.322851 0.318209 0.00816501 0.0149759
0 0.235557 0.849317 0.0247554 0.0133509
0 0.790793 0.965625 0.0141398 0.0251007
0 0.0982141 0.719091 0.0095274 0.0147928
1 0.0918283 0.317327 0.0137786 0.0322921
0 0.344554 0.0234863 0.0140964 0.0250374
1 0.197211 0.311225 0.0132438 0.0488287
1 0.414943 0.376163 0.0246541 0.00925908
0 0.250773 0.698508 0.0154482 0.024162
1 0.0727948 0.875883 0.0193437 0.0229237
0 0.109065 0.876095 0.0121083 0.0242165
1 0.0703566 0.589875 0.0238982 0.00985142
0 0.249002 0.876929 0.0250169 0.0136647
1 0.714271 0.979865 0.0173789 0.00615417
1 0.317308 0.537929 0.0191103 0.0200353
1 0.251084 0.596739 0.0147532 0.00530862
1 0.446864 0.295125 0.0218994 0.0183323
0 0.686888 0.357214 0.00792575 0.0146574
1 0.598421 0.861833 0.0150957 0.005425
2 0.315851 0.183137 0.148186 0.161192
1 0.215352 0.67157 0.0211944 0.0211175
1 0.63517 0.937447 0.0300739 0.0121543
0 0.538149 0.412906 0.00851834 0.0145662
1 0.0698443 0.784652 0.0257953 0.00736237
1 0.386399 0.41677 0.0248023 0.00775218
1 0.104098 0.605804 0.0223772 0.0400973
1 0.542363 0.974041 0.0316026 0.0117655
1 0.714273 0.948894 0.0153904 0.00488219
1 0.464706 0.816162 0.015509 0.0046251
0 0.25638 0.366907 0.0123541 0.0241022
0 0.767416 0.966079 0.0141996 0.0245343
1 0.629015 0.861803 0.0154196 0.00491239
0 0.439247 0.422205 0.00739373 0.0145229
1 0.237231 0.83111 0.0240469 0.0081016
2 0.901355 0.093904 0.109113 0.101156
2 0.735766 0.134364 0.171946 0.138496
0 0.406652 0.774582 0.00849427 0.0143273
1 0.667344 0.949638 0.0137901 0.00468995
1 0.401847 0.503405 0.0148343 0.00472285
1 0.66692 0.979724 0.0146675 0.00583724
1 0.205304 0.351782 0.0496398 0.0144809
1 0.0710469 0.317102 0.0150624 0.0312753
1 0.654513 0.831758 0.0157288 0.00470371
0 0.507116 0.540542 0.00824165 0.0152453
1 0.114197 0.317504 0.0131843 0.0322842
1 0.0302484 0.181061 0.0565189 0.0277735
1 0.416445 0.418114 0.0236028 0.00652416
1 0.790927 0.981249 0.014758 0.00526691
1 0.243378 0.96308 0.013695 0.00487306
3 0.203199 0.480438 0.0547011 0.0677211
1 0.108511 0.861802 0.0145618 0.00456807
1 0.100711 0.78431 0.0247867 0.00647041
1 0.449287 0.448697 0.00323618 0.00759637
0 0.381802 0.464971 0.0169561 0.00913976
1 0.76664 0.980487 0.0160387 0.00452592
1 0.130112 0.743174 0.0250438 0.00854467
1 0.13123 0.784449 0.0239334 0.00681768
1 0.385998 0.375995 0.0247605 0.00764084
0 0.70854 0.328889 0.00730033 0.0132492
1 0.0700833 0.743704 0.0249573 0.00722122
1 0.25032 0.627624 0.0162227 0.00543519
1 0.107334 0.453235 0.0126787 0.0298643
0 0.960415 0.972018 0.0080225 0.0146141
1 0.100596 0.744022 0.0248507 0.00777435
1 0.17714 0.140732 0.0345071 0.0918761
1 0.379159 0.502451 0.0161263 0.00499
1 0.464498 0.845893 0.0150111 0.00522851
1 0.0713879 0.633102 0.0236251 0.00940304
1 0.205421 0.414642 0.047379 0.014559
1 0.258888 0.31241 0.0121192 0.0490731
1 0.373157 0.44051 0.00752271 0.0255208
0 0.35057 0.295396 0.0245296 0.0187416
1 0.415857 0.439842 0.00763774 0.0228642
1 0.322786 0.308491 0.00952126 0.00324599
1 0.0858908 0.453444 0.0141987 0.0313088
1 0.566352 0.856767 0.00353529 0.0159621
1 0.871997 0.871009 0.0091367 0.0025157
1 0.050145 0.142061 0.0166396 0.015621
1 0.107723 0.34761 0.0140526 0.00723267
1 0.597996 0.831902 0.0144523 0.00472022
1 0.439939 0.432808 0.00970018 0.00315219
1 0.129589 0.451495 0.0121121 0.0261105
1 0.371561 0.464615 0.00348491 0.00959409
1 0.68734 0.347979 0.00919911 0.00356068
1 0.778234 0.0330131 0.0272842 0.0660262
1 0.700134 0.894775 0.0101133 0.0036628
1 0.901611 0.0351225 0.0163042 0.0169441
1 0.250828 0.713686 0.0195977 0.00596925
1 0.150935 0.452755 0.0160405 0.0332457
1 0.135341 0.317127 0.0138884 0.0322621
1 0.56582 0.88182 0.00331235 0.014492
1 0.172501 0.687881 0.0235214 0.0231194
1 0.457943 0.395191 0.00549823 0.0171146
1 0.403247 0.847772 0.00927991 0.00343129
0 0.781786 0.835359 0.00797072 0.0136113
1 0.985332 0.0509294 0.00896741 0.00299388
0 0.941833 0.0190698 0.0256552 0.0381397
1 0.435329 0.227535 0.0872154 0.0286021
1 0.12985 0.453147 0.0154502 0.0333811
1 0.655231 0.862058 0.0154269 0.00465606
1 0.378976 0.533599 0.0151463 0.00543119
1 0.588712 0.911243 0.0288866 0.00963993
1 0.458545 0.431532 0.00547378 0.0156673
1 0.790874 0.949161 0.0150557 0.0059862
1 0.407011 0.784135 0.00970365 0.00370094
0 0.332747 0.378866 0.011056 0.0142375
0 0.312798 0.378427 0.0107004 0.0135007
1 0.871893 0.822727 0.00852272 0.00439478
1 0.340054 0.903805 0.0274909 0.00544107
0 0.46736 0.360818 0.0066972 0.014339
1 0.379389 0.486527 0.00329477 0.0139279
1 0.339083 0.911507 0.0232158 0.00568828
1 0.0301714 0.102878 0.0543139 0.0258454
1 0.588389 0.995624 0.0306345 0.00821923
1 0.250584 0.68332 0.0134747 0.00374341
1 0.869285 0.192297 0.0045221 0.013337
1 0.219059 0.136722 0.0350749 0.0838682
1 0.629098 0.83227 0.0150185 0.00503052
1 0.681533 0.879982 0.00827502 0.0036511
1 0.399901 0.182018 0.024923 0.0177778
1 0.792163 0.886669 0.00333048 0.00865073
1 0.536574 0.856704 0.00486993 0.0161138
1 0.458474 0.398191 0.00651284 0.014146
1 0.244198 0.994791 0.0162039 0.00614679
1 0.536607 0.881898 0.00461103 0.0141566
1 0.691204 0.0333323 0.0286634 0.0666646
0 0.274962 0.0056881 0.0169973 0.0113762
1 0.263532 0.877065 0.00453402 0.015327
1 0.308963 0.29537 0.00281953 0.00842992
1 0.834547 0.877624 0.00895384 0.00420905
1 0.56382 0.759565 0.0268256 0.00667835
0 0.524453 0.212125 0.00821661 0.0141633
1 0.537758 0.403623 0.00973342 0.00370598
1 0.0864229 0.347671 0.014773 0.0068743
1 0.562971 0.521034 0.0274331 0.00576757
1 0.222013 0.627079 0.0183736 0.00524477
1 0.220904 0.84968 0.00425989 0.0157988
2 0.202898 0.480051 0.0536034 0.067793
1 0.562635 0.529822 0.0276291 0.00585387
5 0.750271 0.600524 0.347081 0.345914
1 0.561804 0.478555 0.0291431 0.00617309
1 0.562774 0.716925 0.0273652 0.00574375
1 0.222019 0.59763 0.0156013 0.00490539
1 0.615194 0.426882 0.00580741 0.0286763
1 0.0980748 0.729088 0.0108864 0.00557065
1 0.767586 0.949616 0.0146923 0.00611877
1 0.771053 0.886569 0.00410505 0.0115211
1 0.562438 0.66579 0.0287158 0.00614879
1 0.458536 0.428864 0.00810339 0.0140693
1 0.562268 0.623282 0.0288603 0.00568459
1 0.598441 0.427023 0.00506448 0.0284332
1 0.150547 0.347778 0.0141638 0.00795668
0 0.861116 0.0192544 0.0287541 0.0385089
1 0.735853 0.0285582 0.022676 0.00524669
1 0.635008 0.996882 0.0272247 0.00584111
1 0.339539 0.920137 0.0241199 0.00636191
0 0.736612 0.0484873 0.0190272 0.0322799
1 0.1301 0.346827 0.0155868 0.00731356
1 0.56185 0.487366 0.028795 0.00594746
1 0.109728 0.891998 0.0142863 0.00585162
1 0.0471145 0.37039 0.0202336 0.0212889
1 0.0927002 0.21095 0.0164392 0.00810046
1 0.736011 0.0487988 0.0193113 0.0345614
1 0.900588 0.161849 0.0923021 0.0331702
1 0.562953 0.708381 0.0275035 0.00578252
1 0.899965 0.165935 0.0909867 0.0235307
1 0.562109 0.495951 0.0285013 0.0060855
1 0.525031 0.221738 0.00793863 0.00334552
1 0.606712 0.426969 0.00500438 0.0287198
1 0.941177 0.0216462 0.0252277 0.0432924
1 0.562632 0.614721 0.0287781 0.00554995
1 0.562422 0.674231 0.0281249 0.00610233
1 0.479948 0.395618 0.00616837 0.0195707
1 0.600368 0.831718 0.0136471 0.0054412
1 0.598011 0.79445 0.00565144 0.0268764
1 0.562462 0.512777 0.0284688 0.0059948
