2 0.748276 0.499941 0.0187883 0.0282265
2 0.329625 0.535292 0.033281 0.0181773
0 0.75408 0.57562 0.00868238 0.0145108
0 0.674491 0.253738 0.00839115 0.0155851
0 0.472108 0.340398 0.0150206 0.0249829
0 0.598255 0.687695 0.0329285 0.0213956
2 0.740223 0.667805 0.0195194 0.0467611
0 0.876815 0.434211 0.0126133 0.0235991
0 0.754093 0.60551 0.00826407 0.0162888
0 0.637853 0.236935 0.0080215 0.0157934
0 0.486024 0.120744 0.00723201 0.0143271
0 0.5898 0.435999 0.0127628 0.0225357
0 0.897611 0.384652 0.00942874 0.0183758
0 0.58371 0.576535 0.00779943 0.0148981
0 0.0335941 0.314093 0.0261043 0.0506221
0 0.864378 0.19745 0.0078387 0.0146961
0 0.517386 0.114717 0.0140755 0.0244412
2 0.429492 0.529561 0.0432158 0.0192945
0 0.792017 0.606139 0.00949215 0.0158861
0 0.563714 0.606227 0.0120757 0.0238479
0 0.639067 0.429882 0.0123797 0.0235058
2 0.648761 0.505238 0.0167067 0.0282153
0 0.158226 0.336818 0.0125999 0.0241802
0 0.88201 0.313285 0.0121276 0.0236533
0 0.126987 0.34137 0.0245852 0.0509786
3 0.080577 0.328 0.0365804 0.0675254
0 0.708348 0.30548 0.00825094 0.0155418
0 0.775007 0.56515 0.0117616 0.0240314
0 0.325766 0.239936 0.00764634 0.0147621
0 0.606568 0.656766 0.00809479 0.0148475
0 0.61776 0.429837 0.0118971 0.0238891
0 0.840528 0.518473 0.0163682 0.00819219
0 0.699068 0.497954 0.0142932 0.0245899
0 0.746411 0.436071 0.0119394 0.0220704
0 0.549048 0.156765 0.0237851 0.0509097
0 0.682906 0.171179 0.00776241 0.0147302
0 0.798856 0.499493 0.013757 0.0243306
0 0.451274 0.344026 0.00787616 0.0148219
0 0.489074 0.0718245 0.0194665 0.0295971
0 0.562531 0.561297 0.0127208 0.0229107
0 0.551451 0.68845 0.00904946 0.0144835
0 0.568325 0.436279 0.0124015 0.0240739
0 0.833541 0.458753 0.0085321 0.0162405
0 0.941486 0.31852 0.013981 0.0246249
0 0.917749 0.378192 0.0124245 0.0239944
0 0.205363 0.336754 0.0126771 0.0249362
1 0.429245 0.54998 0.0205646 0.0210795
1 0.48902 0.0515554 0.0235295 0.00989374
0 0.190514 0.276779 0.00805645 0.0142552
0 0.698364 0.440904 0.0250864 0.0136979
0 0.910044 0.433835 0.013381 0.023321
0 0.79207 0.684754 0.00777054 0.0145345
0 0.948225 0.43421 0.0120897 0.0233259
0 0.80745 0.653281 0.0338262 0.0210169
0 0.536656 0.561409 0.0145461 0.0245601
0 0.808987 0.684523 0.00927378 0.0156308
0 0.547386 0.435977 0.0148644 0.0242039
0 0.772983 0.606167 0.00866956 0.0162015
0 0.329229 0.460968 0.00832211 0.0154029
2 0.665922 0.667094 0.0192409 0.0443881
0 0.120033 0.219849 0.0129422 0.024436
0 0.758772 0.407401 0.014482 0.00802006
1 0.446061 0.508385 0.0192173 0.0226467
0 0.27343 0.25838 0.0180137 0.00889873
1 0.414031 0.508422 0.0186669 0.0219899
0 0.548833 0.472724 0.0253332 0.0146434
0 0.975922 0.423947 0.0138551 0.00797444
0 0.345757 0.461185 0.00840056 0.0147654
0 0.484494 0.439061 0.0127076 0.0242554
0 0.589878 0.657053 0.00865774 0.0157409
0 0.362695 0.233903 0.00801211 0.0145491
0 0.0430993 0.229356 0.0253943 0.0136428
0 0.0895048 0.219502 0.012227 0.0241294
0 0.875708 0.378544 0.0122906 0.0243657
0 0.877339 0.474983 0.012873 0.0234286
0 0.569842 0.0455402 0.0221885 0.0124191
0 0.651826 0.170391 0.00856637 0.0138862
0 0.581935 0.349865 0.00875592 0.0156839
0 0.80102 0.561797 0.0150917 0.0244192
2 0.477378 0.667834 0.019046 0.0441337
0 0.728399 0.23703 0.00856662 0.0155458
0 0.877014 0.515954 0.0123412 0.0240843
0 0.604325 0.236965 0.00730858 0.0149524
0 0.590616 0.514215 0.0251674 0.014349
0 0.464211 0.469329 0.0244051 0.0133374
1 0.0330721 0.282786 0.0316249 0.0126852
1 0.125901 0.309427 0.0295626 0.0125014
0 0.281656 0.339035 0.0127544 0.0239817
0 0.0432989 0.253621 0.0232912 0.0122137
0 0.30825 0.239831 0.008026 0.0148571
0 0.390081 0.553105 0.0148861 0.0243897
0 0.769774 0.435615 0.012402 0.0225016
1 0.876671 0.449636 0.01393 0.00494419
0 0.620609 0.321821 0.00731803 0.014836
0 0.658421 0.624974 0.0150368 0.00820948
1 0.307785 0.230122 0.0105545 0.00394019
0 0.59113 0.485858 0.0248404 0.0126048
0 0.508809 0.376066 0.00777804 0.0153336
0 0.576143 0.387141 0.00828027 0.0142962
1 0.0342538 0.346092 0.0299368 0.0116399
0 0.967234 0.319022 0.0147857 0.0243075
1 0.87703 0.448481 0.0150457 0.00496111
0 0.906499 0.313176 0.0126939 0.0239812
0 0.665387 0.43277 0.00761914 0.014622
0 0.705612 0.236651 0.00775315 0.0157852
1 0.699294 0.512453 0.016194 0.00412581
0 0.914681 0.511857 0.0153472 0.00802947
0 0.493358 0.610774 0.00854824 0.0152585
0 0.849556 0.458497 0.00953537 0.0160052
0 0.146174 0.219398 0.0121794 0.0238985
1 0.549126 0.125523 0.0278969 0.0118418
1 0.941507 0.334238 0.0162026 0.0063889
1 0.769795 0.450785 0.0143267 0.00691401
0 0.363236 0.204944 0.00708145 0.0139694
0 0.517454 0.0669144 0.0140996 0.0248277
1 0.849558 0.448959 0.0106748 0.00396966
0 0.534987 0.688558 0.00865292 0.014911
1 0.535137 0.513457 0.0160783 0.00787832
0 0.258526 0.338374 0.012939 0.0232206
0 0.806 0.530151 0.0245952 0.0118355
1 0.730819 0.509773 0.0150585 0.00594471
1 0.637872 0.246484 0.0100565 0.00323779
1 0.746494 0.450421 0.0153811 0.00643946
1 0.64479 0.651217 0.0230864 0.0201757
2 0.517543 0.503491 0.0186615 0.0304037
0 0.914633 0.486571 0.0150838 0.00800777
1 0.792046 0.675326 0.00979051 0.00315626
1 0.589918 0.449377 0.0145516 0.00451791
1 0.76009 0.651087 0.0226902 0.0181232
1 0.774474 0.54975 0.0145835 0.00485423
1 0.472426 0.355235 0.0157642 0.00514753
0 0.525587 0.601395 0.00789964 0.0157882
1 0.499218 0.684285 0.023618 0.0182237
1 0.766533 0.509855 0.0174606 0.00641988
1 0.832753 0.448542 0.00932456 0.00382389
1 0.604453 0.246396 0.00917366 0.00345713
1 0.785428 0.652999 0.00956845 0.0233264
1 0.48978 0.0929942 0.0227245 0.00914519
1 0.517276 0.129157 0.0157881 0.00444447
2 0.668586 0.583027 0.0696389 0.0456019
1 0.829114 0.653418 0.00839802 0.0250674
1 0.498879 0.652022 0.0228296 0.0173821
0 0.586896 0.259395 0.0078267 0.0143762
1 0.668425 0.625433 0.00351146 0.00942812
1 0.728258 0.246619 0.00962948 0.00329258
1 0.705807 0.246277 0.00939135 0.00334973
0 0.706392 0.356915 0.00876092 0.0154446
4 0.11465 0.664731 0.176476 0.176529
1 0.877222 0.48872 0.0145965 0.00452398
1 0.717549 0.667912 0.0252407 0.0197134
1 0.753766 0.565841 0.00930667 0.00438215
1 0.918098 0.393374 0.0155111 0.00600483
1 0.666352 0.504579 0.0159476 0.00614022
0 0.493947 0.577474 0.00909696 0.013276
1 0.875964 0.36322 0.0148552 0.00533248
1 0.875929 0.394674 0.0167288 0.00695741
1 0.576234 0.377861 0.0075541 0.00318052
1 0.7061 0.34712 0.00903727 0.00378818
1 0.948095 0.448709 0.0148743 0.00555908
1 0.876881 0.48947 0.01366 0.00452007
0 0.272785 0.208731 0.00838126 0.0157474
1 0.767793 0.488453 0.0173112 0.00727703
1 0.547881 0.187373 0.0293936 0.0110389
0 0.552235 0.656733 0.00852897 0.014928
1 0.619916 0.687524 0.00837376 0.0235734
1 0.472205 0.325172 0.0164609 0.0044303
1 0.533175 0.472584 0.00541399 0.0153772
1 0.484567 0.424055 0.0152074 0.00541377
3 0.666195 0.125907 0.082093 0.0529392
1 0.341178 0.553213 0.00661397 0.0173979
1 0.567906 0.450313 0.0145594 0.00413144
0 0.56232 0.0735855 0.008356 0.0156053
1 0.563908 0.620062 0.0145135 0.00509356
0 0.533538 0.366929 0.0157928 0.00836622
1 0.864073 0.207168 0.00914671 0.00318271
0 0.571121 0.656944 0.008676 0.0143463
1 0.65158 0.159868 0.00899875 0.0039888
1 0.910157 0.448786 0.0157081 0.00448658
1 0.581784 0.340025 0.00921856 0.00421143
1 0.158787 0.321856 0.0138269 0.00549782
1 0.967106 0.334198 0.0166961 0.00568318
0 0.172245 0.262129 0.00830025 0.0148876
1 0.9178 0.36322 0.014571 0.00477078
1 0.456593 0.66799 0.0218373 0.0195211
1 0.56339 0.591203 0.0144531 0.00437471
1 0.450015 0.469102 0.00469108 0.0160121
1 0.643973 0.684181 0.0217523 0.0196574
1 0.605676 0.486387 0.00389243 0.0145894
1 0.620673 0.331381 0.00918391 0.0037486
1 0.66579 0.495137 0.0170784 0.00763049
1 0.665669 0.441579 0.00877799 0.00318336
1 0.535328 0.503567 0.0157902 0.00619816
1 0.898088 0.395213 0.0101397 0.00377195
1 0.925562 0.486952 0.00388048 0.00882984
1 0.687698 0.667924 0.0232732 0.018069
0 0.640891 0.357513 0.00881889 0.0153819
1 0.542209 0.367633 0.00359607 0.00885451
1 0.730426 0.487681 0.0161679 0.0060755
1 0.51726 0.08154 0.0145283 0.00429028
1 0.499287 0.503918 0.0157241 0.0055456
1 0.61838 0.59931 0.0295744 0.00718426
1 0.191079 0.284972 0.00719161 0.00338876
1 0.926152 0.511734 0.00463761 0.00925708
1 0.87694 0.419273 0.0148764 0.00523226
1 0.0576652 0.229359 0.00401817 0.0151756
1 0.262858 0.258645 0.00397229 0.010062
1 0.882373 0.298524 0.0146842 0.00574471
1 0.125763 0.372672 0.0310728 0.0113037
1 0.714028 0.123268 0.0120309 0.0405551
1 0.551603 0.698481 0.0104532 0.00382527
1 0.768938 0.408034 0.00408041 0.0080875
1 0.571819 0.667321 0.00876955 0.00346062
1 0.767354 0.497438 0.0172768 0.00643002
1 0.618024 0.588274 0.0301263 0.00762339
1 0.760217 0.683133 0.022724 0.0204683
1 0.617523 0.566162 0.0294455 0.00647429
1 0.698991 0.48249 0.0158703 0.00540643
1 0.605998 0.513836 0.00556683 0.0156327
1 0.479145 0.469344 0.00454474 0.0158639
1 0.640677 0.347884 0.0092659 0.0037949
1 0.683634 0.440981 0.00339864 0.0145375
1 0.948149 0.419287 0.0147858 0.00488638
1 0.574806 0.514204 0.00395465 0.0164583
1 0.499241 0.513112 0.0163593 0.00711788
1 0.71999 0.587908 0.0289875 0.00661919
1 0.330426 0.517486 0.00611186 0.0167422
0 0.946284 0.388532 0.0142226 0.00822189
1 0.80906 0.675097 0.0105925 0.00347369
1 0.0796014 0.283558 0.028228 0.0115693
1 0.325177 0.230975 0.00878134 0.00357404
1 0.719498 0.598931 0.0290821 0.00636123
1 0.547602 0.45058 0.016706 0.004389
1 0.552189 0.666972 0.00889418 0.00481465
1 0.720447 0.566301 0.0302148 0.00677009
1 0.257637 0.353516 0.0137323 0.00567342
1 0.284142 0.259818 0.0037889 0.0101131
1 0.261623 0.384497 0.0382761 0.0113609
1 0.340811 0.517726 0.00528886 0.0163644
1 0.773129 0.596644 0.00872202 0.00361083
1 0.638318 0.158024 0.00897861 0.00948862
1 0.617937 0.576972 0.0292946 0.00782276
1 0.764997 0.488647 0.013129 0.00676931
0 0.561904 0.500074 0.00833536 0.0125287
1 0.720553 0.576999 0.0307854 0.00712216
1 0.536756 0.575785 0.0170765 0.00415496
1 0.58273 0.567122 0.00862766 0.00354886
1 0.501831 0.514022 0.0149507 0.00787485
0 0.874918 0.084102 0.00848314 0.0143673
1 0.562423 0.0827155 0.00956563 0.00333133
1 0.576859 0.687239 0.00765628 0.0232883
1 0.708615 0.315034 0.00944269 0.00412166
1 0.157882 0.352719 0.0143875 0.00676124
1 0.775123 0.580268 0.0136633 0.00499575
1 0.493479 0.620178 0.00927766 0.00367212
1 0.906838 0.298866 0.0134818 0.00480474
1 0.205197 0.352904 0.0157349 0.00647235
1 0.0572241 0.253886 0.00456407 0.0143586
1 0.713265 0.440973 0.00478413 0.0150433
1 0.27263 0.198803 0.00949369 0.00305593
1 0.389803 0.567668 0.0155152 0.00445938
1 0.120218 0.204431 0.0145029 0.00594627
1 0.941334 0.302869 0.0147544 0.00503418
1 0.282067 0.323135 0.0148972 0.00594036
1 0.617905 0.13189 0.0101231 0.0241115
1 0.318723 0.516667 0.00656181 0.0161689
1 0.486194 0.129247 0.00787722 0.00345319
1 0.630042 0.505036 0.0183795 0.00590206
1 0.281824 0.355599 0.0163201 0.00478857
1 0.63708 0.517919 0.0112477 0.00510144
1 0.56213 0.54605 0.0158808 0.00700616
1 0.618375 0.123692 0.0119121 0.0411523
1 0.172361 0.253366 0.00915097 0.0031935
1 0.6826 0.161124 0.00832292 0.00390753
1 0.0283148 0.228995 0.00436584 0.0154309
1 0.562541 0.575711 0.0128999 0.00449202
1 0.91068 0.419551 0.0140383 0.00494594
1 0.907106 0.329405 0.0153258 0.00612481
1 0.318399 0.554901 0.0058989 0.0151646
1 0.590019 0.667345 0.00966738 0.00489976
1 0.145692 0.204954 0.0146633 0.00504799
1 0.0172166 0.666148 0.0209774 0.0255231
1 0.509118 0.386699 0.00830888 0.00321748
1 0.262209 0.503927 0.0391903 0.0128615
1 0.792259 0.597047 0.0101805 0.0031238
1 0.575377 0.485911 0.00457101 0.0143118
1 0.362626 0.223743 0.00951101 0.00419295
1 0.699978 0.51174 0.0162142 0.00382661
1 0.534742 0.698955 0.00952674 0.00350689
1 0.634147 0.505702 0.0120985 0.00700472
1 0.792826 0.52987 0.00218294 0.0129404
1 0.636388 0.494404 0.010705 0.00605036
0 0.0139298 0.241411 0.00776058 0.0147
1 0.494558 0.567657 0.0103917 0.00432718
1 0.546858 0.42028 0.0149357 0.00582504
1 0.282677 0.354992 0.0146886 0.00462566
1 0.552953 0.0461478 0.00543075 0.0138331
1 0.745571 0.420641 0.0125118 0.00650453
1 0.581693 0.044961 0.00267004 0.0140112
1 0.516334 0.052496 0.0180947 0.0056639
1 0.346092 0.471042 0.00958264 0.00477428
