0 0.3013 0.121056 0.0480577 0.0298899
0 0.300197 0.274523 0.0477189 0.0302617
0 0.457741 0.0788205 0.0296206 0.048019
2 0.438781 0.454256 0.0310497 0.0476415
2 0.301202 0.196735 0.0693564 0.0367436
0 0.0193651 0.940426 0.0271939 0.0152764
0 0.906566 0.334292 0.0243242 0.013807
0 0.14421 0.868467 0.0142838 0.0245883
0 0.830617 0.0689531 0.0253033 0.0130079
2 0.81947 0.594997 0.044363 0.0299656
0 0.907437 0.216915 0.0244453 0.0132232
0 0.8427 0.173771 0.0246501 0.0136438
0 0.858225 0.231621 0.0245207 0.0137362
2 0.160299 0.0187812 0.0478313 0.0290682
2 0.267582 0.543079 0.0486553 0.0307041
0 0.910573 0.304753 0.0249679 0.0140566
0 0.264869 0.689133 0.0281919 0.0466384
0 0.909907 0.127761 0.0245621 0.0132483
0 0.895127 0.0820301 0.0125736 0.024716
0 0.0578854 0.0645057 0.0248952 0.0126827
0 0.987859 0.951364 0.0136077 0.0248214
0 0.11466 0.0320551 0.0130358 0.022885
1 0.457576 0.0466014 0.0308497 0.0146954
0 0.130924 0.928462 0.0141139 0.0253
0 0.106627 0.810235 0.023896 0.0125413
0 0.845543 0.318999 0.0250466 0.013713
0 0.901003 0.180022 0.025213 0.0126907
0 0.157806 0.109851 0.0243532 0.0138758
1 0.269713 0.121206 0.0138001 0.0312717
0 0.683112 0.133877 0.0134223 0.024378
0 0.107088 0.835254 0.0251011 0.0132512
0 0.878683 0.828468 0.0373137 0.018383
0 0.0951011 0.109624 0.0239009 0.0134431
0 0.20301 0.317232 0.0129029 0.00807584
1 0.177157 0.0442142 0.0192946 0.0232196
0 0.370308 0.478652 0.0247176 0.0137271
1 0.331765 0.120762 0.0122403 0.0323703
0 0.857737 0.260641 0.0253999 0.014735
0 0.070289 0.773685 0.0121753 0.0237299
0 0.244135 0.880433 0.0243076 0.0128031
1 0.269201 0.273672 0.0131788 0.0324237
1 0.458172 0.10953 0.0313899 0.0122743
0 0.0698885 0.349096 0.013962 0.0237905
1 0.331793 0.274372 0.0147048 0.0321778
0 0.38592 0.946401 0.0234587 0.0115976
0 0.404121 0.738911 0.024544 0.0132343
0 0.20744 0.18677 0.0145445 0.0250151
1 0.987901 0.967936 0.0153835 0.00826882
1 0.803955 0.619079 0.0191508 0.0227677
0 0.782814 0.0945547 0.0249039 0.0141933
0 0.340934 0.958039 0.0120975 0.0237699
0 0.953011 0.631413 0.0236882 0.0131817
0 0.93964 0.47913 0.0137458 0.0255114
0 0.83202 0.743197 0.0189078 0.0375815
1 0.264785 0.718708 0.0317532 0.0128737
3 0.164373 0.690245 0.0392293 0.0945264
0 0.114572 0.386101 0.0259319 0.0131145
1 0.988184 0.935079 0.0160172 0.00575638
1 0.836728 0.619794 0.0200439 0.0225079
2 0.119485 0.222191 0.124789 0.108879
1 0.143858 0.853954 0.0143271 0.00556195
0 0.229945 0.694934 0.0130941 0.0240702
0 0.103286 0.347921 0.0123082 0.0203218
0 0.12271 0.655577 0.00708799 0.0130615
1 0.421594 0.779133 0.0153631 0.013597
1 0.123034 0.835222 0.00638276 0.014939
2 0.404084 0.780346 0.0177975 0.0372685
0 0.392944 0.702781 0.013844 0.0232903
0 0.456771 0.911533 0.049653 0.0330108
1 0.143923 0.0447883 0.0187294 0.0203241
1 0.901267 0.828049 0.0075364 0.019448
1 0.276655 0.228806 0.0140299 0.0263055
2 0.895411 0.531875 0.0283925 0.0483067
2 0.331209 0.731413 0.068405 0.035234
0 0.161863 0.350623 0.0248089 0.0124926
1 0.871756 0.515567 0.0190819 0.0183187
1 0.114064 0.0178117 0.0139947 0.00578471
1 0.952787 0.668733 0.0237771 0.0134073
1 0.26496 0.657583 0.030598 0.0119503
0 0.804693 0.690938 0.038913 0.0225241
1 0.871461 0.548593 0.0190651 0.0175548
1 0.894832 0.0967933 0.0145828 0.00512258
2 0.57373 0.0611507 0.0556624 0.101983
1 0.819847 0.568244 0.0212731 0.024475
1 0.340654 0.972817 0.0137637 0.00611483
1 0.925462 0.12794 0.00517823 0.0145912
1 0.043235 0.0646488 0.00514746 0.0149286
1 0.885377 0.180143 0.00596431 0.014293
1 0.831306 0.719594 0.0214932 0.00756742
1 0.0366649 0.940312 0.00583235 0.0167184
1 0.0699954 0.364046 0.0134957 0.00494957
1 0.12188 0.810442 0.00446448 0.0132132
1 0.925308 0.304692 0.00607788 0.0148477
1 0.0736413 0.0649789 0.0051132 0.0139519
1 0.142801 0.109495 0.00550967 0.0148441
0 0.667364 0.0219783 0.0144322 0.00761338
1 0.163625 0.750091 0.0406974 0.0110781
1 0.683674 0.14986 0.0136884 0.00670597
1 0.815197 0.0687037 0.00502039 0.0144044
1 0.676936 0.0221718 0.00428153 0.00906882
1 0.103018 0.361944 0.0136638 0.00568343
1 0.373928 0.234654 0.0120323 0.0199632
1 0.0911522 0.834862 0.00595369 0.0137855
1 0.268767 0.516602 0.00925958 0.0210246
1 0.325506 0.226899 0.0130542 0.0221438
1 0.425321 0.911501 0.0111679 0.0318692
1 0.855681 0.82945 0.00785946 0.0218673
1 0.922728 0.531875 0.0240259 0.0191801
1 0.682725 0.119377 0.0132394 0.00539226
0 0.224347 0.0320233 0.0131906 0.0240993
1 0.23148 0.880689 0.00462559 0.0120533
1 0.354958 0.478577 0.00625326 0.0133159
1 0.92063 0.0901618 0.00859508 0.0046533
1 0.326342 0.234555 0.0125908 0.0166382
1 0.846443 0.0690491 0.00540699 0.0145856
1 0.857089 0.173683 0.00462754 0.0136869
1 0.939526 0.463876 0.0129423 0.00517679
1 0.893085 0.215786 0.0044248 0.0144434
1 0.846931 0.659938 0.00762402 0.019803
0 0.920579 0.0804473 0.00792957 0.0117308
1 0.418582 0.739404 0.00351274 0.0132134
1 0.872895 0.231774 0.00505948 0.0148183
1 0.0285677 0.65392 0.0119739 0.00575782
3 0.981843 0.669764 0.0338574 0.0259166
1 0.129864 0.386285 0.00455362 0.013928
1 0.960558 0.943896 0.00973655 0.0136036
1 0.30213 0.165443 0.0133971 0.0257333
1 0.829578 0.318957 0.0067265 0.0160304
1 0.251496 0.515539 0.00835597 0.0206663
1 0.619731 0.0212256 0.0345151 0.0150386
0 0.0103466 0.986325 0.0172807 0.0213036
1 0.254878 0.904489 0.0301554 0.00970534
0 0.860654 0.692592 0.0127307 0.00761639
1 0.766533 0.0946127 0.00726631 0.0162401
1 0.895792 0.304201 0.00544833 0.0150928
1 0.916515 0.180234 0.00574575 0.014728
1 0.00306083 0.939837 0.00422237 0.0172899
1 0.895272 0.1279 0.00556051 0.0146592
1 0.0802078 0.108723 0.00573969 0.0146451
0 0.823434 0.65997 0.0398216 0.0225332
1 0.145268 0.884501 0.0145764 0.00622358
1 0.87267 0.260381 0.00537941 0.0150546
1 0.386348 0.790934 0.0140474 0.0123043
1 0.464718 0.471467 0.0217457 0.00820185
1 0.355594 0.695477 0.0126878 0.0206416
1 0.202769 0.683382 0.010833 0.0100274
1 0.211235 0.204563 0.0240019 0.00924664
1 0.340562 0.943022 0.0131991 0.00490332
0 0.257586 0.939497 0.0279552 0.0523849
1 0.71354 0.361188 0.0107383 0.0119547
1 0.490392 0.91139 0.0107514 0.0321426
2 0.429724 0.0092634 0.0538201 0.0184594
1 0.830594 0.767499 0.0217508 0.00790093
1 0.393308 0.686834 0.0150456 0.00820566
1 0.0917248 0.810254 0.00577741 0.0124569
1 0.620942 0.0605381 0.0357608 0.0172288
1 0.799272 0.0945632 0.00572867 0.0132302
1 0.780689 0.693291 0.00849177 0.0234386
1 0.393469 0.715322 0.0134108 0.00472141
1 0.89498 0.0667965 0.0134666 0.00367978
1 0.0986871 0.386152 0.00512956 0.0141411
1 0.860644 0.321634 0.00660899 0.0132673
1 0.940027 0.495047 0.0171993 0.00650969
2 0.981551 0.669805 0.033335 0.027941
3 0.672037 0.667183 0.03274 0.027299
4 0.651402 0.851613 0.278445 0.279835
1 0.530094 0.0223105 0.0302334 0.0125407
1 0.0700092 0.759921 0.0123448 0.00614479
1 0.00334057 0.938747 0.00565902 0.0164747
1 0.177279 0.350956 0.0053389 0.0123086
1 0.164228 0.629176 0.0378526 0.0137459
2 0.25343 0.161725 0.0319246 0.027095
1 0.387413 0.76676 0.0127841 0.0100071
