4 0.584432 0.771069 0.178816 0.176325
4 0.813948 0.808047 0.171314 0.176556
4 0.809246 0.385893 0.254237 0.254148
3 0.329499 0.358473 0.111059 0.0637219
1 0.282775 0.559811 0.0415335 0.0178192
0 0.631486 0.648017 0.0225563 0.0108426
0 0.337911 0.51607 0.0359583 0.0731389
3 0.39734 0.690061 0.0642846 0.113946
0 0.489653 0.507843 0.0117657 0.0230553
0 0.238767 0.925672 0.0109419 0.0217211
1 0.545679 0.446209 0.0195181 0.0390354
0 0.463664 0.507862 0.0107209 0.020934
0 0.282327 0.51074 0.0408629 0.0771855
1 0.283121 0.46176 0.0406473 0.0208425
0 0.630201 0.622061 0.0234789 0.0118961
1 0.54453 0.500646 0.0169695 0.0409045
1 0.582788 0.865226 0.0322454 0.0225009
1 0.338148 0.467473 0.0421472 0.020947
0 0.593791 0.446547 0.0765698 0.036601
1 0.337543 0.564457 0.0411702 0.0166712
1 0.31848 0.623222 0.041146 0.0196762
1 0.642752 0.500488 0.0168588 0.0402706
1 0.642863 0.446766 0.0168157 0.0396478
1 0.645428 0.64805 0.0053332 0.0130305
4 0.123539 0.429661 0.231872 0.242582
3 0.596111 0.335125 0.110229 0.0683968
1 0.64464 0.621957 0.00524233 0.0143094
1 0.463328 0.494725 0.0119723 0.0047685
3 0.233774 0.688682 0.0613818 0.116017
1 0.582792 0.673085 0.0314269 0.0245471
0 0.593826 0.500437 0.0769801 0.038441
1 0.717437 0.805575 0.0247421 0.0324042
7 0.613498 0.173785 0.183077 0.159674
1 0.662332 0.334779 0.0167473 0.0425053
1 0.464011 0.520348 0.0118225 0.00324418
2 0.126656 0.195137 0.1372 0.160708
2 0.989606 0.30737 0.0194092 0.0650574
1 0.909315 0.8047 0.0242933 0.0292974
7 0.126613 0.195746 0.137425 0.161698
1 0.276279 0.648911 0.0187146 0.0578933
1 0.489563 0.494705 0.0125065 0.00438631
1 0.468638 0.831805 0.0268038 0.0147028
1 0.812219 0.521324 0.084208 0.0144855
1 0.888707 0.552701 0.0119719 0.0335626
1 0.204027 0.574348 0.0871707 0.0132479
1 0.238039 0.939721 0.0128477 0.00533676
1 0.898931 0.52165 0.078863 0.0122288
1 0.399148 0.623617 0.0480667 0.017499
1 0.814541 0.253462 0.090719 0.0148702
1 0.238559 0.911803 0.0122912 0.00472641
1 0.109911 0.577036 0.0779547 0.0125504
3 0.318392 0.690473 0.0597875 0.11491
1 0.489689 0.521743 0.0122093 0.00562596
1 0.303241 0.41277 0.0146581 0.0141649
