4 0.896544 0.452339 0.154492 0.161935
4 0.657809 0.220398 0.169579 0.173928
5 0.421924 0.284004 0.0762273 0.0753993
3 0.184149 0.65937 0.0181645 0.0281126
3 0.183442 0.51621 0.0181196 0.0271078
3 0.184375 0.587787 0.0174637 0.0286312
3 0.18412 0.442003 0.0204228 0.0285336
1 0.184117 0.536628 0.0122588 0.0146536
0 0.217567 0.658752 0.0105516 0.0224705
0 0.217225 0.441449 0.0105974 0.0212317
0 0.153815 0.543979 0.0121053 0.0213697
0 0.793936 0.208132 0.0123952 0.0234258
1 0.18385 0.608798 0.0111334 0.0142179
0 0.0505881 0.349241 0.0481475 0.0302599
0 0.719854 0.381167 0.032326 0.0526984
0 0.409077 0.20293 0.0127646 0.0240174
1 0.183977 0.463561 0.0120981 0.0145784
1 0.0823632 0.349334 0.0141208 0.0322801
0 0.776987 0.316209 0.0365256 0.0745035
0 0.153533 0.587303 0.0116086 0.0209841
0 0.268082 0.308161 0.01283 0.0221436
0 0.153355 0.673895 0.0115966 0.0213058
1 0.719495 0.34813 0.0327527 0.012936
0 0.21731 0.600432 0.010952 0.0228977
0 0.153344 0.412051 0.0120481 0.0219843
0 0.217453 0.518052 0.0105054 0.021426
0 0.360449 0.202889 0.0127262 0.0241384
0 0.431848 0.351122 0.02379 0.0118512
1 0.0186775 0.34923 0.0127831 0.0334451
1 0.776133 0.267572 0.0412629 0.0199027
1 0.546745 0.197461 0.0221434 0.0071325
0 0.268546 0.261531 0.0130749 0.0221049
0 0.546643 0.221113 0.0179492 0.0372795
0 0.470138 0.212858 0.0232842 0.0118454
0 0.250208 0.658173 0.0188042 0.0360563
1 0.18351 0.492676 0.0133574 0.0170474
1 0.775869 0.364545 0.0415039 0.0176631
0 0.153167 0.456756 0.0125538 0.0222983
0 0.43247 0.376542 0.0228211 0.0117031
1 0.152876 0.426027 0.0129645 0.00497759
1 0.153369 0.574175 0.01266 0.00466656
0 0.435711 0.202677 0.0121147 0.0238975
0 0.15323 0.499757 0.0122346 0.0230394
1 0.656488 0.122124 0.0320566 0.0243995
1 0.184317 0.564305 0.0128576 0.0152565
0 0.457281 0.504495 0.0743337 0.0432589
1 0.793801 0.222646 0.0139301 0.00556037
1 0.183655 0.636903 0.0122097 0.01551
0 0.268459 0.705112 0.023001 0.0122087
1 0.250009 0.68163 0.0224908 0.00871571
1 0.65675 0.315194 0.0319224 0.0218166
1 0.546772 0.244527 0.0218157 0.0078721
1 0.466032 0.278499 0.0095248 0.00586372
1 0.378502 0.278474 0.0103729 0.00800395
1 0.402676 0.241327 0.00702514 0.00934582
1 0.456855 0.212777 0.0039252 0.0134464
1 0.217466 0.64494 0.0119161 0.00517892
1 0.719924 0.41357 0.0322609 0.0131881
1 0.250474 0.634731 0.021994 0.00891351
1 0.309648 0.749284 0.0437576 0.0191782
1 0.184268 0.418862 0.0130236 0.0170011
1 0.217057 0.614676 0.0127937 0.00508981
1 0.153715 0.660342 0.0122913 0.00449415
1 0.153508 0.557509 0.0129395 0.00477932
1 0.408132 0.500845 0.0181657 0.0399017
1 0.184353 0.680963 0.0115807 0.0128498
1 0.378565 0.290783 0.00991524 0.0086285
1 0.807826 0.451695 0.0157636 0.064557
1 0.506267 0.501166 0.0174853 0.0399844
1 0.440377 0.241773 0.00665846 0.00898305
1 0.978024 0.450951 0.013196 0.0629681
1 0.418088 0.351125 0.00423216 0.0143421
1 0.427777 0.241459 0.00615186 0.00923737
1 0.153248 0.442538 0.011578 0.0040201
1 0.254384 0.704663 0.00494266 0.0141582
1 0.153599 0.47091 0.0125126 0.00515819
1 0.793612 0.193203 0.0134962 0.00556869
1 0.0254987 0.311458 0.0495461 0.0179376
1 0.418356 0.376232 0.00418782 0.0132735
3 0.308911 0.815595 0.0618424 0.12273
1 0.268355 0.294146 0.0130584 0.00507033
1 0.268252 0.247522 0.0131463 0.00496502
1 0.268139 0.275843 0.0126421 0.00499797
1 0.268102 0.322604 0.0136622 0.00550736
1 0.217404 0.504599 0.0110905 0.00426042
1 0.460499 0.247423 0.0186052 0.0190571
1 0.435528 0.216436 0.0125886 0.00458266
1 0.153306 0.513265 0.0124822 0.00513984
1 0.46221 0.323609 0.014938 0.0169694
1 0.440177 0.328142 0.00582861 0.00950241
1 0.415169 0.24154 0.00721306 0.00924797
1 0.37842 0.303944 0.0107436 0.00750085
1 0.378028 0.265041 0.0095273 0.0085312
1 0.40215 0.328603 0.00690579 0.0107293
1 0.427852 0.328351 0.00636654 0.0100412
1 0.465789 0.291319 0.00865636 0.00629294
1 0.265769 0.466837 0.0256656 0.0148905
1 0.153738 0.52941 0.0125999 0.00568234
1 0.465633 0.267017 0.00938797 0.00747371
