0 0.185425 0.795369 0.0240526 0.0119002
0 0.473226 0.792828 0.0131996 0.0237194
0 0.979279 0.175866 0.0280663 0.0491792
0 0.161226 0.749291 0.0247694 0.0128757
0 0.160996 0.613645 0.0238447 0.0127885
0 0.916345 0.265278 0.012768 0.0230568
0 0.161054 0.222046 0.0237708 0.0125592
0 0.342517 0.12224 0.0373316 0.0186531
0 0.854542 0.426327 0.017961 0.0372301
0 0.161018 0.638957 0.0243356 0.0112686
0 0.169555 0.523765 0.0119692 0.0227035
0 0.683182 0.783002 0.0224283 0.0111773
0 0.900633 0.306766 0.0134818 0.0249782
0 0.169741 0.307619 0.0240892 0.0122522
0 0.170894 0.333994 0.0239362 0.0115524
1 0.853761 0.450383 0.0214429 0.00918817
0 0.170193 0.282344 0.024883 0.0121912
0 0.231796 0.774951 0.024397 0.012045
0 0.645624 0.806358 0.0125787 0.0249731
0 0.141529 0.452711 0.0116789 0.0225678
0 0.849684 0.30575 0.012003 0.0242555
0 0.481651 0.0256688 0.0239403 0.0123856
0 0.222147 0.128731 0.0239091 0.012327
0 0.109485 0.181092 0.0117874 0.0241139
0 0.161126 0.665067 0.0243265 0.012309
0 0.824117 0.306067 0.0129366 0.0241259
0 0.823799 0.434442 0.0114667 0.0218841
0 0.85797 0.504862 0.0242113 0.0129408
0 0.480312 0.142389 0.0131089 0.023341
0 0.85648 0.620075 0.0236211 0.0117343
0 0.68956 0.812828 0.0381532 0.0187848
1 0.714918 0.81273 0.00990058 0.0217147
0 0.283826 0.808366 0.02374 0.0125591
5 0.49092 0.452196 0.489672 0.496257
1 0.48043 0.128742 0.0133655 0.00459934
1 0.979781 0.14432 0.0320186 0.012351
1 0.853862 0.402805 0.0204806 0.00925345
1 0.184429 0.307541 0.00514248 0.0138253
0 0.169566 0.482361 0.0126113 0.0232952
0 0.838216 0.473097 0.0231728 0.012224
0 0.874178 0.306414 0.012692 0.0246692
1 0.823963 0.291909 0.0134906 0.00489066
0 0.838538 0.690184 0.0232435 0.0124683
0 0.240308 0.184812 0.0231658 0.0111501
1 0.900774 0.292246 0.0143528 0.00439775
1 0.980169 0.20758 0.0317817 0.0132362
1 0.175897 0.638777 0.00451118 0.0143513
1 0.169256 0.509936 0.0122868 0.00468864
1 0.363323 0.152824 0.00401813 0.0132663
1 0.473229 0.77806 0.0141913 0.00450735
1 0.47324 0.807414 0.0153582 0.00487562
0 0.35006 0.152913 0.0223005 0.0116086
1 0.17512 0.614185 0.00400412 0.0132665
1 0.874064 0.291509 0.0138894 0.00583105
1 0.185094 0.333324 0.00458119 0.0131601
0 0.449748 0.126171 0.012242 0.0220715
1 0.84967 0.291726 0.0122898 0.00504409
1 0.18514 0.281958 0.00519651 0.0136712
1 0.645224 0.79146 0.0132301 0.0047159
1 0.36619 0.122254 0.0094491 0.0207167
1 0.449847 0.113089 0.0124583 0.00457907
1 0.666969 0.812917 0.00716494 0.0208551
0 0.111077 0.301371 0.0242118 0.012097
1 0.16935 0.496185 0.0132355 0.00421918
1 0.200143 0.795304 0.00486762 0.0140632
1 0.824637 0.69014 0.00503671 0.0132422
1 0.175906 0.665392 0.00523225 0.0141006
1 0.175554 0.22184 0.00506897 0.0141224
1 0.175869 0.749618 0.00516463 0.0135602
1 0.253424 0.184566 0.00498909 0.0137182
1 0.246351 0.774973 0.00495673 0.0130317
1 0.872688 0.50467 0.00443943 0.0140468
1 0.823886 0.44801 0.0126951 0.0051596
1 0.0966516 0.301256 0.00480914 0.0137637
1 0.141523 0.565998 0.0235412 0.0222967
1 0.109161 0.167062 0.0128195 0.00443945
1 0.269718 0.808041 0.00481868 0.0138364
1 0.496003 0.0256211 0.00417368 0.0126151
1 0.225422 0.239342 0.0375563 0.0155985
1 0.14137 0.465947 0.0126374 0.00419832
1 0.20755 0.128178 0.00417553 0.0137341
1 0.870711 0.619752 0.00410987 0.0129795
1 0.773343 0.254877 0.0332824 0.0067538
1 0.225219 0.255592 0.0368048 0.00880956
1 0.319081 0.122427 0.00781094 0.0211176
1 0.82373 0.419792 0.0126856 0.00510926
1 0.773088 0.239357 0.0357091 0.0144988
1 0.145803 0.665196 0.00579587 0.0143356
1 0.271607 0.19188 0.0125179 0.0343315
1 0.669117 0.782764 0.0046523 0.0123879
1 0.225126 0.2943 0.037902 0.00713014
1 0.128898 0.90908 0.0282674 0.0143773
2 0.113679 0.527381 0.0612026 0.0768143
1 0.128881 0.928773 0.0293516 0.0186073
1 0.225524 0.370824 0.0370647 0.00872659
1 0.916726 0.278756 0.013756 0.00514184
1 0.22511 0.26926 0.0386123 0.00775565
1 0.146112 0.221802 0.00517145 0.0133993
1 0.818815 0.47395 0.00845718 0.0114312
1 0.236763 0.128676 0.00504517 0.0134691
1 0.224527 0.448278 0.0390156 0.00771857
1 0.224689 0.435122 0.0392497 0.00753556
1 0.225048 0.537711 0.0388206 0.007375
1 0.225549 0.665016 0.0376884 0.00881889
1 0.224921 0.473468 0.0389764 0.00716294
1 0.142171 0.48896 0.0235203 0.0205321
1 0.504476 0.739269 0.00798988 0.0355826
1 0.22603 0.358477 0.0370779 0.00759913
1 0.225085 0.575902 0.0388179 0.00723267
1 0.225139 0.396976 0.0385841 0.00714574
1 0.225128 0.384077 0.0373364 0.00755976
1 0.226004 0.639969 0.0375596 0.00762139
1 0.900713 0.322107 0.0146425 0.00572205
1 0.225139 0.693121 0.0376642 0.0103627
1 0.225467 0.307259 0.0371876 0.00715256
1 0.225557 0.614314 0.037865 0.00714161
1 0.225586 0.333088 0.0368751 0.00689397
1 0.224978 0.486398 0.0387439 0.00756817
1 0.145247 0.749842 0.00514365 0.0135908
1 0.225193 0.550283 0.0384514 0.00751946
1 0.226276 0.695973 0.0358023 0.00882571
1 0.64559 0.739415 0.00746536 0.0355629
1 0.517486 0.738825 0.00873412 0.035295
1 0.773022 0.613505 0.0351894 0.00646873
1 0.225362 0.626843 0.0378897 0.00750964
1 0.225136 0.512073 0.0384625 0.00703561
1 0.225327 0.460304 0.0379918 0.00835741
1 0.377108 0.739009 0.00846672 0.0355735
1 0.607308 0.739572 0.00742065 0.0369238
1 0.338596 0.739268 0.00881233 0.0358059
1 0.479018 0.739573 0.0094167 0.0363797
1 0.683933 0.739323 0.00796246 0.0362039
1 0.0852117 0.490893 0.0237533 0.0246173
1 0.773017 0.434306 0.0344368 0.00625923
1 0.224561 0.52477 0.0385716 0.00775096
1 0.77308 0.293445 0.0354933 0.00691117
1 0.170307 0.49563 0.0132379 0.00449584
1 0.440454 0.739063 0.00918663 0.0357897
1 0.225387 0.49927 0.0384944 0.00753146
1 0.466257 0.739606 0.00768937 0.0366312
1 0.772526 0.345256 0.0358593 0.00781025
1 0.363779 0.739184 0.0079518 0.0355711
1 0.225445 0.345278 0.0369998 0.00767861
1 0.58137 0.739054 0.00904321 0.0359022
1 0.225307 0.588867 0.037745 0.00738857
1 0.773065 0.307184 0.0360125 0.00847782
1 0.0855228 0.565659 0.0237058 0.0245593
1 0.225949 0.691895 0.0378929 0.0143192
5 0.552378 0.413766 0.553735 0.563053
1 0.225249 0.409972 0.0382564 0.00702392
1 0.568686 0.73971 0.00778123 0.0363669
1 0.226563 0.319813 0.0350768 0.00780381
1 0.224828 0.652784 0.0393197 0.00735761
1 0.225484 0.678036 0.0382232 0.00794414
1 0.772997 0.24214 0.0362963 0.00951762
1 0.169659 0.53713 0.0127139 0.00552105
1 0.40203 0.739212 0.0084131 0.0364544
1 0.216643 0.77503 0.00490744 0.0132503
1 0.773175 0.39653 0.0366032 0.00780015
1 0.427704 0.739823 0.00772482 0.0366044
1 0.542677 0.73918 0.00871252 0.0363171
1 0.286629 0.19184 0.00749344 0.0347113
1 0.772649 0.537331 0.0360191 0.00867581
1 0.85338 0.689729 0.00572392 0.0127125
1 0.77298 0.448314 0.0363342 0.00885735
1 0.772537 0.357039 0.0367983 0.00683253
1 0.658458 0.739298 0.00882221 0.0359479
1 0.224837 0.563316 0.0378895 0.00813093
1 0.325401 0.73949 0.00726231 0.0362494
1 0.824009 0.321897 0.0144176 0.00602697
1 0.225352 0.281051 0.0377989 0.00858313
1 0.772866 0.677701 0.0367664 0.00876905
1 0.772819 0.691779 0.0363338 0.010773
1 0.772791 0.434759 0.03594 0.00878275
1 0.169348 0.467152 0.0139992 0.00577479
1 0.772739 0.318833 0.0361817 0.00740992
1 0.772786 0.626793 0.036089 0.00863335
1 0.772981 0.383785 0.0360112 0.00870864
1 0.772292 0.638231 0.0361173 0.0074184
1 0.77293 0.600249 0.0348897 0.00757761
1 0.154211 0.282729 0.00529591 0.0130589
1 0.875186 0.32196 0.0134305 0.00579884
2 0.00667225 0.620867 0.0110077 0.0158496
1 0.146425 0.613321 0.00521075 0.0136572
