4 0.326982 0.605865 0.175512 0.175171
4 0.559425 0.642467 0.171286 0.176749
4 0.550156 0.218929 0.250626 0.257393
3 0.139709 0.524347 0.0641567 0.116687
0 0.0247356 0.343817 0.0388355 0.0742964
0 0.373825 0.48229 0.0228583 0.0110937
0 0.0716918 0.971614 0.0118789 0.0215904
0 0.079854 0.349932 0.0380912 0.0736979
1 0.286952 0.280331 0.0182045 0.0391279
1 0.079815 0.301384 0.0413602 0.0199663
1 0.0249037 0.29552 0.0406412 0.0208858
0 0.205924 0.342091 0.0113003 0.0227873
1 0.0792578 0.398131 0.0405597 0.0173553
0 0.231919 0.342114 0.0120943 0.0238464
1 0.025223 0.39358 0.0417327 0.0167832
1 0.286962 0.334365 0.0168788 0.0407897
0 0.372871 0.455604 0.0231621 0.011877
0 0.0975314 0.96907 0.0135659 0.023799
1 0.231734 0.356837 0.0139122 0.00530237
0 0.0642162 0.919542 0.0125272 0.0235596
1 0.387744 0.481709 0.00569081 0.0133616
1 0.0604322 0.457274 0.0424455 0.020682
1 0.0649729 0.934868 0.0141406 0.00585099
1 0.206007 0.355875 0.013054 0.00498884
3 0.337826 0.168215 0.110031 0.0671702
0 0.335864 0.280256 0.0760498 0.0356317
1 0.385274 0.280519 0.0174479 0.0401621
1 0.387069 0.455863 0.0050955 0.0135926
1 0.324556 0.698681 0.0309288 0.0224237
1 0.384831 0.333957 0.0173307 0.0397988
0 0.336087 0.334261 0.0765076 0.0365341
1 0.0713086 0.958053 0.0127216 0.00575875
1 0.324391 0.506417 0.0313677 0.0247432
1 0.459815 0.638312 0.0241599 0.0306792
3 0.059436 0.524377 0.061357 0.114073
1 0.404837 0.167918 0.0168829 0.0431061
1 0.556953 0.35519 0.0889058 0.0158426
1 0.00571308 0.435681 0.0114262 0.0121341
1 0.630362 0.386551 0.012 0.0328896
1 0.211146 0.664877 0.0272736 0.0160339
1 0.137703 0.588428 0.0428857 0.0186868
1 0.0596588 0.607875 0.0646525 0.0108055
1 0.142814 0.457029 0.0488386 0.0179752
1 0.651287 0.638594 0.0230655 0.0224719
1 0.557694 0.0873462 0.093658 0.0153351
1 0.210845 0.686747 0.0253309 0.017424
