0 0.408446 0.342941 0.0290973 0.0469183
0 0.251361 0.385095 0.0477831 0.0281818
2 0.251506 0.461071 0.0688509 0.0363237
2 0.770033 0.858745 0.0467132 0.028109
2 0.388065 0.717753 0.0291563 0.0475888
0 0.808888 0.495489 0.0244985 0.0137111
0 0.476531 0.236761 0.0479915 0.0281171
0 0.781187 0.333378 0.0242922 0.0130583
0 0.251267 0.53851 0.0479048 0.0298286
0 0.848931 0.175038 0.0242393 0.0129354
2 0.111722 0.283186 0.0470257 0.03187
1 0.0201067 0.628907 0.014803 0.00640631
0 0.856718 0.598194 0.0252123 0.0146641
0 0.86078 0.568796 0.0245414 0.0131144
1 0.407152 0.310936 0.0319787 0.0147907
0 0.79255 0.437971 0.023291 0.0139353
0 0.321304 0.743292 0.0248841 0.0145042
0 0.0201683 0.613719 0.0136083 0.0236323
0 0.983687 0.807501 0.01294 0.0253805
0 0.899945 0.0828006 0.014117 0.0238716
0 0.858064 0.481045 0.0237428 0.0139451
0 0.215289 0.953773 0.0294991 0.047106
0 0.851393 0.444421 0.0242208 0.0130014
0 0.808202 0.525021 0.0244932 0.0133819
0 0.733011 0.24273 0.0244363 0.0132102
0 0.943232 0.0234591 0.0137167 0.0242379
0 0.0729919 0.920468 0.00707245 0.0143506
0 0.969149 0.0264225 0.0134807 0.0244005
1 0.127422 0.308742 0.0192842 0.0224557
0 0.0453243 0.373601 0.0244409 0.0130974
0 0.108333 0.373599 0.0245911 0.0133042
0 0.0653097 0.296685 0.0130238 0.0234087
0 0.63295 0.398175 0.0132227 0.0244532
0 0.156901 0.451402 0.0149843 0.023595
1 0.219862 0.385368 0.0140536 0.0318941
0 0.732841 0.359052 0.025182 0.0137898
1 0.899956 0.0980968 0.0142912 0.00625005
1 0.219725 0.538555 0.0136192 0.032936
0 0.860584 0.392183 0.0245688 0.0136481
1 0.215276 0.982977 0.0314642 0.0116205
2 0.218156 0.808377 0.0479613 0.0317555
0 0.889734 0.743295 0.0129859 0.0247442
0 0.617384 0.286464 0.0134952 0.00740792
0 0.0647088 0.65069 0.0257039 0.013062
1 0.770588 0.832538 0.0185847 0.0223521
0 0.112528 0.615051 0.0251636 0.012779
1 0.864289 0.174347 0.00614097 0.0146657
1 0.281586 0.385618 0.0121359 0.0314211
1 0.32413 0.498545 0.0104345 0.0187738
1 0.808285 0.43792 0.00554801 0.0136425
1 0.50868 0.237138 0.0131166 0.0331472
0 0.380052 0.235171 0.0114749 0.0220839
1 0.407569 0.373241 0.0328732 0.0132182
0 0.153627 0.580985 0.0125001 0.00753547
1 0.0944212 0.310539 0.0211812 0.0224617
0 0.740977 0.129369 0.00863948 0.0159598
2 0.524449 0.325641 0.0552736 0.100782
1 0.44569 0.237096 0.0127037 0.0302174
0 0.84589 0.346422 0.012852 0.0248683
1 0.753058 0.883513 0.0189753 0.0226698
1 0.281443 0.538535 0.0137413 0.0341675
1 0.793375 0.524904 0.00631214 0.0151145
1 0.902776 0.933325 0.0234232 0.0128822
1 0.787515 0.884395 0.0204628 0.0242353
1 0.872435 0.597963 0.0059029 0.015713
1 0.157598 0.467063 0.0125624 0.00709534
0 0.795592 0.583678 0.0253709 0.0135946
1 0.821576 0.779678 0.0203185 0.0184613
0 0.163526 0.257396 0.0248979 0.0123957
2 0.0713073 0.487083 0.123422 0.108366
1 0.21457 0.921679 0.0304294 0.0129104
0 0.811079 0.957124 0.0136442 0.00790787
0 0.180886 0.960366 0.0136294 0.0235466
1 0.568618 0.285889 0.0301497 0.0146628
1 0.276018 0.490115 0.0123532 0.019351
1 0.777936 0.438143 0.00546371 0.0155774
1 0.96812 0.933674 0.0221513 0.0152006
0 0.175113 0.296632 0.0134303 0.0241324
1 0.872662 0.481264 0.00499281 0.0147226
1 0.573431 0.324463 0.0387702 0.0202736
0 0.342771 0.967231 0.0135245 0.0231051
1 0.968745 0.0418063 0.0151766 0.00566619
1 0.180114 0.974689 0.012311 0.00586069
1 0.983116 0.792569 0.0134421 0.00539348
1 0.845905 0.568603 0.00517392 0.0146681
1 0.309073 0.296391 0.0203893 0.0437903
0 0.755406 0.95606 0.0378849 0.0219188
1 0.379665 0.222221 0.012503 0.00491602
1 0.793912 0.495139 0.00577176 0.0140818
1 0.899585 0.0675933 0.0153289 0.00493899
1 0.226613 0.492928 0.0130475 0.0255814
1 0.0594635 0.373849 0.00373962 0.0143618
1 0.845266 0.392703 0.00624966 0.015273
3 0.935305 0.93357 0.0393896 0.0256658
1 0.820801 0.812979 0.0209005 0.0174391
1 0.970326 0.0118728 0.0143764 0.00518394
0 0.870257 0.345052 0.00689791 0.0128861
1 0.715803 0.359509 0.00584005 0.0163244
1 0.111514 0.256278 0.0211054 0.0219069
1 0.157778 0.43566 0.0144476 0.00611318
1 0.0198738 0.598067 0.0143144 0.00465606
0 0.0531682 0.612697 0.0118539 0.0215299
1 0.82299 0.525059 0.0054749 0.0146581
1 0.731142 0.95817 0.00823093 0.0220022
1 0.984292 0.823489 0.0149145 0.00598357
1 0.91833 0.896323 0.00596306 0.0126927
1 0.823363 0.495885 0.00524615 0.0143112
1 0.0498608 0.650422 0.00469881 0.0143108
1 0.83374 0.175238 0.00643802 0.0140824
1 0.0806773 0.650763 0.00575194 0.0138835
1 0.0933746 0.308921 0.01608 0.0202054
1 0.417257 0.266139 0.022702 0.0211287
1 0.747762 0.358696 0.00496999 0.0133902
2 0.846297 0.796016 0.0272033 0.0482091
1 0.841835 0.479753 0.0057435 0.013256
1 0.748256 0.243138 0.00597044 0.0125804
1 0.845723 0.331483 0.012845 0.0046489
1 0.566586 0.362944 0.0283951 0.0161573
1 0.0529894 0.627477 0.0125383 0.00559566
1 0.415229 0.701731 0.0230495 0.00821886
1 0.251434 0.430097 0.0135716 0.0246991
1 0.415735 0.735911 0.0180751 0.00730608
1 0.227662 0.429309 0.0113192 0.0245839
1 0.388106 0.748364 0.0292498 0.0105884
1 0.144827 0.581657 0.00316639 0.00735524
1 0.634044 0.415033 0.0138913 0.00722322
0 0.371871 0.961608 0.00687971 0.0132288
1 0.201955 0.836531 0.00699365 0.0190421
1 0.889514 0.729351 0.0136619 0.00429823
1 0.342776 0.981159 0.0133247 0.00655759
1 0.415882 0.716961 0.0230879 0.0072558
1 0.122349 0.373294 0.0046851 0.0135385
2 0.266736 0.299245 0.05811 0.106541
1 0.740925 0.120595 0.0084817 0.00326287
1 0.627604 0.286096 0.00479432 0.0084821
1 0.176441 0.257642 0.0042411 0.0118078
1 0.175223 0.310438 0.0133449 0.00598976
0 0.90373 0.896003 0.0240412 0.0126478
1 0.306356 0.742947 0.00575469 0.0152557
1 0.0294805 0.373319 0.0061818 0.0149391
1 0.634696 0.363149 0.00762964 0.00355214
