0 0.299611 0.51791 0.0294163 0.0482185
3 0.297864 0.191823 0.0639425 0.110915
0 0.974931 0.385536 0.0376644 0.0748814
0 0.263674 0.508481 0.011313 0.0228312
4 0.74779 0.305369 0.254613 0.256754
0 0.577745 0.948462 0.0232564 0.0121801
0 0.957669 0.955996 0.0124397 0.0238701
1 0.974375 0.337116 0.0416227 0.0208447
1 0.919062 0.429284 0.0422674 0.0175727
0 0.874447 0.795716 0.0109606 0.0227781
1 0.29926 0.486645 0.0334455 0.0140493
1 0.919469 0.33157 0.0411409 0.0189483
0 0.895837 0.939863 0.0136535 0.0246019
0 0.919376 0.380869 0.0404525 0.0766954
1 0.954381 0.4925 0.0417916 0.0191458
1 0.974394 0.434216 0.0422821 0.017374
0 0.519204 0.913671 0.0135815 0.0235252
2 0.764313 0.073862 0.138597 0.147724
1 0.263334 0.49439 0.0127296 0.00480158
1 0.299736 0.549897 0.032609 0.014804
4 0.151862 0.234126 0.172804 0.176753
3 0.869994 0.557282 0.0608273 0.111991
1 0.874493 0.809786 0.0128827 0.00442811
1 0.375842 0.296661 0.0170948 0.0657377
1 0.957615 0.941974 0.0131574 0.00412919
1 0.958134 0.971332 0.0144458 0.00570441
1 0.244587 0.230799 0.021195 0.0278901
0 0.423832 0.297923 0.0778566 0.0672915
1 0.591238 0.949185 0.00420592 0.0139364
1 0.470965 0.296848 0.016057 0.0690723
1 0.913788 0.518527 0.0215533 0.0572197
1 0.895482 0.925169 0.0139346 0.00452848
4 0.458519 0.132686 0.15462 0.150022
1 0.992709 0.516429 0.0130742 0.0466763
1 0.992329 0.510507 0.0140101 0.0342466
1 0.0530633 0.231356 0.0224068 0.031279
1 0.628073 0.465074 0.0280936 0.0158367
1 0.896376 0.9557 0.0134519 0.00559929
1 0.29835 0.256319 0.042659 0.0184718
3 0.955074 0.558477 0.0619057 0.113161
1 0.834136 0.443058 0.0753504 0.0138698
1 0.672222 0.0687495 0.0390998 0.116044
1 0.519231 0.928196 0.0136247 0.0059049
1 0.29825 0.104128 0.0647317 0.010697
1 0.870107 0.621073 0.0415297 0.0170326
3 0.458607 0.134294 0.154909 0.148864
1 0.870381 0.616995 0.0419258 0.0128591
