5 0.480904 0.515006 0.165907 0.167041
5 0.778603 0.51535 0.165762 0.166407
5 0.180913 0.516167 0.163851 0.165766
0 0.615909 0.379323 0.0254973 0.0502604
0 0.915659 0.622198 0.0271256 0.0501161
0 0.915268 0.40948 0.0255435 0.0509039
0 0.633032 0.64626 0.0420729 0.026527
0 0.0393067 0.548637 0.0146273 0.00824237
0 0.331793 0.644706 0.0458805 0.0267458
0 0.316047 0.393203 0.0242735 0.0463873
0 0.653101 0.602395 0.0144406 0.00750051
3 0.324977 0.703261 0.0709676 0.0548373
0 0.342502 0.543628 0.0152832 0.00829315
0 0.713187 0.682009 0.0334959 0.0209868
0 0.571408 0.642419 0.022826 0.0115402
0 0.606936 0.72497 0.016227 0.00939772
1 0.279213 0.703843 0.0202282 0.0415475
0 0.872363 0.641272 0.0226671 0.0131085
0 0.641997 0.705502 0.0212335 0.0331969
0 0.272698 0.642508 0.0221457 0.011884
0 0.475671 0.720868 0.0279571 0.0143847
1 0.368521 0.701832 0.0183696 0.0404966
0 0.521917 0.704338 0.0268223 0.0146816
1 0.914945 0.377731 0.0270541 0.0117148
1 0.91498 0.65287 0.0281948 0.0117516
0 0.354552 0.605234 0.0145881 0.0072508
1 0.615826 0.410704 0.0273329 0.0104263
0 0.475839 0.697011 0.0262595 0.014451
0 0.309695 0.555785 0.00805545 0.01523
1 0.714902 0.719579 0.00787554 0.0233598
1 0.615883 0.347489 0.0273315 0.0106626
0 0.0421267 0.580681 0.0150858 0.00763752
0 0.611719 0.554109 0.00799942 0.0156279
0 0.912706 0.554618 0.0078175 0.0135764
1 0.914809 0.441905 0.0264778 0.0112807
0 0.640487 0.54582 0.0151429 0.00939097
0 0.693831 0.71962 0.0333044 0.0218503
1 0.914892 0.589261 0.0273436 0.0124442
1 0.363149 0.605586 0.00296896 0.00844955
1 0.875034 0.582936 0.026293 0.00780437
1 0.0823452 0.516649 0.0281461 0.00806593
1 0.534478 0.612936 0.00874003 0.0275428
1 0.425023 0.613297 0.00858207 0.0271021
1 0.438402 0.612676 0.00832223 0.0290964
1 0.642248 0.727379 0.022506 0.00777391
1 0.875114 0.473383 0.0259559 0.00761604
1 0.875041 0.52789 0.0260172 0.00764822
1 0.464894 0.613192 0.00787269 0.0262533
0 0.457064 0.741568 0.0155119 0.00852228
1 0.166485 0.61442 0.00731173 0.0277514
1 0.641872 0.685013 0.0221314 0.00726462
1 0.736785 0.416923 0.00710653 0.0275269
1 0.519453 0.613216 0.00868391 0.0270407
1 0.277559 0.462969 0.0267777 0.00723232
1 0.309594 0.566001 0.00896476 0.00326694
1 0.577515 0.582696 0.0258944 0.00786916
1 0.577064 0.473325 0.0268946 0.00745314
1 0.277581 0.517415 0.026747 0.00709749
1 0.886311 0.64163 0.00445488 0.0141261
1 0.736652 0.612893 0.00762126 0.028353
1 0.534702 0.417193 0.00807403 0.0270207
1 0.220696 0.614964 0.00787768 0.0273969
1 0.451418 0.612663 0.00895509 0.0274818
1 0.5472 0.612154 0.00830128 0.0266707
1 0.0823269 0.462122 0.0294915 0.00836635
1 0.381831 0.569603 0.0293709 0.00869913
1 0.277531 0.448691 0.0257541 0.00903917
1 0.845925 0.417516 0.00885891 0.0283293
1 0.247134 0.415792 0.00837034 0.0213393
1 0.857392 0.641293 0.00527835 0.0155294
1 0.246935 0.615391 0.0073672 0.0250621
1 0.410077 0.613952 0.00854314 0.0260908
1 0.316421 0.420471 0.0245859 0.0106857
1 0.493107 0.612712 0.00816811 0.0288974
1 0.0820143 0.557708 0.0289839 0.0081652
1 0.596474 0.724885 0.00338007 0.0107987
1 0.520118 0.417015 0.00800455 0.0269452
1 0.0823246 0.488546 0.0280245 0.00815166
1 0.0818036 0.543074 0.0284474 0.00768111
1 0.817353 0.61324 0.008458 0.0271904
1 0.0508747 0.580977 0.00254722 0.00838158
1 0.875481 0.557347 0.0268715 0.00725931
1 0.277366 0.571852 0.0262647 0.0072887
1 0.817858 0.417239 0.00754291 0.0276874
1 0.381355 0.473356 0.0278768 0.00871514
1 0.79129 0.612755 0.00729727 0.0291624
1 0.0816159 0.584993 0.028898 0.00898574
1 0.081671 0.571477 0.0286756 0.00784802
1 0.13777 0.614772 0.00849902 0.0260504
1 0.723119 0.613462 0.00760482 0.0258966
1 0.381742 0.582653 0.0301436 0.00903452
1 0.547579 0.417295 0.00942061 0.025612
1 0.791853 0.416755 0.00687058 0.0287921
1 0.151994 0.615207 0.008003 0.026214
1 0.27774 0.503562 0.0275471 0.00670399
1 0.479655 0.612884 0.0082414 0.0275209
1 0.277442 0.475168 0.0284324 0.00720621
1 0.206372 0.615592 0.00774263 0.0265303
1 0.707088 0.418754 0.00666446 0.027494
1 0.505769 0.613007 0.00869369 0.0276646
1 0.381559 0.501787 0.027128 0.00802825
1 0.663908 0.644791 0.0119283 0.0274245
1 0.832041 0.613348 0.00835131 0.0268612
1 0.124291 0.614675 0.0074445 0.0269017
1 0.438834 0.416746 0.00698121 0.0277293
1 0.679933 0.47353 0.0287685 0.00910781
1 0.777179 0.613049 0.00799454 0.026951
1 0.642574 0.602174 0.00544639 0.00875298
1 0.577014 0.528174 0.0256808 0.00739626
1 0.316068 0.362008 0.0296587 0.0117123
1 0.87543 0.487845 0.0266529 0.00782191
1 0.233613 0.614984 0.00836932 0.0266956
1 0.381371 0.514583 0.0285594 0.00747062
1 0.707849 0.613464 0.00747862 0.0262163
1 0.519992 0.00455144 0.00553941 0.00866262
1 0.87531 0.542604 0.0266552 0.00734254
1 0.87535 0.51513 0.0263253 0.00808572
1 0.734479 0.681534 0.00804638 0.0240028
1 0.577553 0.569269 0.0262845 0.00775697
1 0.762705 0.613177 0.00786778 0.0265467
1 0.72292 0.417775 0.0065589 0.0275911
1 0.424637 0.417061 0.00897742 0.0279993
1 0.277351 0.529547 0.0275219 0.00744166
1 0.277584 0.558396 0.0273343 0.00683794
1 0.332787 0.543764 0.00345802 0.00937578
1 0.876064 0.50211 0.0257475 0.00863031
1 0.381403 0.55633 0.0285357 0.00787066
1 0.381342 0.487941 0.0289758 0.00799883
1 0.19204 0.61462 0.00743736 0.0275762
1 0.679533 0.460694 0.0311582 0.00838555
1 0.2771 0.543446 0.0260314 0.00684926
1 0.277303 0.584395 0.0272896 0.00701685
1 0.0825258 0.503131 0.0286352 0.0083722
1 0.763607 0.416934 0.00728964 0.0279571
1 0.875095 0.569117 0.0264593 0.0077419
1 0.680674 0.582142 0.029104 0.00607193
1 0.111099 0.419245 0.008122 0.0291057
1 0.451428 0.417363 0.00733166 0.0281098
1 0.875793 0.460533 0.026421 0.00795927
1 0.316025 0.423969 0.0239185 0.00942333
1 0.832327 0.417484 0.00834593 0.0278105
1 0.691618 0.681449 0.00669723 0.0229489
1 0.0821331 0.530184 0.0278319 0.00769474
1 0.381102 0.460769 0.0293721 0.00845565
1 0.875549 0.447122 0.0257445 0.00797337
1 0.2208 0.418639 0.00799468 0.028854
1 0.750573 0.612843 0.00734986 0.0286462
1 0.277435 0.488918 0.0267851 0.00597009
1 0.558234 0.64295 0.00323005 0.0136677
1 0.137597 0.419472 0.00731757 0.0278996
1 0.67974 0.528837 0.0290449 0.00802825
1 0.506059 0.416882 0.00720381 0.0278513
1 0.0824197 0.448636 0.0288563 0.00821114
1 0.301339 0.645222 0.00856806 0.0280997
1 0.38129 0.446848 0.0279844 0.00816323
1 0.410228 0.416109 0.00969396 0.0276199
1 0.493113 0.416821 0.00736962 0.0280559
2 0.324523 0.703302 0.0713515 0.0572675
1 0.247087 0.42005 0.00787458 0.0248149
1 0.178899 0.614676 0.00786894 0.0275696
1 0.679204 0.514862 0.0301576 0.007761
1 0.381336 0.542549 0.0289115 0.00757149
1 0.681006 0.583113 0.0305247 0.0098134
1 0.670855 0.719597 0.00693775 0.0240409
1 0.679608 0.447007 0.030417 0.00846519
1 0.577337 0.556505 0.0265181 0.00717882
1 0.08233 0.475617 0.0288538 0.0078215
1 0.111257 0.614481 0.00791475 0.0269704
1 0.777531 0.417145 0.00784433 0.0275035
1 0.611616 0.543546 0.00859977 0.00326707
1 0.845092 0.612502 0.00768593 0.0278318
1 0.762129 0.417233 0.00662657 0.0274964
1 0.577115 0.542809 0.0265362 0.00720071
1 0.74944 0.417501 0.00765453 0.0279399
1 0.68012 0.569263 0.0305689 0.00774752
1 0.577391 0.460134 0.0270262 0.00790093
1 0.577336 0.502609 0.0263748 0.0067885
1 0.206558 0.418864 0.00711691 0.0288461
1 0.166349 0.419309 0.00800467 0.0286748
1 0.381441 0.527874 0.0280893 0.00741408
1 0.479526 0.416991 0.00764543 0.0273573
1 0.804076 0.417509 0.00786834 0.028879
1 0.151693 0.614438 0.00581627 0.0262668
1 0.577232 0.488054 0.0270182 0.00690498
1 0.233885 0.418952 0.00805319 0.0267767
1 0.50478 0.00552654 0.0123689 0.00904725
1 0.152625 0.419427 0.00703246 0.0274698
1 0.803904 0.613072 0.00790299 0.0295229
1 0.577617 0.446812 0.0262733 0.00836976
1 0.680481 0.556268 0.0302 0.00830535
1 0.680181 0.543204 0.0307667 0.00790186
1 0.363408 0.644973 0.0135033 0.028402
1 0.680398 0.472436 0.0289087 0.00547778
1 0.606775 0.645521 0.0093375 0.0284895
1 0.510829 0.00516319 0.00700116 0.00884533
1 0.679174 0.50209 0.0311997 0.00773336
1 0.307219 0.644218 0.00585353 0.027653
1 0.191965 0.419012 0.00734337 0.0284038
1 0.679906 0.488014 0.030211 0.00867331
1 0.409353 0.416816 0.00679016 0.0273867
1 0.465404 0.417148 0.00726844 0.0271826
1 0.125585 0.419323 0.00791243 0.0284028
0 0.779589 0.368637 0.00655934 0.0129152
2 0.973357 0.591343 0.012217 0.00768993
1 0.459424 0.696212 0.00589793 0.0168243
