0 0.249179 0.807786 0.0234168 0.0128648
0 0.839772 0.606915 0.0252929 0.0129294
0 0.387433 0.926832 0.0244172 0.0131767
0 0.843229 0.339157 0.0239412 0.0131342
0 0.236569 0.872179 0.0127692 0.0231957
0 0.786986 0.607853 0.0247028 0.0129025
0 0.897751 0.553204 0.0153464 0.00838183
0 0.388258 0.816238 0.0233523 0.0133242
0 0.387561 0.790776 0.0241443 0.0130627
0 0.25453 0.712558 0.024615 0.0130641
0 0.406708 0.88903 0.0131162 0.0230004
0 0.267257 0.745749 0.012792 0.023278
0 0.236393 0.969251 0.0127003 0.0238431
0 0.320254 0.569862 0.0160623 0.00911287
0 0.381403 0.866656 0.0121704 0.0239505
0 0.388041 0.696144 0.0227435 0.0130226
0 0.247387 0.781531 0.0245386 0.0138629
0 0.388423 0.637039 0.0243742 0.0131419
0 0.236392 0.921061 0.0121823 0.022978
0 0.74236 0.59062 0.0155053 0.00844074
0 0.113552 0.754601 0.0233657 0.0123036
0 0.114457 0.633866 0.0234237 0.0135819
0 0.264407 0.842496 0.0127108 0.0233798
0 0.117449 0.970254 0.0234561 0.0123904
0 0.117407 0.926415 0.0240447 0.0128834
0 0.115548 0.816252 0.0240418 0.0130069
0 0.250678 0.687233 0.0233259 0.0113191
1 0.403599 0.637129 0.00617928 0.0145402
0 0.291045 0.600792 0.024748 0.0132413
0 0.114259 0.695913 0.0229457 0.0126348
0 0.895749 0.520939 0.0154687 0.00848642
0 0.703615 0.604955 0.0235909 0.0123169
1 0.824269 0.606912 0.00527648 0.0150163
2 0.781651 0.474123 0.172143 0.12025
0 0.212448 0.593186 0.0237943 0.0119319
0 0.475202 0.424263 0.0100606 0.0173486
1 0.403046 0.816376 0.00577676 0.0152168
0 0.387201 0.969202 0.0228918 0.013206
0 0.117694 0.874803 0.024699 0.0127323
1 0.402587 0.790651 0.00682574 0.0137949
1 0.276594 0.600792 0.00546036 0.0146888
1 0.236546 0.885993 0.0146099 0.00526034
1 0.269163 0.712865 0.00617474 0.015512
0 0.708119 0.323521 0.0160835 0.00873581
1 0.406355 0.903337 0.0149531 0.00487587
1 0.128606 0.754783 0.0063603 0.0139535
1 0.436669 0.363326 0.0104082 0.0392467
1 0.13036 0.816286 0.00547594 0.0142
1 0.802055 0.608197 0.00518824 0.015188
1 0.401434 0.926668 0.0051394 0.0146534
1 0.26306 0.80762 0.00456452 0.0140457
2 0.341226 0.445255 0.216356 0.118797
1 0.474968 0.435045 0.0112256 0.00450109
1 0.26711 0.730921 0.0148398 0.0057213
1 0.815836 0.658179 0.0101922 0.0441613
1 0.85493 0.606649 0.00522351 0.0153854
0 0.266544 0.921051 0.0114414 0.0229554
1 0.236883 0.935659 0.0137794 0.00557121
1 0.262719 0.781911 0.00613524 0.0150988
1 0.402946 0.696281 0.00604439 0.0136454
1 0.372411 0.52607 0.0109106 0.0370653
0 0.266794 0.969187 0.0116796 0.024029
1 0.197876 0.592539 0.00505078 0.0148863
1 0.26405 0.36326 0.010344 0.036078
1 0.372024 0.926392 0.00607991 0.0155029
1 0.266729 0.760083 0.0146606 0.00531319
1 0.350102 0.363286 0.0105529 0.0369352
1 0.350614 0.525607 0.0111712 0.0366785
1 0.307442 0.526553 0.0106459 0.0372732
1 0.23955 0.712928 0.00598352 0.0153903
1 0.264351 0.857587 0.0138992 0.00559341
0 0.787157 0.657147 0.0452821 0.0367293
1 0.771003 0.607943 0.00527598 0.0151056
1 0.285351 0.362256 0.0118921 0.0386506
1 0.371899 0.362712 0.0115001 0.0377001
1 0.263906 0.525574 0.0115644 0.0376464
1 0.128829 0.634479 0.00654018 0.0141254
1 0.437196 0.52567 0.0117738 0.036121
1 0.394184 0.362627 0.0122429 0.0380207
1 0.232302 0.781988 0.00616019 0.0147629
1 0.372969 0.790736 0.00564803 0.0155065
1 0.372838 0.695889 0.00686086 0.0138981
1 0.307801 0.362818 0.0113383 0.0371578
1 0.237257 0.687106 0.0041028 0.0148621
1 0.285332 0.526108 0.00995727 0.0375554
1 0.328745 0.526156 0.0107019 0.0368662
1 0.0992929 0.633704 0.00680412 0.0147447
1 0.394172 0.526623 0.0103412 0.0379422
1 0.40313 0.969135 0.00734395 0.0151818
1 0.242101 0.525707 0.0138261 0.0361061
1 0.236518 0.85727 0.014831 0.00542031
1 0.886548 0.52076 0.00213692 0.00936746
1 0.698314 0.323335 0.00376235 0.0102131
1 0.236677 0.955 0.0139217 0.00511551
1 0.331143 0.569682 0.00364804 0.00962085
1 0.720089 0.389505 0.00803163 0.0381074
1 0.416054 0.362415 0.0117918 0.0390775
1 0.329221 0.363737 0.00988497 0.0371293
1 0.372611 0.815916 0.00645913 0.0151508
1 0.857596 0.339475 0.00524139 0.0150636
1 0.733257 0.389104 0.00829028 0.0385321
1 0.128527 0.696022 0.00639564 0.0145277
1 0.0994063 0.696057 0.00637596 0.0140841
1 0.373033 0.636753 0.00562458 0.01476
1 0.330709 0.570428 0.00428444 0.0104156
1 0.242851 0.363075 0.00986237 0.0363936
1 0.788115 0.389232 0.00833943 0.0399768
1 0.774568 0.389186 0.00793957 0.0402925
1 0.0992779 0.755298 0.00650454 0.0143481
1 0.415296 0.526285 0.0106437 0.0377034
1 0.829582 0.390195 0.00770806 0.0386458
0 0.589181 0.60815 0.0268886 0.0142565
1 0.266819 0.934756 0.0126445 0.00479414
1 0.236615 0.905153 0.0169088 0.00688978
1 0.829114 0.55202 0.00810123 0.038018
1 0.888039 0.553209 0.00420373 0.00960509
1 0.574353 0.608323 0.00388086 0.0146515
1 0.747132 0.388631 0.00833536 0.0367336
1 0.842907 0.552809 0.00814794 0.0374682
1 0.731949 0.589796 0.00443018 0.00901338
