2 0.292252 0.846708 0.0319441 0.0179658
0 0.233413 0.954094 0.00870031 0.0161889
0 0.276163 0.946547 0.0172084 0.00943981
0 0.220535 0.928279 0.0162566 0.00903633
0 0.561283 0.610782 0.00981778 0.0167427
0 0.112803 0.873736 0.014677 0.0271808
0 0.15371 0.841429 0.0138901 0.0251343
0 0.0891562 0.871321 0.0148117 0.0269592
0 0.280386 0.917423 0.00826191 0.0143032
0 0.56657 0.482023 0.0240373 0.0129777
0 0.528716 0.603629 0.00826373 0.0159924
0 0.271693 0.738716 0.0100607 0.0165491
0 0.529579 0.640757 0.0163906 0.00884466
0 0.182031 0.887349 0.0137487 0.0233428
0 0.253293 0.943992 0.00788873 0.0154344
0 0.225666 0.839835 0.0138165 0.0271371
0 0.13859 0.957775 0.0144882 0.0258084
0 0.330194 0.866428 0.0095545 0.0166096
0 0.215352 0.953998 0.00938547 0.0162894
0 0.598127 0.419917 0.0123152 0.0245374
0 0.264159 0.917161 0.00858612 0.015553
0 0.255994 0.694606 0.00911719 0.016249
2 0.359826 0.847519 0.0329841 0.0170846
0 0.254785 0.739391 0.0073129 0.0151026
0 0.087917 0.925041 0.014443 0.0265317
0 0.056906 0.893122 0.0140218 0.0261097
0 0.188537 0.964359 0.0137913 0.0255415
0 0.756148 0.781509 0.0219049 0.0341076
0 0.563717 0.357476 0.0247135 0.01267
0 0.563333 0.381537 0.0237684 0.0128732
0 0.0890623 0.967376 0.0141766 0.0253849
0 0.728859 0.331705 0.00987456 0.0166833
0 0.78727 0.78036 0.0125943 0.0242855
0 0.498084 0.356176 0.0124339 0.0248173
1 0.723135 0.760983 0.0238115 0.00929642
0 0.563299 0.405579 0.023514 0.0126589
0 0.565206 0.460123 0.0257976 0.0135651
0 0.563234 0.428275 0.0246196 0.0149256
0 0.0762342 0.669637 0.0240844 0.0129356
0 0.0533682 0.935292 0.0253902 0.0145292
0 0.203947 0.887622 0.0145084 0.0241043
0 0.111403 0.967989 0.0149061 0.0248289
0 0.0325844 0.968072 0.0136955 0.0245842
2 0.725557 0.659629 0.0728293 0.0540508
0 0.34059 0.914829 0.0167029 0.0100466
0 0.225871 0.887337 0.0140886 0.0248404
0 0.580932 0.610663 0.00936677 0.01709
0 0.140266 0.884296 0.0132286 0.0256892
1 0.226244 0.872435 0.0158101 0.00465968
5 0.351444 0.51151 0.228998 0.229613
0 0.135132 0.783082 0.0267003 0.0138422
0 0.723391 0.78259 0.0221372 0.0329428
0 0.0617658 0.96929 0.0136398 0.0256413
0 0.330007 0.834633 0.00748403 0.0147335
1 0.755993 0.760068 0.024169 0.00758837
1 0.0893429 0.886885 0.0165172 0.0049062
0 0.498347 0.638092 0.0169486 0.00980164
1 0.723918 0.803779 0.0235224 0.00847526
1 0.34887 0.864329 0.00486802 0.0143762
0 0.0958847 0.830266 0.0138756 0.024561
1 0.580793 0.620348 0.0105696 0.00399974
1 0.598018 0.435143 0.0141883 0.00528442
0 0.557454 0.556054 0.00864148 0.0159273
1 0.371313 0.864052 0.00688894 0.0144268
2 0.718619 0.482789 0.150739 0.158425
1 0.0881307 0.908885 0.0161971 0.00430285
0 0.528633 0.570853 0.0075581 0.0142305
1 0.0895705 0.855857 0.0164819 0.00430986
0 0.169684 0.526539 0.00828565 0.0158835
1 0.188492 0.94934 0.0155455 0.00386835
1 0.497727 0.341205 0.0145907 0.00466134
1 0.303324 0.863457 0.00713408 0.0146858
0 0.22588 0.667233 0.00923801 0.0165141
1 0.139122 0.97257 0.0162556 0.00431111
1 0.330165 0.856192 0.00991868 0.00272119
1 0.681931 0.661052 0.0159119 0.0411029
1 0.226492 0.855947 0.0171835 0.00445888
1 0.138843 0.942633 0.0152748 0.0042467
1 0.229824 0.928098 0.00253874 0.0100499
1 0.204138 0.90212 0.0156683 0.00465875
1 0.0880691 0.940722 0.0168276 0.0043036
1 0.225357 0.823639 0.0166518 0.0046034
1 0.225995 0.902127 0.0149308 0.00378011
1 0.1541 0.856112 0.0163319 0.00394759
1 0.756281 0.80374 0.0246761 0.00796021
1 0.181712 0.901551 0.0143777 0.00411631
1 0.254051 0.730428 0.00895924 0.00236155
1 0.549806 0.459349 0.0045388 0.0159611
1 0.519286 0.640569 0.0026686 0.00936496
1 0.0569647 0.909206 0.0165363 0.00534821
1 0.292015 0.83027 0.00523007 0.0154037
1 0.561524 0.620687 0.0106689 0.00335312
1 0.277773 0.373145 0.00722385 0.0375936
1 0.551666 0.482106 0.00518799 0.0145986
0 0.299624 0.890378 0.0146986 0.00806227
1 0.16976 0.535729 0.00912913 0.00298147
1 0.264222 0.926649 0.0092826 0.00273964
1 0.286742 0.946533 0.00404964 0.0102577
1 0.52889 0.613969 0.0100591 0.00313931
1 0.0567213 0.877537 0.0166138 0.0047755
1 0.498537 0.370327 0.0138277 0.00424898
1 0.372756 0.831217 0.00652516 0.0150132
1 0.488531 0.638197 0.00221062 0.0105733
1 0.215199 0.964633 0.0102344 0.00453799
1 0.349464 0.831387 0.00709396 0.0152311
1 0.674176 0.358164 0.0295538 0.0923441
1 0.140834 0.869647 0.0159666 0.0048249
1 0.0880454 0.94145 0.0155809 0.0048835
1 0.204242 0.872799 0.0140782 0.00463917
1 0.188432 0.979078 0.0142655 0.00425864
1 0.58157 0.482218 0.00471559 0.0142845
1 0.708662 0.693008 0.0113473 0.00756286
1 0.0670571 0.935448 0.00338566 0.0148888
1 0.255489 0.373775 0.00733805 0.0365254
1 0.549847 0.381126 0.00405602 0.0153215
1 0.280404 0.92583 0.00892417 0.00192011
1 0.266806 0.373021 0.00717973 0.0372369
1 0.154307 0.826284 0.0152212 0.00518086
1 0.244673 0.373798 0.00662416 0.0360139
1 0.300554 0.373995 0.00762045 0.0361775
1 0.232931 0.964286 0.0093901 0.00329871
1 0.213844 0.46199 0.0399457 0.00725127
1 0.255613 0.684567 0.0103638 0.0031203
1 0.09613 0.816397 0.0145982 0.0042582
1 0.0906227 0.668766 0.0042173 0.0151729
1 0.489476 0.428475 0.0373442 0.00755369
1 0.718716 0.39395 0.0144801 0.0204005
1 0.226131 0.677107 0.0108134 0.00392376
0 0.181973 0.837868 0.0144309 0.025594
1 0.350929 0.648159 0.068716 0.0404677
1 0.151107 0.783337 0.0049277 0.0158647
1 0.549537 0.40514 0.00483403 0.0159792
1 0.580604 0.459838 0.00575044 0.014939
1 0.113055 0.857379 0.0173178 0.00517704
1 0.411307 0.374193 0.00634812 0.0373322
1 0.119582 0.783277 0.00404272 0.015888
1 0.786993 0.795138 0.0140328 0.00577733
1 0.330606 0.824624 0.0081557 0.00270412
1 0.76185 0.315419 0.021657 0.00855971
1 0.253494 0.934322 0.00807263 0.00279555
1 0.400205 0.649785 0.00667284 0.0392578
1 0.213641 0.42882 0.0384441 0.00735098
1 0.488762 0.461873 0.0376479 0.0071807
1 0.433555 0.373865 0.00713658 0.0378778
1 0.349309 0.374157 0.0669027 0.0389144
1 0.213299 0.417697 0.037688 0.00747718
1 0.213058 0.595501 0.0390518 0.00727
1 0.308186 0.890736 0.00241148 0.00837845
1 0.182192 0.87272 0.0155506 0.00426933
1 0.549449 0.357083 0.00429435 0.0144179
1 0.771729 0.661698 0.0194506 0.0413553
1 0.557179 0.565669 0.0103257 0.00373959
1 0.711824 0.693503 0.00852685 0.00772858
1 0.213485 0.440083 0.038607 0.00728488
1 0.488677 0.506346 0.0381336 0.00729773
1 0.21331 0.517505 0.0395128 0.00727225
1 0.212691 0.45062 0.0386655 0.00642195
0 0.0597386 0.753817 0.0159486 0.028905
1 0.301464 0.650235 0.00746643 0.04085
1 0.212712 0.584396 0.039002 0.00685726
0 0.0740673 0.633271 0.0143031 0.00744779
1 0.139828 0.900271 0.0158663 0.00588082
1 0.487669 0.517105 0.0375764 0.00708533
1 0.30189 0.830183 0.00468088 0.0143113
1 0.48895 0.439535 0.0369824 0.0074234
1 0.089183 0.981805 0.0146752 0.00649236
1 0.361382 0.864087 0.00598298 0.0142378
1 0.400315 0.374361 0.00648452 0.0365049
1 0.411733 0.650219 0.00702423 0.0407205
1 0.213291 0.539874 0.0403496 0.00724017
1 0.42273 0.373706 0.00760304 0.0385765
1 0.444546 0.374429 0.00733598 0.0378311
1 0.433541 0.649776 0.00740761 0.0396984
1 0.455979 0.37404 0.00773692 0.0341409
1 0.213799 0.61784 0.0375109 0.00781706
1 0.212951 0.573448 0.0384468 0.00698928
1 0.42301 0.64966 0.00741402 0.0387452
1 0.763315 0.358941 0.0205748 0.0903387
1 0.488259 0.495206 0.0367961 0.00722304
1 0.44464 0.649405 0.0076555 0.0397844
1 0.48823 0.595324 0.0366569 0.00735617
0 0.194151 0.665607 0.015327 0.0272897
1 0.194189 0.681917 0.0144567 0.00492784
1 0.489079 0.417582 0.0380721 0.00780381
