0 0.700756 0.419124 0.00977582 0.0168126
0 0.386693 0.668114 0.0279451 0.0151498
3 0.4112 0.144388 0.0367147 0.0682284
0 0.401476 0.535041 0.0151268 0.0275719
0 0.951219 0.856052 0.00793357 0.0149949
3 0.0680576 0.908239 0.0713767 0.0556575
0 0.973923 0.856425 0.00879 0.0151806
0 0.767508 0.403794 0.00849914 0.0150739
1 0.0283408 0.847303 0.0136724 0.0114336
1 0.0532781 0.5938 0.0130567 0.016519
2 0.0537444 0.611851 0.0472274 0.0198117
0 0.420239 0.365506 0.0091281 0.0164101
0 0.260248 0.96711 0.00896407 0.0163448
0 0.675845 0.419986 0.0144968 0.0245624
0 0.101037 0.496051 0.0208508 0.0337625
0 0.121884 0.708221 0.0265178 0.0140805
0 0.724219 0.284843 0.0141201 0.0258957
0 0.921163 0.821467 0.0154412 0.00833799
0 0.7148 0.48757 0.0269344 0.0143516
2 0.259189 0.420074 0.0668381 0.0835053
0 0.644271 0.379449 0.0136384 0.0249386
2 0.286405 0.903262 0.0350456 0.0179762
0 0.184986 0.391712 0.0077691 0.0157279
0 0.188318 0.682011 0.0206437 0.0335221
0 0.348439 0.515962 0.0157702 0.0258133
0 0.103386 0.545716 0.0126459 0.0228941
0 0.41595 0.0540378 0.016097 0.00906793
0 0.30391 0.767079 0.0337407 0.0205913
1 0.0695417 0.628738 0.0141327 0.0139823
0 0.128 0.48689 0.0149557 0.0256631
0 0.0700225 0.496137 0.0208515 0.0332294
2 0.0450675 0.830408 0.0179406 0.0444231
0 0.164322 0.416114 0.0144539 0.0272211
0 0.237875 0.571167 0.0130122 0.0242585
0 0.815391 0.298951 0.0149648 0.0247023
2 0.378745 0.425123 0.0168853 0.0325387
0 0.600537 0.816967 0.0267651 0.0151031
0 0.95183 0.326006 0.0178044 0.0100182
0 0.56955 0.673653 0.0134041 0.027631
2 0.320062 0.592297 0.0635746 0.0867296
0 0.742182 0.725463 0.0125535 0.023058
0 0.416302 0.0373107 0.016691 0.00975102
0 0.648283 0.572351 0.0133311 0.0272593
0 0.618607 0.353835 0.0139132 0.0252264
1 0.393956 0.380535 0.014629 0.00761867
0 0.700169 0.282317 0.0142872 0.0264155
0 0.232809 0.823693 0.0247507 0.0128411
0 0.941376 0.277815 0.00978814 0.0168696
0 0.125071 0.664907 0.0207416 0.0325195
1 0.0373274 0.629131 0.0122523 0.0141766
0 0.0464129 0.701514 0.0342014 0.0203176
0 0.68764 0.881363 0.0257728 0.0145089
0 0.717376 0.853303 0.0255754 0.0133032
0 0.66486 0.785119 0.0253005 0.0147462
0 0.94158 0.245783 0.00709465 0.0152296
0 0.157874 0.682838 0.0201917 0.0332153
1 0.101038 0.474033 0.0230276 0.00825404
0 0.396673 0.637778 0.00914098 0.0162947
0 0.77924 0.450045 0.00824306 0.0155339
0 0.700779 0.379205 0.0128783 0.0219273
0 0.764975 0.252851 0.0144645 0.026082
0 0.315248 0.656366 0.0258608 0.013377
2 0.904259 0.259037 0.0329385 0.0168294
0 0.816121 0.956845 0.0324155 0.0197091
0 0.885395 0.842552 0.0194894 0.0307362
0 0.774701 0.612902 0.0152599 0.00837282
0 0.714709 0.510555 0.0261174 0.0147658
0 0.673237 0.37969 0.0144675 0.0266181
0 0.911674 0.301531 0.0143166 0.00714674
0 0.664848 0.34667 0.0254361 0.0141338
0 0.761826 0.447726 0.0101088 0.016513
0 0.588227 0.382141 0.0199866 0.0335275
0 0.362402 0.781054 0.0266557 0.014881
2 0.971163 0.258456 0.032191 0.0178534
0 0.699072 0.335142 0.0134628 0.0232958
0 0.107127 0.818972 0.0211357 0.0335321
0 0.794244 0.299208 0.0129204 0.0238051
0 0.721329 0.611605 0.0167284 0.00952073
0 0.368872 0.454585 0.0176745 0.0101801
0 0.190828 0.818212 0.0199177 0.0329148
0 0.597208 0.789036 0.0269928 0.0142346
1 0.112489 0.907716 0.0177554 0.0411454
0 0.668051 0.503911 0.0261116 0.0145587
0 0.756028 0.964975 0.0315845 0.0186858
0 0.722836 0.379275 0.0151784 0.0232927
0 0.667842 0.304254 0.0142254 0.0260526
0 0.280631 0.842651 0.0166987 0.00936295
0 0.600572 0.714403 0.0132524 0.0229411
0 0.636705 0.736799 0.0251417 0.0134804
0 0.333351 0.41705 0.00786756 0.0169449
0 0.837843 0.298934 0.0138968 0.0249268
0 0.746765 0.194511 0.0265233 0.0140806
2 0.378082 0.370078 0.0170738 0.0330258
0 0.670384 0.819205 0.0130961 0.0245927
0 0.0472061 0.66607 0.0331046 0.0208918
1 0.188178 0.660636 0.0231102 0.00765935
1 0.0706047 0.474363 0.022724 0.00876952
1 0.196199 0.136544 0.0395332 0.0195538
0 0.797215 0.561209 0.0141156 0.0248808
0 0.750445 0.369701 0.0153313 0.0261874
0 0.630782 0.481969 0.0131707 0.0231416
0 0.788446 0.78632 0.0150769 0.00851372
0 0.641223 0.855471 0.0213463 0.0330646
0 0.617824 0.947214 0.014188 0.0264899
0 0.789713 0.736665 0.0148239 0.00830541
0 0.831909 0.3396 0.0166917 0.00950945
0 0.830302 0.784544 0.0158472 0.00796534
0 0.23109 0.491471 0.0342451 0.0217492
0 0.793739 0.407237 0.0157755 0.00833367
0 0.686196 0.0438823 0.0137662 0.00733991
0 0.788231 0.809011 0.0159624 0.00831316
1 0.0700724 0.120702 0.0157959 0.0120126
0 0.837138 0.251288 0.0141699 0.0265958
0 0.572789 0.982463 0.0258508 0.013133
0 0.752052 0.295331 0.0149422 0.0260327
1 0.0624397 0.8302 0.0153212 0.0110023
0 0.530605 0.980904 0.0282709 0.014307
0 0.688018 0.0808469 0.0243096 0.013537
1 0.0211465 0.908877 0.0186397 0.0433845
3 0.196733 0.179887 0.0519788 0.0711254
2 0.0514816 0.121026 0.0200764 0.0487305
0 0.272294 0.735331 0.0241438 0.0133618
0 0.844752 0.366097 0.00863841 0.0159862
0 0.676994 0.851369 0.025987 0.0136085
0 0.654834 0.467986 0.0151844 0.0244307
0 0.830284 0.80892 0.0165303 0.00801324
1 0.838191 0.283841 0.0155826 0.00446463
0 0.302309 0.702356 0.0340576 0.0214652
1 0.27246 0.559168 0.0298006 0.0105583
1 0.307564 0.387949 0.0296933 0.0111065
0 0.714797 0.652927 0.0128954 0.0231775
0 0.080405 0.548539 0.0148489 0.0267318
0 0.950813 0.815344 0.0084605 0.0160403
0 0.728653 0.882539 0.0248385 0.0123787
0 0.974055 0.814974 0.00811861 0.0156358
0 0.720581 0.531175 0.0157848 0.00941492
0 0.232939 0.97424 0.0172887 0.00984905
1 0.892392 0.240926 0.00643471 0.0151256
1 0.188216 0.703951 0.0232291 0.00795815
0 0.0463723 0.177719 0.0307735 0.0215426
1 0.307764 0.452935 0.0295705 0.0121165
0 0.663192 0.525969 0.0235586 0.0150955
0 0.157867 0.818603 0.0218002 0.0338414
1 0.107015 0.840065 0.0237463 0.00776447
0 0.311507 0.844641 0.0162839 0.00925708
0 0.425912 0.436072 0.0089338 0.0151009
1 0.211409 0.409529 0.0271689 0.0111959
1 0.335164 0.104197 0.0404828 0.0204981
0 0.866168 0.150695 0.00824669 0.0159324
0 0.772452 0.881089 0.0255871 0.0135478
0 0.78782 0.763058 0.0156326 0.00856468
1 0.144959 0.882785 0.0302895 0.0122693
0 0.864713 0.355469 0.00747205 0.0155466
1 0.124934 0.643508 0.0225523 0.00782532
1 0.211803 0.388375 0.0302983 0.0111941
1 0.396807 0.62717 0.00986662 0.00425983
2 0.168705 0.623721 0.0178604 0.034763
0 0.424351 0.787866 0.0336456 0.0214913
0 0.151443 0.585674 0.0262489 0.0137986
1 0.240735 0.904134 0.0268481 0.0111852
0 0.679178 0.603594 0.0245981 0.0133032
1 0.107075 0.797455 0.0245465 0.00886654
1 0.124814 0.684914 0.0226011 0.00700547
1 0.301271 0.844581 0.00315904 0.00943781
1 0.212479 0.45336 0.0286862 0.0107362
1 0.239755 0.861364 0.0290917 0.0122129
1 0.402588 0.668099 0.00420849 0.0164219
1 0.240472 0.882933 0.0279598 0.0116121
1 0.252125 0.491185 0.00723303 0.0230338
1 0.675787 0.434799 0.0155542 0.00475311
2 0.193976 0.891577 0.0603794 0.0821915
1 0.102842 0.560127 0.0135639 0.00528517
1 0.885637 0.862054 0.0225013 0.00889225
1 0.368242 0.624835 0.0292853 0.011678
1 0.196391 0.225846 0.0409202 0.019298
0 0.558733 0.587783 0.0283543 0.0139849
1 0.307603 0.409557 0.0294977 0.0115745
1 0.157868 0.661903 0.0221064 0.00699071
1 0.412 0.101329 0.0270657 0.0155053
1 0.15258 0.611882 0.014329 0.0109533
0 0.827153 0.36559 0.00892877 0.0168644
1 0.14496 0.904189 0.0307424 0.0118473
1 0.0264732 0.177906 0.00861039 0.0239223
0 0.876084 0.328871 0.00897723 0.016894
0 0.995433 0.814359 0.0084348 0.0140247
1 0.401655 0.519356 0.0161334 0.00380541
1 0.190486 0.840487 0.0225816 0.00893352
1 0.247952 0.823875 0.00531985 0.0143673
0 0.891761 0.328893 0.00791037 0.014626
1 0.0344479 0.10405 0.0146457 0.0125172
1 0.701009 0.408983 0.0109909 0.00374447
0 0.882937 0.150046 0.0108352 0.0167461
0 0.867044 0.105919 0.00846531 0.0161114
1 0.211904 0.431882 0.0291661 0.0131913
1 0.273091 0.602889 0.0272586 0.0111089
0 0.720635 0.548602 0.0163627 0.00814951
1 0.15773 0.703876 0.0235994 0.00778054
0 0.799795 0.375768 0.0142326 0.0249769
1 0.700482 0.393462 0.0139029 0.00429191
1 0.272743 0.580956 0.0280009 0.0124807
1 0.0278966 0.814373 0.015125 0.0111096
1 0.368612 0.559134 0.0289296 0.0113244
1 0.307692 0.431691 0.0294837 0.0122579
1 0.0683727 0.701518 0.00814072 0.0238933
1 0.426367 0.0541815 0.00367321 0.0103005
0 0.76032 0.485138 0.0152946 0.0255383
1 0.324313 0.767081 0.00746411 0.0216548
1 0.0326068 0.137399 0.0147385 0.0121046
1 0.761577 0.45728 0.0119579 0.00366614
1 0.0701345 0.517702 0.0232872 0.00670764
0 0.57696 0.621033 0.0318644 0.0201641
1 0.145225 0.926156 0.0312012 0.0126347
1 0.0682985 0.666313 0.0088209 0.0230884
0 0.83722 0.0790441 0.00984386 0.0164213
1 0.284597 0.919159 0.0108582 0.0139901
1 0.368505 0.602729 0.0276385 0.011975
1 0.840131 0.809382 0.00313612 0.00966056
1 0.714527 0.881511 0.00426339 0.0150681
0 0.312117 0.861858 0.0165017 0.00865517
1 0.89249 0.275392 0.00693893 0.0154253
1 0.588319 0.402394 0.0235982 0.00707089
1 0.4016 0.550826 0.0161998 0.00444769
1 0.272763 0.624408 0.0283981 0.0113253
1 0.885153 0.821009 0.0228362 0.00988507
0 0.427702 0.820681 0.0368703 0.0223017
1 0.300166 0.656502 0.00487709 0.0162831
1 0.240732 0.926361 0.0272634 0.0122421
1 0.157577 0.797151 0.0235485 0.00882121
0 0.793176 0.427091 0.015663 0.00858175
1 0.762984 0.194266 0.00531494 0.0156075
0 0.748075 0.689332 0.0150353 0.00867869
0 0.794499 0.657264 0.00766573 0.0138325
1 0.72298 0.393484 0.0164624 0.00507092
1 0.158152 0.840022 0.0239106 0.00775553
0 0.789745 0.696595 0.0157197 0.00807809
1 0.36143 0.380843 0.0161537 0.00680817
1 0.426085 0.0371109 0.00265694 0.0110757
1 0.777207 0.96451 0.00824237 0.0230635
1 0.189654 0.797438 0.0238085 0.00816795
1 0.730979 0.487628 0.00487281 0.0159168
0 0.860139 0.83165 0.00961079 0.0166684
1 0.973921 0.824472 0.00952098 0.00280449
1 0.347198 0.78121 0.00373412 0.0168615
1 0.39598 0.412627 0.0150932 0.00643105
0 0.781102 0.630254 0.0155654 0.00825788
1 0.37953 0.454725 0.00272172 0.0111494
1 0.37171 0.66802 0.00344933 0.0161084
1 0.368545 0.581196 0.0285006 0.0121918
1 0.411798 0.186099 0.0267832 0.0139049
1 0.640675 0.832276 0.0221815 0.00771019
1 0.600122 0.699867 0.0139456 0.0043986
1 0.184738 0.624079 0.0147203 0.0112191
1 0.447584 0.820326 0.00736046 0.0241196
0 0.707248 0.241779 0.0136375 0.0234522
1 0.335467 0.193175 0.0397469 0.0200894
1 0.330707 0.656304 0.00470887 0.0161209
1 0.294984 0.88757 0.00837686 0.0136532
1 0.618822 0.338524 0.0161602 0.00451923
0 0.927199 0.857535 0.0155821 0.00771032
0 0.830126 0.766112 0.0148401 0.00834368
1 0.724252 0.269386 0.0167439 0.00446964
1 0.441846 0.403399 0.00273645 0.0096837
1 0.260485 0.956748 0.0107531 0.00372696
1 0.826984 0.355164 0.0104942 0.00387601
1 0.101839 0.518192 0.0221017 0.0055027
0 0.749113 0.64034 0.0156214 0.00800061
1 0.395274 0.435307 0.0144143 0.00628525
1 0.581133 0.788874 0.00422418 0.0168371
0 0.432036 0.403247 0.0148576 0.00782144
1 0.76468 0.237169 0.0166869 0.00437754
1 0.648629 0.588791 0.0168403 0.00504922
1 0.674472 0.394559 0.0160961 0.0036193
1 0.420035 0.355918 0.0102256 0.0024818
1 0.323524 0.702462 0.00822699 0.0234645
1 0.557688 0.982178 0.00473141 0.0155115
1 0.730269 0.548512 0.00251051 0.00891401
1 0.724468 0.300796 0.0165384 0.00473232
1 0.644637 0.364581 0.0146356 0.00354551
1 0.691843 0.851697 0.00389193 0.0141063
1 0.395255 0.424943 0.014247 0.00485305
1 0.683158 0.503509 0.00402019 0.015186
1 0.362907 0.41265 0.0153559 0.00690973
1 0.404151 0.788206 0.00697655 0.0234142
1 0.273208 0.886707 0.00930286 0.0137831
1 0.815954 0.284644 0.0162297 0.00402898
1 0.0257407 0.701368 0.006784 0.0229726
0 0.88732 0.358039 0.0163493 0.00859648
1 0.643357 0.393685 0.0146506 0.00378434
1 0.731588 0.61178 0.00352147 0.0110409
1 0.209067 0.491128 0.00725024 0.0242644
1 0.583246 0.81669 0.00495936 0.0174672
1 0.767426 0.394601 0.00878887 0.00311298
1 0.950845 0.824473 0.00961698 0.00286515
1 0.613472 0.789242 0.00505804 0.0164509
1 0.982848 0.276023 0.00668397 0.0148323
1 0.6222 0.736703 0.00456488 0.0148506
1 0.650864 0.736657 0.00489845 0.0143773
1 0.730251 0.53128 0.00358425 0.0103823
1 0.794623 0.956154 0.00800248 0.0223144
1 0.323382 0.861644 0.00417741 0.0101375
