0 0.0749204 0.395457 0.0144909 0.0265164
0 0.381149 0.946167 0.00899778 0.0158935
0 0.72132 0.612957 0.00917572 0.0163723
0 0.358205 0.945995 0.00877415 0.0158212
0 0.155871 0.731323 0.014998 0.00779924
0 0.16782 0.575926 0.0149928 0.0243233
0 0.114518 0.331673 0.0141789 0.0253039
0 0.0387022 0.572923 0.0139466 0.0264167
0 0.159135 0.386033 0.0151232 0.0259862
0 0.150261 0.815592 0.0123348 0.0238614
0 0.434931 0.949558 0.0156073 0.00875523
0 0.738551 0.617643 0.0101672 0.0163144
0 0.349102 0.368192 0.00956785 0.0165467
0 0.561636 0.977777 0.0159816 0.00935626
0 0.135553 0.973023 0.0252465 0.0139669
0 0.459282 0.959647 0.00881164 0.015433
0 0.195243 0.876084 0.0154656 0.00770287
0 0.106675 0.427584 0.0135072 0.0266781
0 0.548348 0.142133 0.0168955 0.00969738
0 0.0788265 0.909432 0.0134722 0.0241289
0 0.188249 0.719964 0.0152722 0.00795533
0 0.19534 0.899823 0.0151256 0.0083842
0 0.0933275 0.134482 0.014002 0.0076183
0 0.581363 0.112905 0.0102263 0.0165378
0 0.35875 0.416494 0.0175165 0.00976897
0 0.775569 0.285332 0.020888 0.0337657
0 0.759378 0.572165 0.0145273 0.0247227
1 0.774544 0.262921 0.0224529 0.0101469
0 0.108069 0.469987 0.0119934 0.0249466
0 0.381682 0.90547 0.00880939 0.0156531
0 0.124367 0.944566 0.0247381 0.0127507
0 0.294757 0.449062 0.0169478 0.00923157
0 0.10816 0.372929 0.0142418 0.0274942
0 0.0953134 0.971927 0.0249278 0.0147339
0 0.107203 0.510482 0.00952449 0.0162075
0 0.181786 0.70395 0.015212 0.00859045
0 0.19967 0.51818 0.0154744 0.00828696
0 0.0837602 0.509883 0.0137912 0.0243537
0 0.0624122 0.558523 0.0146294 0.0256052
0 0.0514852 0.470453 0.0132886 0.0238013
0 0.121874 0.744118 0.0134667 0.0250642
0 0.729142 0.692286 0.0164726 0.00900375
0 0.404468 0.94631 0.00918376 0.015348
0 0.207235 0.467135 0.0138693 0.0245367
0 0.201081 0.747646 0.00840579 0.014599
0 0.283077 0.419267 0.00956288 0.0155626
0 0.204015 0.651751 0.0135089 0.0247681
0 0.122032 0.578753 0.0263597 0.0144965
0 0.172522 0.344327 0.0139367 0.0262024
0 0.2444 0.341867 0.0144957 0.0271017
0 0.292793 0.931899 0.0193059 0.0291861
0 0.750157 0.664592 0.0255558 0.0147211
0 0.298577 0.41934 0.00810951 0.0155002
0 0.357941 0.90518 0.00864185 0.0154398
0 0.290397 0.241039 0.0103231 0.0169677
0 0.185282 0.540422 0.00853331 0.0143056
0 0.195012 0.853737 0.0152615 0.00758981
0 0.223315 0.389215 0.0143517 0.0235765
0 0.156921 0.460052 0.0149294 0.0260952
0 0.200835 0.389781 0.0130113 0.0229691
0 0.236875 0.899053 0.0161054 0.00815076
0 0.576313 0.0580068 0.00931393 0.0160182
0 0.174548 0.494886 0.00902356 0.015488
0 0.122209 0.60152 0.0254537 0.0147846
0 0.0492613 0.944249 0.0204999 0.0345418
0 0.196782 0.787079 0.0159611 0.00865129
0 0.128353 0.702161 0.0169401 0.00951748
0 0.599937 0.112617 0.0103023 0.0167162
0 0.095324 0.172078 0.0250192 0.0139689
0 0.0706233 0.616718 0.0247947 0.0144026
0 0.54751 0.106149 0.00783801 0.0155886
0 0.155373 0.780072 0.0147622 0.00829309
0 0.131433 0.376656 0.0145549 0.0280643
0 0.180338 0.970836 0.0258486 0.0138206
0 0.251971 0.455962 0.00801974 0.0156878
0 0.685188 0.612553 0.00863835 0.0166813
0 0.805882 0.281966 0.0129955 0.0248918
0 0.0803135 0.470349 0.013824 0.0268471
2 0.31176 0.349063 0.0334779 0.0167899
0 0.0442504 0.827054 0.0239285 0.0132568
0 0.60232 0.906831 0.0155011 0.00858238
1 0.246662 0.874989 0.00310632 0.00948027
0 0.196237 0.826014 0.0150645 0.00830291
0 0.555367 0.905331 0.00871702 0.0149972
0 0.0720791 0.875804 0.0255653 0.0150427
2 0.379393 0.349208 0.0320571 0.0184494
0 0.0841057 0.941328 0.0251668 0.013618
0 0.742456 0.283554 0.0218506 0.0339667
0 0.772148 0.741838 0.00831141 0.0144132
0 0.403765 0.905699 0.00815188 0.015563
0 0.233989 0.456587 0.008681 0.0164924
0 0.467424 0.934828 0.0156234 0.00807909
0 0.127632 0.638912 0.0157455 0.00910212
0 0.272061 0.445529 0.00767511 0.0145491
0 0.054999 0.663007 0.0137053 0.0274441
0 0.703412 0.613063 0.00900362 0.0172453
1 0.0749788 0.378868 0.0169778 0.00536287
0 0.591675 0.934453 0.0148062 0.00783989
0 0.653571 0.704921 0.00807121 0.0158637
1 0.322223 0.365504 0.00684923 0.0137451
0 0.0869066 0.693881 0.024248 0.0125074
2 0.744 0.162954 0.0707469 0.0541804
1 0.299579 0.36465 0.00624122 0.0133697
1 0.0484768 0.965238 0.023113 0.00763546
0 0.563936 0.956429 0.0160926 0.00795414
0 0.62561 0.871348 0.0147035 0.00765591
0 0.0722349 0.437302 0.0250158 0.0144069
0 0.0255395 0.444091 0.0149065 0.024279
0 0.12772 0.622249 0.0155045 0.00868131
0 0.18863 0.0281339 0.008592 0.0153527
0 0.518018 0.140057 0.0163364 0.00962315
0 0.772346 0.782702 0.00832655 0.0154049
0 0.244748 0.169479 0.0101598 0.0171386
0 0.0750294 0.594557 0.0245211 0.0142176
1 0.741967 0.262239 0.0244906 0.00917147
0 0.334144 0.946881 0.0154439 0.00839902
0 0.244813 0.389063 0.0145844 0.0226289
0 0.27466 0.196957 0.00856077 0.0158082
0 0.328004 0.911888 0.0154602 0.00940942
0 0.240488 0.508936 0.0170085 0.00897958
0 0.620937 0.854227 0.0162016 0.00792288
0 0.169341 0.537414 0.00892169 0.0158353
0 0.239692 0.430428 0.0158246 0.0086729
0 0.653438 0.748329 0.00971603 0.0164091
0 0.547963 0.0726778 0.00740089 0.0144822
0 0.154196 0.285252 0.0258262 0.0141624
1 0.283129 0.40924 0.0106956 0.00363309
1 0.174821 0.504568 0.0103808 0.00360226
1 0.0752313 0.410817 0.0161914 0.00420101
1 0.457048 0.934129 0.0031309 0.00955438
0 0.129985 0.470044 0.0155343 0.0248192
1 0.159599 0.370924 0.0158843 0.00399705
0 0.633985 0.937656 0.0164044 0.00883678
0 0.237319 0.856777 0.0150736 0.00810742
1 0.121885 0.7295 0.0146095 0.00386585
1 0.114194 0.316426 0.0149178 0.00407094
1 0.790358 0.163629 0.018824 0.03988
1 0.15094 0.800192 0.0152333 0.00479051
1 0.0517673 0.455838 0.015105 0.00392986
1 0.158508 0.401041 0.0164917 0.00485539
1 0.299091 0.409622 0.00884144 0.00323189
0 0.460481 0.914609 0.0141532 0.00806002
1 0.246334 0.898842 0.00233509 0.00878719
1 0.107446 0.52013 0.0101968 0.00328874
0 0.433807 0.926575 0.0139015 0.00746467
1 0.136948 0.638271 0.00260877 0.0112248
0 0.736862 0.523815 0.0100699 0.0152228
3 0.689946 0.763568 0.0408466 0.0497551
1 0.689579 0.793559 0.0186339 0.0102141
1 0.167948 0.590388 0.0161315 0.00434506
1 0.284484 0.4487 0.0031253 0.011544
0 0.602399 0.889741 0.014772 0.00877262
1 0.36831 0.33255 0.0075506 0.0145389
1 0.293049 0.951512 0.0218669 0.00949416
0 0.237043 0.874853 0.015712 0.00864504
1 0.0617587 0.543835 0.0158221 0.00402951
1 0.742803 0.305908 0.0229862 0.00781466
1 0.292842 0.911716 0.0233329 0.00920649
1 0.245815 0.856936 0.00241164 0.0102619
1 0.775078 0.306019 0.0237203 0.00705219
0 0.703268 0.535725 0.00905665 0.0165857
1 0.404142 0.956334 0.0104349 0.00399305
1 0.758571 0.556616 0.0174537 0.00531981
1 0.136912 0.578807 0.00460493 0.0133583
1 0.547932 0.0820799 0.00824719 0.00327521
0 0.318005 0.392289 0.0157269 0.00840021
1 0.0780247 0.894725 0.0159678 0.00453899
1 0.106545 0.411781 0.0155674 0.00493975
0 0.267417 0.921675 0.00904965 0.0152793
1 0.38176 0.956094 0.00991005 0.00472735
1 0.0569673 0.437041 0.00507042 0.0161727
1 0.36847 0.365563 0.00651238 0.0147495
1 0.203865 0.636628 0.0143692 0.00366567
1 0.206948 0.481047 0.0152535 0.00389574
1 0.246072 0.874956 0.00255364 0.0103465
0 0.200421 0.497863 0.0153512 0.00778054
0 0.273409 0.240799 0.00828327 0.0151696
1 0.201047 0.738576 0.00850909 0.00331066
1 0.459343 0.949615 0.00934435 0.00357437
1 0.120484 0.972666 0.00426707 0.0152113
0 0.367856 0.21683 0.00953496 0.0187669
1 0.0577706 0.827169 0.00401882 0.015143
0 0.349059 0.335397 0.00755276 0.0139006
1 0.425189 0.94955 0.00297149 0.00962135
1 0.652812 0.737912 0.010913 0.0031288
1 0.191754 0.703912 0.00327041 0.00931956
1 0.558898 0.142439 0.00323292 0.0110412
1 0.299772 0.332073 0.00557768 0.0156234
1 0.130077 0.455892 0.0158552 0.00405515
1 0.0805017 0.97183 0.00460062 0.0160766
1 0.654098 0.714834 0.0093472 0.00329421
0 0.62232 0.965545 0.00705169 0.0132493
1 0.107144 0.60173 0.0047808 0.0165596
1 0.0568516 0.875936 0.00474363 0.0174005
1 0.690414 0.733614 0.0178294 0.0110841
1 0.206628 0.786591 0.00291352 0.0101283
1 0.251958 0.465384 0.00909858 0.00248134
1 0.0785968 0.925115 0.0139318 0.00514959
1 0.527844 0.140258 0.00367643 0.0100872
1 0.168945 0.527641 0.00950837 0.00352791
1 0.0809135 0.172323 0.003696 0.0149305
1 0.205825 0.899487 0.00437164 0.0101192
1 0.18875 0.0190139 0.00903178 0.00235918
1 0.167867 0.285217 0.00326019 0.0137612
1 0.0835296 0.495612 0.0156331 0.00434134
1 0.57366 0.956683 0.00310035 0.00885297
1 0.106353 0.578067 0.00421264 0.0160083
1 0.547706 0.0965904 0.00853467 0.00329711
1 0.622621 0.95717 0.0074935 0.00354792
1 0.772063 0.792839 0.00969214 0.00331297
1 0.114886 0.34677 0.0157341 0.00433625
1 0.0621531 0.573445 0.0157678 0.00366111
1 0.290233 0.230759 0.0106884 0.00352109
1 0.701662 0.163782 0.0154877 0.0405074
1 0.150604 0.972549 0.00495815 0.0154061
1 0.0835019 0.525465 0.0153449 0.00555908
1 0.738862 0.692472 0.00326013 0.0105283
1 0.23057 0.431114 0.0026577 0.00941886
1 0.168211 0.560976 0.015397 0.00531331
1 0.0490009 0.923242 0.0237048 0.00744554
1 0.136583 0.622645 0.00302596 0.0107813
1 0.244931 0.357312 0.0164201 0.00540805
1 0.0740271 0.694124 0.00328628 0.0139017
1 0.322472 0.332062 0.00501464 0.0154844
1 0.349118 0.377795 0.0108974 0.00395884
1 0.0899776 0.594639 0.00389486 0.0146396
1 0.357508 0.895778 0.00937574 0.00355486
7 0.432804 0.680131 0.337733 0.342763
1 0.20379 0.666705 0.014535 0.0047159
1 0.0379657 0.557339 0.0147418 0.00395559
1 0.0552377 0.646412 0.016666 0.00521394
1 0.736883 0.53321 0.0104034 0.00488019
1 0.644142 0.937583 0.00359845 0.00958133
1 0.185427 0.550232 0.0090829 0.00384747
1 0.612615 0.90712 0.00329852 0.0097206
1 0.0387159 0.589078 0.0172817 0.0046952
1 0.358721 0.956038 0.0100478 0.00432205
1 0.108143 0.455373 0.0148927 0.00443183
1 0.275136 0.206515 0.0102066 0.00348956
1 0.206407 0.82579 0.00394874 0.00955438
1 0.738408 0.627601 0.0108101 0.00392607
1 0.108957 0.357318 0.0163525 0.00521769
1 0.551137 0.978279 0.00264171 0.0100928
1 0.244749 0.159534 0.011171 0.00280075
1 0.471445 0.914759 0.00385619 0.00908542
1 0.310718 0.332225 0.00617074 0.015559
1 0.200839 0.40346 0.0122625 0.00397207
1 0.389803 0.366298 0.0073154 0.0138093
1 0.0627731 0.574206 0.0148178 0.00408385
1 0.136459 0.600912 0.00346786 0.0156453
1 0.198659 0.720989 0.00315991 0.00754641
1 0.0296144 0.826172 0.00597104 0.0153272
1 0.138681 0.285661 0.00532708 0.0164992
1 0.576764 0.0667434 0.0090716 0.00269402
1 0.37929 0.365644 0.00507302 0.0145178
1 0.38084 0.895859 0.00933541 0.0032742
1 0.0600384 0.594442 0.00491738 0.0150571
1 0.130303 0.455283 0.01669 0.00569272
1 0.582406 0.934462 0.00212791 0.0087688
1 0.130273 0.485924 0.01478 0.00599933
1 0.348684 0.416602 0.00346972 0.0103889
1 0.185118 0.854388 0.00447062 0.0096822
1 0.0256313 0.458124 0.0154366 0.00484551
1 0.244612 0.40367 0.0138242 0.00604295
1 0.759305 0.58801 0.0165715 0.00594949
1 0.0480638 0.921476 0.0226426 0.00803394
1 0.0977149 0.941858 0.00382575 0.0141733
1 0.635351 0.871272 0.0042365 0.00880695
1 0.106855 0.442981 0.0155243 0.00448096
1 0.157372 0.443803 0.0169422 0.005582
1 0.150486 0.830334 0.0151363 0.00527735
1 0.580264 0.496981 0.00526378 0.0266674
1 0.273709 0.231279 0.00943559 0.00300706
1 0.615488 0.55744 0.0282984 0.00550242
1 0.685265 0.621444 0.00877211 0.00285708
1 0.369603 0.41683 0.00427318 0.0110995
1 0.403736 0.895555 0.00904465 0.00325337
0 0.120336 0.944125 0.0187695 0.0129058
1 0.246594 0.583456 0.0295795 0.00586219
1 0.145441 0.731153 0.00323682 0.00884072
1 0.738828 0.606547 0.0114378 0.00313756
1 0.0188917 0.678871 0.010179 0.0157977
1 0.246178 0.540599 0.0288435 0.00590034
1 0.205627 0.876612 0.00418676 0.00885985
1 0.246538 0.634942 0.0294148 0.00576745
1 0.6155 0.548976 0.0289033 0.00546033
1 0.184746 0.876746 0.00370055 0.00991146
1 0.24731 0.677546 0.0281814 0.00564338
1 0.214429 0.183754 0.0162997 0.0047791
1 0.615356 0.565878 0.0283763 0.00524377
1 0.246929 0.822598 0.0292546 0.00590002
1 0.131759 0.392727 0.0149441 0.00538444
1 0.306743 0.449537 0.00524046 0.0100191
1 0.572114 0.497591 0.00533532 0.0266715
1 0.234474 0.464811 0.00923091 0.00379419
0 0.214198 0.167015 0.0156327 0.0285777
1 0.246659 0.558403 0.0285874 0.00570622
