2 0.291438 0.847643 0.0320893 0.0172441
0 0.271376 0.739336 0.00998272 0.016711
0 0.561607 0.611748 0.00954862 0.0162966
0 0.52859 0.60447 0.00839115 0.0158668
0 0.0887579 0.871668 0.0143092 0.0271335
0 0.279356 0.91833 0.00806736 0.0150053
0 0.529228 0.640998 0.0165342 0.00890138
0 0.232146 0.954832 0.00854594 0.0166121
5 0.349778 0.512631 0.231554 0.229576
0 0.18144 0.888226 0.0132282 0.0235522
0 0.597553 0.421663 0.0121436 0.0230445
0 0.0887875 0.967803 0.0137008 0.024038
0 0.275515 0.947302 0.0173761 0.00934057
0 0.263759 0.917786 0.00957858 0.0157552
2 0.359114 0.84801 0.0332026 0.0167635
0 0.786766 0.780912 0.0122239 0.0237612
0 0.566081 0.48221 0.0244956 0.0133592
0 0.339461 0.915247 0.0171932 0.010161
0 0.563049 0.38122 0.0246501 0.0129266
0 0.329067 0.866268 0.00937649 0.0171054
0 0.0561289 0.893711 0.0141852 0.0263951
0 0.498399 0.638819 0.0170252 0.0100522
0 0.755572 0.782491 0.0220025 0.0349364
0 0.225048 0.841024 0.0140695 0.0257161
0 0.137768 0.958448 0.0153306 0.0260539
0 0.562901 0.357845 0.0232138 0.0121197
0 0.153265 0.842609 0.0136653 0.0246458
0 0.556915 0.556285 0.00874723 0.0162485
1 0.303174 0.864478 0.00748694 0.0143453
0 0.562758 0.405418 0.0246716 0.0133725
0 0.187359 0.965189 0.0133821 0.0256111
0 0.498142 0.357411 0.0125898 0.0245343
0 0.0872706 0.925888 0.0142615 0.0264714
1 0.754926 0.761296 0.0240946 0.00909643
0 0.58048 0.61141 0.00927572 0.0172368
0 0.112226 0.87519 0.0147708 0.0257449
0 0.254967 0.69532 0.00888091 0.0164071
0 0.139697 0.884728 0.0134121 0.0255149
0 0.00719229 0.943102 0.0136094 0.0248843
0 0.0529713 0.935895 0.0243659 0.0145292
1 0.722367 0.760661 0.0230493 0.00861415
0 0.0314524 0.969219 0.0123406 0.0256545
0 0.203736 0.888046 0.0144544 0.0244059
0 0.133859 0.783956 0.0245029 0.0131665
0 0.214631 0.954541 0.0089126 0.0157694
0 0.728298 0.332342 0.0105662 0.0167447
0 0.252139 0.944538 0.00817218 0.0154955
0 0.225644 0.888419 0.014091 0.0238285
1 0.0889089 0.887459 0.0166157 0.00537566
1 0.371234 0.864101 0.00676846 0.0144252
0 0.564825 0.46096 0.0241547 0.0142829
0 0.0954728 0.831086 0.0145526 0.0259485
0 0.0760309 0.670599 0.0249129 0.013258
1 0.58042 0.621502 0.0110746 0.00388111
2 0.725062 0.66181 0.0717324 0.0569358
0 0.722478 0.781784 0.0215588 0.0333036
0 0.528522 0.571605 0.00765754 0.013103
1 0.0869086 0.909534 0.0163649 0.00464105
0 0.0613656 0.968958 0.0134313 0.0270848
0 0.29895 0.891229 0.0152001 0.00796008
0 0.0735254 0.63361 0.0147013 0.00723029
0 0.220417 0.929263 0.0157833 0.00862985
1 0.348988 0.83182 0.0081269 0.0150316
1 0.181379 0.902303 0.0140063 0.00462185
1 0.0671336 0.935957 0.00400152 0.0155058
1 0.231823 0.964849 0.00952506 0.0033281
0 0.32944 0.834324 0.00775862 0.0146237
1 0.348587 0.86457 0.00594205 0.0142253
0 0.254206 0.739309 0.00710941 0.0146439
0 0.169276 0.527214 0.00839976 0.0160666
1 0.137922 0.942875 0.0170289 0.00458001
0 0.110337 0.969106 0.013979 0.0238789
1 0.138318 0.973574 0.0171853 0.00407816
1 0.722895 0.803911 0.0240648 0.00866224
0 0.562833 0.428559 0.0252702 0.0155536
1 0.0559211 0.878448 0.0178445 0.00426677
1 0.0874545 0.941206 0.0165916 0.00408316
1 0.187884 0.979684 0.014856 0.00447952
1 0.286101 0.947124 0.00337154 0.0100268
1 0.0563949 0.909568 0.016945 0.0052731
1 0.139989 0.869876 0.0159571 0.00492384
1 0.55102 0.482301 0.00459765 0.0150467
1 0.0906784 0.670217 0.00473177 0.0150502
1 0.488469 0.63867 0.00171055 0.0108881
1 0.498105 0.371747 0.0144053 0.00415564
1 0.203697 0.903026 0.0146286 0.00479245
1 0.288176 0.374545 0.00712585 0.0390567
1 0.518831 0.640632 0.00269758 0.00943093
1 0.681313 0.662035 0.0162988 0.0411964
1 0.292024 0.831156 0.00570441 0.0156473
1 0.00735999 0.957646 0.01472 0.00375554
1 0.755828 0.805006 0.0245943 0.00791362
1 0.22519 0.856372 0.0166441 0.004457
1 0.214856 0.965054 0.0103859 0.00401062
1 0.329315 0.856282 0.0104128 0.00292206
1 0.18729 0.9505 0.0146033 0.00454956
1 0.225633 0.902658 0.0147568 0.00392701
1 0.556961 0.566146 0.0102279 0.00341178
0 0.225373 0.667851 0.0090093 0.0166831
1 0.0894975 0.855739 0.0166849 0.0041709
1 0.279982 0.863499 0.0072756 0.0141004
1 0.271066 0.728602 0.0113192 0.00450916
1 0.229531 0.929131 0.00321254 0.00976969
1 0.561689 0.621559 0.0108367 0.00304982
1 0.528578 0.614379 0.00977869 0.00318233
1 0.771207 0.661695 0.0188446 0.0417006
1 0.550516 0.46047 0.0045353 0.0166074
1 0.00708476 0.927374 0.0141695 0.00463292
0 0.194354 0.665942 0.0141601 0.0272617
1 0.308522 0.89106 0.00305248 0.0086436
1 0.203384 0.87315 0.0147709 0.00528805
1 0.2259 0.873428 0.0150864 0.00571523
1 0.371347 0.832116 0.00471959 0.0137775
1 0.22984 0.930165 0.00352442 0.00966194
1 0.277893 0.374091 0.00691248 0.0378099
1 0.194177 0.682552 0.0148455 0.00416903
1 0.212564 0.462828 0.0367183 0.00732828
1 0.581745 0.482475 0.00459721 0.0142021
1 0.25336 0.730737 0.00851143 0.00196557
1 0.244027 0.374952 0.00726312 0.0369452
1 0.266624 0.374542 0.00753046 0.0381167
1 0.21253 0.407327 0.0367594 0.00720037
1 0.49762 0.342013 0.0154339 0.005314
2 0.717076 0.483425 0.155945 0.156226
1 0.674883 0.36035 0.0277405 0.0925334
1 0.0950564 0.81579 0.0149672 0.00334668
1 0.302307 0.83111 0.00517811 0.0150015
1 0.254634 0.374891 0.00750124 0.0377717
1 0.299811 0.374843 0.00747202 0.037187
0 0.347931 0.715112 0.010587 0.0198374
1 0.212238 0.540376 0.0366735 0.00706826
1 0.252902 0.934121 0.00835455 0.00290511
1 0.34923 0.651345 0.0668206 0.0415679
1 0.487918 0.462184 0.0388836 0.00722169
1 0.21229 0.584988 0.0375385 0.00702824
1 0.760698 0.316717 0.0229967 0.00893821
1 0.212612 0.618152 0.038092 0.00795421
1 0.443968 0.375053 0.0067209 0.0371227
1 0.41043 0.374976 0.0071897 0.0380288
1 0.410921 0.650622 0.0064292 0.0408301
1 0.110392 0.955525 0.013201 0.00447151
1 0.212289 0.451722 0.0370148 0.00728429
7 0.715337 0.482443 0.155823 0.155655
1 0.211882 0.518241 0.0376867 0.00737669
1 0.4874 0.506874 0.038327 0.00730383
1 0.212384 0.485129 0.0364619 0.0071221
1 0.432888 0.374765 0.00695235 0.0376972
1 0.211952 0.529483 0.0372921 0.00759244
1 0.212078 0.596198 0.0374877 0.00766754
1 0.444212 0.650804 0.00733601 0.0399971
1 0.487347 0.517556 0.0373904 0.00758553
1 0.399471 0.650672 0.00735283 0.0395877
1 0.279714 0.910592 0.00797616 0.00368656
1 0.399631 0.374841 0.00711466 0.0376881
1 0.225673 0.825472 0.0159349 0.00421236
1 0.488248 0.406831 0.0374983 0.00768239
1 0.212309 0.418781 0.0375033 0.00647854
1 0.300306 0.651365 0.00816911 0.0384999
1 0.488022 0.451444 0.0394889 0.00733698
1 0.280349 0.830525 0.00670142 0.0160978
1 0.0888031 0.980003 0.0149908 0.00880169
1 0.488335 0.58481 0.037645 0.00734617
1 0.348995 0.376511 0.066094 0.0422437
1 0.487472 0.495836 0.0382588 0.00736965
1 0.13975 0.900301 0.0152346 0.00578833
1 0.212494 0.57377 0.0368881 0.00784233
1 0.488238 0.618268 0.0367128 0.00759975
1 0.212267 0.495969 0.0366475 0.00788926
1 0.487406 0.540304 0.0384777 0.0070091
1 0.212386 0.44054 0.0370745 0.00772679
1 0.288452 0.6506 0.00765431 0.040016
1 0.597695 0.435717 0.0128465 0.00565135
1 0.212371 0.473711 0.0371338 0.00713964
1 0.432791 0.650719 0.00737981 0.0403067
1 0.21218 0.429124 0.0371607 0.00747796
1 0.487915 0.573381 0.0379433 0.00737237
1 0.153532 0.856637 0.0153797 0.0039267
1 0.120183 0.784472 0.00370169 0.0152784
1 0.580239 0.460546 0.00631926 0.0159757
1 0.211854 0.606914 0.0380936 0.00646923
1 0.0815838 0.633687 0.00278175 0.00791681
1 0.487249 0.529117 0.0385633 0.00695013
1 0.719702 0.39463 0.0111317 0.0218468
