5 0.626965 0.519891 0.111689 0.115634
0 0.449624 0.379061 0.0254346 0.0144736
3 0.0457871 0.931983 0.0373945 0.066479
3 0.108224 0.930247 0.0391647 0.0694361
0 0.779535 0.650398 0.0146227 0.00793651
0 0.307394 0.0540438 0.013203 0.0230101
0 0.270326 0.720788 0.0147156 0.0252325
0 0.878919 0.967218 0.0260594 0.0126819
0 0.634503 0.667375 0.00991058 0.0162899
0 0.820608 0.0181606 0.0336089 0.02004
0 0.68302 0.684672 0.026667 0.0143061
0 0.760524 0.0264858 0.0333822 0.0201255
1 0.0646907 0.499562 0.0151409 0.0129639
0 0.938007 0.947788 0.0138928 0.0264727
0 0.450001 0.404157 0.0250328 0.0130799
0 0.370559 0.205696 0.0155107 0.0259578
0 0.969287 0.923565 0.0231194 0.0120255
0 0.264517 0.0290608 0.00891626 0.0164476
0 0.889608 0.93184 0.00964212 0.017444
1 0.0642687 0.467122 0.0143769 0.0117295
0 0.28571 0.790155 0.01606 0.02527
2 0.330609 0.604861 0.0480094 0.0255497
0 0.628762 0.23312 0.0159871 0.008605
3 0.763022 0.958562 0.0682098 0.0582345
0 0.837886 0.971392 0.0239459 0.0125551
0 0.927166 0.91799 0.0151387 0.00772451
0 0.914634 0.953784 0.0131277 0.0256839
0 0.168613 0.669277 0.0296891 0.0157256
0 0.360241 0.0597943 0.0254712 0.0142235
0 0.450197 0.428624 0.0260788 0.014134
0 0.534736 0.0427709 0.0275536 0.0141124
0 0.718624 0.593738 0.0165511 0.00874053
0 0.378138 0.616701 0.0208783 0.0366666
0 0.708277 0.44238 0.00712129 0.0163282
0 0.691386 0.421275 0.00811743 0.0156012
1 0.806355 0.957254 0.0198943 0.0425899
0 0.576528 0.0439115 0.0257325 0.0146181
0 0.442626 0.615759 0.0216406 0.0354862
0 0.410672 0.617157 0.0209447 0.0345688
0 0.651522 0.667045 0.00949572 0.0158302
0 0.327495 0.0558329 0.00925755 0.0181644
1 0.37772 0.638692 0.0241996 0.00813662
0 0.354477 0.27091 0.0326463 0.0219028
0 0.36077 0.0821759 0.0250705 0.0144063
0 0.446381 0.558224 0.0221529 0.0424686
0 0.840223 0.77835 0.0085795 0.0153994
1 0.0693977 0.57832 0.0162731 0.0136753
0 0.37989 0.559217 0.0224864 0.0410366
0 0.961415 0.960126 0.0146753 0.0261028
0 0.629619 0.21535 0.0135927 0.00716686
2 0.135028 0.750814 0.100913 0.106889
0 0.510962 0.318104 0.0202706 0.0343481
0 0.627196 0.412587 0.0150416 0.008245
0 0.412139 0.559959 0.0217073 0.0407916
1 0.026564 0.633261 0.018819 0.0414662
0 0.379123 0.365822 0.0212261 0.0375871
1 0.443359 0.638518 0.0240477 0.00754391
0 0.820681 0.651847 0.0150964 0.00763609
0 0.476931 0.321193 0.0229322 0.0384392
0 0.535565 0.597435 0.0150044 0.00795552
0 0.56597 0.650727 0.0194644 0.0349069
1 0.799058 0.0184542 0.00853679 0.0225037
0 0.586168 0.237085 0.0265098 0.0149521
0 0.237134 0.0353718 0.016623 0.00960165
0 0.774237 0.602284 0.0275142 0.0150981
0 0.818828 0.602555 0.0273635 0.0147572
1 0.264339 0.0188392 0.0105145 0.00353997
1 0.106809 0.887675 0.0281211 0.0153809
0 0.596393 0.0696392 0.0164282 0.00938451
1 0.531853 0.62912 0.0239531 0.00920092
0 0.891454 0.901243 0.0253281 0.0138929
0 0.310416 0.267379 0.0192421 0.0301883
1 0.0456581 0.97526 0.0277164 0.0191949
1 0.411066 0.638585 0.022658 0.00674845
0 0.593307 0.690637 0.0173991 0.00919379
1 0.464547 0.379091 0.00422834 0.0156856
0 0.519956 0.527736 0.00803591 0.0152362
1 0.26989 0.705155 0.015327 0.00458333
0 0.738664 0.323459 0.0148811 0.00742822
0 0.531166 0.170105 0.0241671 0.0146332
1 0.717624 0.957065 0.0211413 0.0424922
1 0.738591 0.0268509 0.00880445 0.0242992
1 0.0695986 0.54598 0.0162308 0.0136537
0 0.538056 0.239739 0.036082 0.0223408
1 0.510686 0.341153 0.0222242 0.00691383
1 0.37045 0.190807 0.0167359 0.00388186
2 0.761491 0.79672 0.106951 0.111661
0 0.326406 0.342367 0.0132767 0.0252933
0 0.534634 0.204411 0.0326631 0.0212452
1 0.116565 0.633148 0.0187639 0.0418317
1 0.0461774 0.88981 0.0267592 0.0155745
0 0.88952 0.869896 0.0158498 0.00780299
1 0.0289166 0.484256 0.0154957 0.0122677
1 0.841193 0.0183246 0.00822461 0.0234211
0 0.307052 0.195017 0.0149149 0.0242182
1 0.330737 0.627292 0.010514 0.0187362
1 0.737727 0.300796 0.00305032 0.0091987
1 0.347215 0.62682 0.0107782 0.0189056
1 0.410308 0.594777 0.0236643 0.00906647
1 0.3118 0.247483 0.0227371 0.00713931
0 0.452715 0.22621 0.0132695 0.0233104
1 0.107149 0.9758 0.0274592 0.0173268
0 0.727941 0.300947 0.015468 0.00760907
0 0.614875 0.312785 0.014628 0.0271721
2 0.0470789 0.483708 0.0186863 0.0477217
0 0.532152 0.651405 0.0229219 0.0343595
0 0.294871 0.396326 0.0147586 0.0242618
0 0.234424 0.760551 0.0152062 0.00765797
1 0.314347 0.627253 0.0110663 0.0189574
1 0.800084 0.884468 0.0251419 0.0601051
2 0.592763 0.812292 0.170511 0.119273
1 0.346409 0.582141 0.0102511 0.0189014
0 0.738944 0.284836 0.014214 0.00782166
1 0.330242 0.582192 0.010586 0.0187671
1 0.894062 0.966895 0.00488969 0.0152643
0 0.841021 0.835946 0.0146462 0.0247062
1 0.889805 0.942454 0.0104702 0.0043046
0 0.777276 0.138549 0.00953824 0.015807
3 0.0698465 0.633785 0.068817 0.055043
1 0.635248 0.447889 0.00634603 0.0274314
1 0.465612 0.428625 0.00509437 0.0158402
1 0.721224 0.885836 0.0264717 0.0598601
1 0.823946 0.971064 0.00392626 0.014579
1 0.464538 0.404284 0.00442517 0.0163676
1 0.889867 0.941662 0.0104797 0.00359182
1 0.565901 0.629554 0.0236569 0.00714474
1 0.294927 0.411168 0.0157934 0.00486677
1 0.698057 0.684273 0.00497249 0.0156655
1 0.0357031 0.56162 0.0140429 0.0100902
1 0.550512 0.0429065 0.00336175 0.0159611
1 0.379712 0.536217 0.0220189 0.00781275
1 0.3796 0.387128 0.0228413 0.00733807
1 0.411818 0.535879 0.0222856 0.0084665
1 0.215398 0.711267 0.0628852 0.0247936
2 0.0512448 0.563153 0.019617 0.0530251
1 0.434767 0.378906 0.00433731 0.015639
1 0.307801 0.0686811 0.0136451 0.00594839
1 0.311724 0.28919 0.023487 0.00822821
2 0.0707269 0.633915 0.0704605 0.0561698
1 0.636466 0.412277 0.0028255 0.00939329
1 0.37056 0.221162 0.0164075 0.00508161
1 0.606294 0.069511 0.00302124 0.0109603
1 0.246821 0.035632 0.00345522 0.010208
1 0.56571 0.67237 0.0221058 0.00789198
1 0.918051 0.918552 0.00225361 0.00865198
1 0.0675499 0.753526 0.0303708 0.0885714
1 0.476716 0.297508 0.0225688 0.00779605
1 0.58297 0.690954 0.0034765 0.0105471
1 0.864524 0.967868 0.00436902 0.0136127
1 0.620425 0.447803 0.00748562 0.0268968
1 0.579337 0.448307 0.00718783 0.0286932
1 0.43476 0.428324 0.00457013 0.016805
0 0.395986 0.212042 0.00902711 0.0180838
1 0.761431 0.734904 0.0912803 0.0243662
1 0.651919 0.67621 0.011692 0.00285289
1 0.270218 0.736669 0.0165209 0.00543013
1 0.515099 0.239449 0.00829459 0.0242991
1 0.559068 0.237983 0.00616374 0.0226576
1 0.346503 0.0822395 0.00412775 0.0149754
1 0.781751 0.0272564 0.0077646 0.0211963
1 0.396321 0.222282 0.0091594 0.00323211
1 0.556121 0.513318 0.029458 0.00801562
1 0.579255 0.592876 0.00865649 0.0293553
1 0.32786 0.065917 0.0100253 0.00344361
1 0.44382 0.594495 0.0236294 0.00773095
1 0.591021 0.0438219 0.00372552 0.0159702
1 0.937701 0.932383 0.0153422 0.00425282
1 0.151611 0.669404 0.00383613 0.01706
1 0.532433 0.672701 0.0230012 0.0074723
1 0.518545 0.0428273 0.0044117 0.0156561
1 0.513976 0.204279 0.00686645 0.0251281
1 0.667723 0.68529 0.00364673 0.0152634
1 0.605514 0.447716 0.006289 0.0271381
1 0.434683 0.404013 0.00423478 0.0150175
1 0.285975 0.806406 0.0182714 0.0055602
1 0.761561 0.862302 0.00987481 0.0131522
1 0.215982 0.788993 0.0626134 0.0246374
1 0.777099 0.128007 0.0105811 0.00406805
1 0.55618 0.541189 0.0313078 0.00889394
1 0.334428 0.270832 0.0061083 0.0240772
1 0.313612 0.581921 0.0093118 0.0178902
1 0.555085 0.541488 0.031307 0.00630213
1 0.593001 0.592544 0.00789104 0.0302291
1 0.18446 0.669266 0.00449035 0.0163878
1 0.37901 0.594489 0.0204914 0.00819966
1 0.73159 0.284597 0.00519612 0.00737459
1 0.556145 0.568748 0.0297186 0.00898217
1 0.556606 0.486341 0.0298402 0.00816179
1 0.556024 0.511981 0.0296242 0.00526169
0 0.309429 0.226516 0.013854 0.0135092
1 0.830532 0.651886 0.00427346 0.00926765
1 0.326078 0.356485 0.0143387 0.00512301
1 0.699962 0.472223 0.0247835 0.0083817
1 0.593101 0.44867 0.00777198 0.0291759
1 0.878973 0.870175 0.00345874 0.00921787
0 0.494514 0.00232178 0.00742806 0.00425182
1 0.708374 0.593516 0.00465587 0.00952148
1 0.527498 0.59782 0.00392051 0.00924908
1 0.661448 0.447551 0.00712704 0.0276246
1 0.585049 0.891737 0.00887561 0.0407393
1 0.571339 0.891477 0.00854348 0.0395431
1 0.556696 0.527714 0.0304628 0.00838258
1 0.728873 0.594002 0.00468207 0.0101025
1 0.69965 0.485961 0.0266434 0.00782513
1 0.379869 0.582834 0.0230591 0.00682005
1 0.956101 0.923662 0.00497487 0.0136541
1 0.839951 0.769035 0.00876511 0.00269124
1 0.510812 0.296099 0.022354 0.00694578
1 0.325983 0.355568 0.0142791 0.00513912
0 0.540337 0.0129602 0.00798629 0.0141847
1 0.72945 0.593412 0.00437045 0.0102385
1 0.770408 0.650514 0.0035508 0.0101331
1 0.326005 0.326466 0.0165222 0.00591316
1 0.556919 0.204092 0.00800874 0.0234113
1 0.647093 0.448256 0.00727919 0.0278839
1 0.556 0.486772 0.0293099 0.00587179
1 0.446576 0.534801 0.0232727 0.00752396
1 0.620868 0.592277 0.00757311 0.0271109
1 0.606491 0.592189 0.00816745 0.0276052
1 0.635205 0.591689 0.005864 0.0277548
1 0.69955 0.51243 0.0266373 0.00674392
1 0.410534 0.581997 0.0217556 0.00738688
1 0.598576 0.892129 0.00859645 0.037414
1 0.245134 0.760276 0.0036897 0.00907373
1 0.720638 0.918036 0.0265026 0.00597288
1 0.530167 0.726983 0.00788216 0.0369582
1 0.675727 0.447784 0.00728438 0.0290649
1 0.699579 0.541296 0.0272162 0.00767648
1 0.379234 0.342706 0.0242329 0.00752937
1 0.700151 0.567548 0.0276774 0.00921349
1 0.779022 0.0255391 0.00667666 0.023085
1 0.377675 0.271736 0.00713133 0.0217434
1 0.476808 0.342014 0.0236686 0.00681568
1 0.626211 0.891387 0.00851178 0.0395198
1 0.516849 0.72741 0.00690054 0.035831
1 0.444676 0.592997 0.0242213 0.0079512
1 0.452062 0.237984 0.0142149 0.0045704
0 0.450811 0.00255615 0.00848076 0.00504448
1 0.639936 0.891935 0.00850402 0.0382285
1 0.675786 0.592471 0.00860902 0.028564
1 0.294871 0.376594 0.0150397 0.0146933
1 0.790639 0.602358 0.00540324 0.0180531
1 0.823431 0.969764 0.00581554 0.0150465
