5 0.746275 0.511337 0.169056 0.165864
0 0.970833 0.965704 0.00847701 0.0160875
3 0.538254 0.743398 0.0379515 0.0686569
0 0.925783 0.975696 0.0145755 0.0252053
0 0.878016 0.894973 0.0149457 0.024772
0 0.850155 0.885058 0.0139692 0.0269313
0 0.825325 0.936088 0.0140999 0.0269835
0 0.575657 0.446681 0.017234 0.0101818
0 0.848895 0.978895 0.0154686 0.0237734
2 0.475176 0.433493 0.100859 0.105536
0 0.907856 0.537207 0.00790862 0.0154004
0 0.876318 0.96913 0.0150504 0.0262213
0 0.542212 0.653718 0.0164434 0.00875429
0 0.826995 0.979 0.0121598 0.0249901
0 0.174035 0.77742 0.0336263 0.0218656
0 0.769974 0.97892 0.0134858 0.0242797
0 0.963869 0.67743 0.00967238 0.0164116
0 0.833287 0.841984 0.0139554 0.0233381
2 0.504024 0.968737 0.0170706 0.0343797
0 0.54648 0.965436 0.00906697 0.0164535
0 0.150869 0.444453 0.0161292 0.00940704
0 0.920149 0.898905 0.012736 0.0244845
0 0.89163 0.852432 0.0138654 0.0257458
0 0.151021 0.427496 0.0171308 0.00921262
3 0.32413 0.780775 0.0501938 0.0705122
0 0.873235 0.794293 0.0262635 0.0139192
0 0.963095 0.851081 0.0142119 0.0269882
0 0.79927 0.979857 0.014308 0.0251083
0 0.793929 0.905551 0.0142355 0.0244558
0 0.744173 0.953123 0.0143466 0.0256326
0 0.96363 0.898336 0.0142792 0.0249264
0 0.941759 0.89872 0.0147922 0.0245955
0 0.741364 0.375848 0.0151708 0.00838095
0 0.790985 0.946473 0.0253267 0.0145988
0 0.813704 0.680429 0.0245324 0.0128386
2 0.178141 0.720404 0.0202253 0.0494915
0 0.952967 0.965131 0.00920868 0.0165817
1 0.461153 0.70396 0.0401429 0.0231197
0 0.958317 0.939437 0.0166678 0.00943706
1 0.196052 0.720532 0.0152747 0.0112348
0 0.826574 0.882431 0.0142062 0.026329
1 0.520696 0.957956 0.0141118 0.00648117
1 0.557819 0.528977 0.0609073 0.025367
1 0.160526 0.703066 0.0139922 0.0119591
1 0.558822 0.606568 0.0627928 0.0287364
1 0.827179 0.96421 0.0152776 0.00435257
0 0.164406 0.410611 0.0161033 0.00970809
0 0.993708 0.705235 0.00939854 0.0151159
0 0.605709 0.431449 0.0086533 0.0161269
1 0.321996 0.735127 0.0398967 0.0199615
1 0.877475 0.90946 0.0154772 0.00464105
1 0.538369 0.700617 0.0257113 0.016536
0 0.167439 0.513306 0.00917605 0.0162391
0 0.542135 0.637733 0.0173762 0.0112035
1 0.461008 0.794152 0.0415908 0.0199235
1 0.564359 0.446929 0.00477456 0.011227
1 0.848835 0.964455 0.0161326 0.00426346
1 0.152558 0.777829 0.00789888 0.0240438
1 0.48718 0.979891 0.01553 0.00643114
1 0.770403 0.964002 0.0149168 0.0032999
1 0.159896 0.736523 0.0145251 0.0114696
3 0.461582 0.748939 0.0521393 0.0701323
1 0.520275 0.980025 0.0141688 0.00812543
1 0.963275 0.667377 0.0105975 0.00343417
1 0.825483 0.919692 0.0153415 0.00520306
1 0.321629 0.82514 0.0399114 0.0186391
1 0.167041 0.503554 0.010276 0.00339915
1 0.559197 0.475679 0.0632886 0.0281801
1 0.217035 0.471699 0.0640557 0.0272843
1 0.411411 0.43725 0.0263129 0.0895956
1 0.537672 0.785671 0.0267491 0.014714
1 0.878388 0.880343 0.0155663 0.00422944
1 0.160029 0.427593 0.00233373 0.00992837
0 0.990666 0.954906 0.00949097 0.0146334
1 0.94861 0.939783 0.0024581 0.0107664
1 0.605225 0.441321 0.0105408 0.00345086
1 0.487426 0.957112 0.0148435 0.00507261
1 0.833433 0.855433 0.0155012 0.00370645
1 0.551859 0.653767 0.00360795 0.0102275
1 0.970748 0.955618 0.00913313 0.00436733
1 0.557525 0.396423 0.0597305 0.0220214
1 0.775485 0.94624 0.00527454 0.016521
1 0.850024 0.901374 0.0166535 0.00512714
1 0.843955 0.454662 0.0288798 0.00581766
2 0.474823 0.567778 0.103146 0.106729
1 0.79959 0.965361 0.015722 0.00424601
1 0.799816 0.68051 0.00358425 0.0141608
1 0.857405 0.794083 0.00493728 0.0159524
1 0.160704 0.443963 0.00305837 0.0108018
0 0.992293 0.750629 0.00863766 0.0164782
1 0.644914 0.455135 0.0288119 0.00531156
1 0.963708 0.834354 0.0171869 0.00592097
1 0.740024 0.410987 0.00525834 0.0296988
1 0.546459 0.956082 0.00946189 0.00313449
1 0.216366 0.527026 0.0642991 0.0288522
1 0.644924 0.55774 0.0295979 0.00569272
2 0.300713 0.436176 0.101614 0.110965
1 0.731725 0.410979 0.00514152 0.0300655
1 0.645552 0.574478 0.0273745 0.00532982
1 0.908004 0.527813 0.00854899 0.00296046
1 0.645017 0.549323 0.0296224 0.00562117
1 0.732101 0.376024 0.00474123 0.00894665
2 0.3015 0.567487 0.103779 0.110584
1 0.644994 0.463579 0.0289149 0.00567627
1 0.645657 0.497594 0.0285213 0.00541234
1 0.645537 0.488874 0.0283926 0.00550426
1 0.843798 0.463291 0.0302956 0.00571804
1 0.645356 0.506066 0.0288868 0.00566389
1 0.175011 0.410538 0.00336081 0.0106812
1 0.645462 0.480753 0.0284723 0.00550245
1 0.844175 0.548615 0.027605 0.0057864
1 0.844538 0.49772 0.0298377 0.00543891
1 0.888874 0.793931 0.0054557 0.0151133
1 0.645233 0.472108 0.028712 0.0054952
1 0.251182 0.991432 0.0298029 0.0171349
1 0.706107 0.410783 0.00507592 0.0296594
1 0.193777 0.777449 0.00772686 0.0233538
1 0.850046 0.869903 0.015923 0.00438046
1 0.69762 0.410851 0.00463229 0.0290255
1 0.73126 0.611216 0.00544526 0.0283866
1 0.645255 0.566198 0.0288227 0.00518824
1 0.826258 0.899701 0.0180663 0.00723717
1 0.714689 0.410754 0.0048885 0.0301998
1 0.644974 0.540745 0.0293505 0.00589433
1 0.799405 0.995721 0.0171814 0.00586582
1 0.79154 0.410719 0.00494991 0.0298212
1 0.723273 0.410891 0.00499469 0.0302746
1 0.993724 0.71475 0.00924983 0.00437883
1 0.706309 0.610721 0.00459008 0.0284481
1 0.698223 0.611271 0.00428228 0.0272332
0 0.813034 0.64365 0.0145607 0.00782701
1 0.876557 0.986771 0.0181146 0.00600959
1 0.844602 0.557143 0.0281059 0.0058328
1 0.366413 0.563095 0.0296208 0.0848572
1 0.792213 0.61126 0.00483428 0.0272729
1 0.844428 0.480648 0.0300798 0.00576388
1 0.84448 0.489086 0.0300653 0.00548075
1 0.645151 0.446737 0.0272312 0.005813
1 0.799655 0.410633 0.00523426 0.0299517
1 0.844328 0.471865 0.0298289 0.00572599
1 0.217772 0.604715 0.0640291 0.031624
1 0.740319 0.610865 0.00586582 0.0271742
1 0.808947 0.610511 0.0050364 0.0263754
1 0.782964 0.41104 0.00514759 0.029074
1 0.714682 0.610727 0.00500795 0.0288404
