5 0.745847 0.511669 0.169326 0.166143
0 0.96977 0.965944 0.00814725 0.0158186
0 0.824335 0.936574 0.014269 0.0274708
0 0.849506 0.885928 0.0140411 0.0265248
0 0.87742 0.895222 0.0155902 0.0259783
0 0.769679 0.979417 0.0142214 0.0246849
2 0.473354 0.433524 0.100243 0.101762
0 0.907211 0.537633 0.00831616 0.015558
0 0.832798 0.841146 0.0138939 0.0254805
0 0.99156 0.750948 0.00860614 0.0163848
0 0.793443 0.904749 0.0144833 0.0260782
0 0.714056 0.980969 0.0207241 0.0339224
0 0.541275 0.65473 0.0173249 0.00896216
0 0.919558 0.899016 0.0127186 0.0239701
0 0.173348 0.777028 0.0341053 0.022167
0 0.545892 0.965816 0.00974199 0.0169396
0 0.826144 0.979489 0.0136639 0.0233364
0 0.848325 0.979306 0.0151345 0.0241618
2 0.176622 0.72124 0.018531 0.0497768
0 0.872318 0.794851 0.0268483 0.0139253
0 0.149948 0.444666 0.0172337 0.00909708
0 0.14993 0.42791 0.0175126 0.00942455
0 0.575303 0.446979 0.0168152 0.00975406
2 0.503491 0.969246 0.0168902 0.0349036
0 0.744064 0.953688 0.0144795 0.0253565
0 0.952288 0.965956 0.0084226 0.0159463
0 0.874745 0.969827 0.0149949 0.0264144
0 0.789788 0.946723 0.0246406 0.0144773
0 0.798869 0.979891 0.0149281 0.02634
0 0.813337 0.681699 0.0242278 0.0131987
0 0.812202 0.644416 0.0134978 0.0077883
0 0.541602 0.638124 0.0172158 0.0101156
1 0.320938 0.735464 0.0396259 0.0194974
0 0.924948 0.975823 0.0150709 0.0256813
1 0.159321 0.737294 0.0150898 0.0127214
0 0.941149 0.89893 0.0159782 0.0244273
3 0.53731 0.744241 0.0388916 0.0679433
1 0.877169 0.91042 0.0170132 0.00484229
3 0.459441 0.748764 0.0511611 0.0696557
0 0.826192 0.882795 0.0138337 0.0266397
0 0.604342 0.432466 0.00894953 0.0161006
1 0.194464 0.72108 0.0169203 0.0112712
0 0.990246 0.95549 0.00837038 0.0150459
0 0.962147 0.678242 0.00940586 0.0169284
0 0.890895 0.853476 0.0139785 0.0257959
0 0.962361 0.852552 0.01354 0.0247831
0 0.957913 0.940113 0.0166371 0.00897192
0 0.963692 0.899042 0.0149868 0.024263
1 0.557235 0.607198 0.0631061 0.0286937
1 0.826515 0.964631 0.0148168 0.00426089
1 0.551891 0.654136 0.00350527 0.0111854
1 0.564796 0.447147 0.00394358 0.0105606
1 0.519888 0.957467 0.0148342 0.00496042
1 0.604579 0.442429 0.0104395 0.00402354
1 0.460749 0.70413 0.0396417 0.021213
0 0.740616 0.376136 0.0145744 0.00798263
1 0.713868 0.959316 0.0228487 0.00787998
1 0.769854 0.964692 0.0156221 0.00339489
0 0.1636 0.411553 0.0168937 0.00980102
1 0.460103 0.794269 0.0409926 0.0200129
1 0.848417 0.964887 0.0162539 0.0042577
2 0.474376 0.56776 0.102573 0.109789
1 0.519694 0.980524 0.0146119 0.00681424
0 0.166973 0.514215 0.00869208 0.0163729
1 0.545689 0.955423 0.0107396 0.00383296
1 0.556908 0.527683 0.0610964 0.0243206
0 0.992685 0.706003 0.00927866 0.0156837
1 0.888435 0.794808 0.00538016 0.0156257
1 0.160486 0.703553 0.0143068 0.0101685
1 0.557842 0.475553 0.0619172 0.0256783
1 0.952383 0.955555 0.00938797 0.00416077
1 0.552416 0.638457 0.0043774 0.0118511
3 0.322262 0.779011 0.0506244 0.0700573
1 0.556335 0.396377 0.0586054 0.0229652
1 0.160118 0.444553 0.00308584 0.0103804
1 0.537652 0.787168 0.0279434 0.0149279
1 0.969818 0.956008 0.00904102 0.00365423
1 0.850181 0.870237 0.016772 0.00448333
1 0.19443 0.777174 0.00865871 0.0249788
1 0.486787 0.979992 0.0152202 0.00686552
1 0.919612 0.885368 0.0131366 0.00447345
1 0.941444 0.885064 0.0159144 0.00516823
1 0.166574 0.504644 0.00870021 0.00295376
1 0.215815 0.471923 0.0680155 0.0295448
1 0.799215 0.963898 0.0168989 0.00465305
1 0.151778 0.777178 0.00739784 0.0247696
1 0.877789 0.880387 0.0159911 0.00415358
1 0.849074 0.901902 0.016287 0.00487024
1 0.249458 0.991117 0.0295324 0.017392
1 0.891025 0.838451 0.0163791 0.00431286
1 0.843333 0.44689 0.0269556 0.00605996
1 0.963262 0.88524 0.0145556 0.00425564
1 0.962525 0.838629 0.0155759 0.00475837
1 0.644246 0.549532 0.0298007 0.00567627
1 0.747732 0.611168 0.00582029 0.0276101
1 0.842966 0.455499 0.0277135 0.00521444
1 0.807815 0.611291 0.00484373 0.0275379
1 0.856643 0.794707 0.00432993 0.0162788
1 0.73882 0.611284 0.00529117 0.0278148
1 0.907241 0.527896 0.0093482 0.00321116
1 0.843614 0.463647 0.0277386 0.00545145
1 0.962602 0.668408 0.0110178 0.00290699
1 0.799282 0.611533 0.00504159 0.0273538
1 0.644569 0.489512 0.0294421 0.00578855
1 0.644405 0.455805 0.0287422 0.00524186
1 0.73064 0.611222 0.00514615 0.0279104
1 0.32203 0.824806 0.0412399 0.0234329
1 0.824453 0.920236 0.0152891 0.00537253
1 0.843353 0.540708 0.0281639 0.00577952
1 0.722345 0.611089 0.00487687 0.0276399
1 0.644434 0.540998 0.0295608 0.0059311
1 0.832658 0.855976 0.0165932 0.00357894
1 0.843578 0.489523 0.029109 0.00549429
1 0.843513 0.472259 0.0284064 0.00552068
1 0.833088 0.825904 0.0142629 0.00442886
1 0.843465 0.575185 0.0279929 0.00578796
1 0.714076 0.611069 0.00460196 0.0273447
1 0.70564 0.611264 0.00482153 0.0272171
1 0.644244 0.464532 0.0280203 0.00572505
1 0.843469 0.549012 0.0282981 0.00581385
1 0.73149 0.376918 0.00397885 0.00795937
1 0.843358 0.566345 0.0286327 0.00519593
1 0.843567 0.497977 0.0292322 0.0052463
1 0.64376 0.566258 0.0303707 0.00506661
1 0.643837 0.558614 0.0308914 0.00571367
1 0.644557 0.481238 0.0286249 0.00528776
1 0.747824 0.411278 0.00531813 0.0300889
1 0.843528 0.480771 0.0289157 0.00570394
1 0.216443 0.527264 0.0678343 0.0291394
1 0.644153 0.575296 0.0289526 0.00549936
1 0.798982 0.964973 0.0162746 0.00321254
1 0.713724 0.410891 0.00482253 0.0299846
1 0.848593 0.995668 0.0160551 0.0054128
1 0.800263 0.681642 0.00373815 0.0131002
1 0.159786 0.427998 0.00287122 0.00958708
1 0.644676 0.472651 0.0285055 0.00512136
1 0.798828 0.995914 0.017117 0.00584305
1 0.644512 0.447017 0.026886 0.00542969
0 0.807318 0.837217 0.00651169 0.0135529
1 0.644761 0.498155 0.0290976 0.00543607
1 0.538699 0.435773 0.0254311 0.0172564
1 0.756104 0.61098 0.0059099 0.0281667
1 0.775364 0.946827 0.0051267 0.0163093
1 0.798737 0.411039 0.00526622 0.0285987
1 0.826301 0.995705 0.0157 0.00624541
1 0.722447 0.41094 0.00498737 0.0302693
1 0.536964 0.700323 0.0272559 0.0153394
1 0.739615 0.410972 0.00575456 0.0307361
1 0.949365 0.940425 0.00333354 0.00947702
1 0.843842 0.506335 0.0290495 0.00565147
1 0.769781 0.995332 0.015655 0.00572705
1 0.183155 0.80807 0.00460154 0.0141778
2 0.300964 0.567394 0.104203 0.107714
1 0.791056 0.612304 0.00503465 0.0279424
1 0.843491 0.557945 0.0290597 0.00573155
1 0.989955 0.964739 0.00858388 0.00303844
1 0.756048 0.410783 0.00552631 0.0292386
1 0.705173 0.410945 0.00492728 0.029302
1 0.792948 0.888538 0.0163712 0.00518774
2 0.29945 0.437353 0.104661 0.111254
1 0.644213 0.505932 0.0289803 0.00523817
