0 0.405054 0.946075 0.00920252 0.0157688
0 0.381847 0.946283 0.00925733 0.0161629
0 0.634398 0.936922 0.0149439 0.00864054
0 0.150193 0.815257 0.0126316 0.0240304
0 0.167987 0.575543 0.0143333 0.0251365
0 0.0839899 0.5104 0.0138605 0.024333
0 0.54875 0.14189 0.0169479 0.00941309
0 0.739176 0.617225 0.00940467 0.0154326
0 0.207394 0.466557 0.0139394 0.0247129
0 0.244859 0.341631 0.0143856 0.0269369
0 0.272351 0.445409 0.00830988 0.0155571
2 0.744314 0.162871 0.0724286 0.0561401
0 0.078927 0.909116 0.0139547 0.0248272
0 0.0757649 0.394638 0.0139565 0.0265046
0 0.159411 0.385898 0.0153057 0.026506
0 0.358787 0.945942 0.0086543 0.0156286
0 0.0958179 0.17047 0.0246266 0.0131065
0 0.195781 0.853757 0.0152666 0.0076349
0 0.295397 0.448443 0.0169792 0.00894528
0 0.114981 0.331857 0.013503 0.0246381
0 0.775781 0.283831 0.0208646 0.0341257
0 0.108745 0.509756 0.00941155 0.0165038
0 0.381412 0.905122 0.00901751 0.0160015
0 0.0392778 0.572298 0.0140952 0.0265403
0 0.360152 0.416354 0.0172848 0.00997747
0 0.158038 0.459331 0.014598 0.0259677
0 0.722125 0.612498 0.00990427 0.0165538
0 0.245509 0.389084 0.0147729 0.023903
0 0.196229 0.899018 0.0158037 0.00801111
0 0.106691 0.426054 0.013896 0.0257093
1 0.300605 0.363944 0.0081768 0.0150928
0 0.32827 0.911975 0.0147037 0.00858763
0 0.547679 0.105093 0.00805495 0.0159385
0 0.200492 0.517517 0.01569 0.00821673
0 0.204927 0.651657 0.0141959 0.0262085
0 0.581294 0.112254 0.0105367 0.0161425
0 0.108397 0.37265 0.0141774 0.0270601
0 0.29107 0.240511 0.0102029 0.0163968
0 0.318363 0.391887 0.0155637 0.00809338
0 0.095917 0.97171 0.0257674 0.0142234
0 0.704107 0.612626 0.00863741 0.0166605
0 0.621613 0.854359 0.0161065 0.00804882
0 0.0259384 0.443831 0.0149966 0.0249321
0 0.283639 0.41911 0.008734 0.0149608
0 0.202286 0.74753 0.00832864 0.0142817
0 0.293643 0.932101 0.0198922 0.0290886
0 0.13679 0.972375 0.0244334 0.014056
0 0.156443 0.731011 0.0157828 0.00807715
0 0.188945 0.719839 0.0155728 0.00819778
2 0.311859 0.348057 0.0328962 0.0161751
0 0.154318 0.285052 0.0261394 0.0142314
0 0.349639 0.368275 0.00920139 0.0165625
0 0.625409 0.871117 0.0150983 0.00811993
0 0.518109 0.139296 0.0162815 0.00997204
0 0.743564 0.284205 0.0211232 0.0342103
0 0.75122 0.663731 0.0265841 0.0145886
0 0.196212 0.876165 0.0168353 0.0082338
0 0.238294 0.898789 0.0162601 0.00833511
0 0.122877 0.578026 0.0275265 0.0148969
0 0.125294 0.943068 0.0246489 0.0139569
0 0.0624171 0.557773 0.0143991 0.0244108
0 0.602549 0.906444 0.0169436 0.00945001
0 0.196917 0.826793 0.0151164 0.0087416
0 0.15609 0.779717 0.0145559 0.00867487
0 0.128036 0.622156 0.0166815 0.00930004
0 0.189029 0.0279218 0.00814508 0.0156326
0 0.0503205 0.944618 0.020337 0.033593
0 0.245061 0.168351 0.010259 0.0167502
0 0.358707 0.905201 0.00887155 0.0157549
0 0.0557254 0.662825 0.0139602 0.0279058
0 0.129348 0.702135 0.0164595 0.00948165
0 0.556499 0.904768 0.00867287 0.0140572
0 0.12828 0.638345 0.0153855 0.00829128
0 0.404303 0.904779 0.0080472 0.0154787
1 0.742967 0.262329 0.0240076 0.00866108
0 0.186861 0.539718 0.00878357 0.0157287
0 0.759054 0.571594 0.0145509 0.0259236
0 0.132171 0.375179 0.0140867 0.0261446
0 0.0934118 0.134277 0.0133198 0.00734776
0 0.0445809 0.827233 0.0249498 0.013221
0 0.180771 0.971117 0.0252825 0.0136204
0 0.685752 0.6126 0.0086446 0.0162068
0 0.108946 0.468883 0.0128058 0.0249325
0 0.6028 0.888464 0.0150466 0.00920343
0 0.0710979 0.616054 0.0243038 0.0138945
1 0.77535 0.262222 0.023095 0.00818074
0 0.182426 0.702815 0.015676 0.00879863
0 0.073081 0.436316 0.0266022 0.0142253
1 0.0496987 0.965465 0.0212223 0.00770638
0 0.299726 0.419306 0.00806933 0.0151975
0 0.238124 0.874583 0.0160241 0.00843592
0 0.653894 0.704112 0.00844743 0.0163252
0 0.0730189 0.875246 0.0263124 0.0147073
0 0.052199 0.469402 0.0132437 0.025339
0 0.235056 0.455564 0.00931805 0.0166047
1 0.743413 0.305683 0.0231537 0.00799107
0 0.0752465 0.59383 0.025137 0.0143757
0 0.122394 0.60089 0.026884 0.014545
0 0.170275 0.537445 0.00969363 0.0171644
0 0.576446 0.0574392 0.00907591 0.0161201
2 0.379706 0.348543 0.032103 0.0173351
0 0.00783893 0.804593 0.0131018 0.0253763
0 0.806468 0.281694 0.0132947 0.0246842
0 0.122832 0.743235 0.0132297 0.0244408
0 0.600284 0.112301 0.00974417 0.0162672
0 0.0805677 0.469935 0.0139364 0.0264621
0 0.173364 0.3431 0.0135542 0.0252182
0 0.201552 0.389607 0.0130398 0.0225001
0 0.252193 0.455816 0.00820834 0.0161452
0 0.334801 0.947465 0.0153018 0.00824012
0 0.435313 0.926787 0.0147099 0.00749682
0 0.737718 0.522912 0.0100527 0.0165115
0 0.223269 0.389243 0.0142579 0.023941
0 0.20088 0.497502 0.0158142 0.0085175
0 0.459837 0.9592 0.00931924 0.0153842
0 0.592687 0.933319 0.0143061 0.00766004
0 0.0868685 0.69366 0.0244527 0.0136299
1 0.0755622 0.378249 0.0169471 0.00506079
0 0.0847428 0.941034 0.0258986 0.0145121
0 0.274137 0.240808 0.00789905 0.0139804
0 0.19735 0.786579 0.0156194 0.0078499
0 0.174783 0.49425 0.00868547 0.0155781
1 0.159828 0.370623 0.0159658 0.00405962
1 0.151423 0.972196 0.00441246 0.0151627
0 0.730196 0.691777 0.0166432 0.00910487
3 0.691895 0.762648 0.0417495 0.0487344
0 0.275295 0.195408 0.00861574 0.0152703
0 0.562282 0.976977 0.0178006 0.00883972
1 0.368572 0.332188 0.00711238 0.0145084
0 0.130354 0.470163 0.0153499 0.025183
1 0.151024 0.800285 0.0157576 0.00490357
0 0.772977 0.741659 0.00791562 0.0145876
1 0.285044 0.448199 0.00306536 0.0117956
0 0.703729 0.535458 0.00913476 0.0167194
0 0.239648 0.42973 0.0163391 0.00922609
0 0.547785 0.0718439 0.00786397 0.015057
1 0.174797 0.503944 0.0101089 0.0036981
1 0.206157 0.898804 0.00364089 0.00901156
1 0.0571458 0.436257 0.00501118 0.0162606
1 0.159105 0.401227 0.017096 0.00458967
1 0.293738 0.951996 0.0229217 0.0092684
1 0.737547 0.512349 0.0106152 0.00375485
1 0.283556 0.40894 0.00992512 0.00373671
1 0.106801 0.411165 0.0153577 0.00476109
1 0.0617675 0.543602 0.0163827 0.00454462
1 0.207269 0.481105 0.0156578 0.0040418
1 0.168246 0.590751 0.0159601 0.00458026
1 0.690223 0.792675 0.0178418 0.0103102
1 0.322275 0.364324 0.00646888 0.0141528
0 0.653892 0.748717 0.00993084 0.0167795
0 0.468063 0.933208 0.0142974 0.00807165
1 0.775522 0.305733 0.0231812 0.00756029
1 0.206776 0.786236 0.00309366 0.00958421
0 0.622329 0.964847 0.00772145 0.0144756
1 0.0758146 0.410112 0.0164445 0.00456178
1 0.0577016 0.87524 0.0039382 0.0174354
0 0.435789 0.949269 0.0157836 0.00789642
1 0.169673 0.284618 0.00513393 0.0150902
0 0.348999 0.335365 0.00736165 0.0146863
1 0.701231 0.163237 0.0160252 0.0402767
1 0.0587926 0.827299 0.00374128 0.0146784
1 0.690832 0.732768 0.018517 0.0117471
0 0.565466 0.955554 0.015655 0.0082228
0 0.772642 0.782338 0.00764941 0.0158455
1 0.0779313 0.894099 0.0163805 0.00462129
1 0.600064 0.122448 0.0108491 0.00422463
1 0.293254 0.911416 0.0225542 0.0096867
1 0.169993 0.527168 0.0107126 0.00342779
1 0.0836073 0.495216 0.0164932 0.00488328
1 0.229895 0.429971 0.00228106 0.0103794
1 0.0806452 0.971802 0.0044565 0.0154271
1 0.370467 0.416488 0.00378978 0.0110652
1 0.205267 0.666705 0.0161398 0.00495254
1 0.168718 0.560332 0.0151106 0.00414407
1 0.20229 0.738687 0.00839365 0.00303869
0 0.237831 0.855784 0.0144546 0.00730608
1 0.653537 0.737768 0.0111535 0.00336975
1 0.20689 0.826452 0.00300342 0.01008
1 0.204978 0.636519 0.014538 0.00374566
1 0.654292 0.714418 0.00924764 0.00375035
1 0.245535 0.403314 0.0150227 0.00415824
1 0.130714 0.456121 0.014403 0.00403701
1 0.108778 0.520061 0.0108647 0.00375463
1 0.139243 0.577635 0.00582403 0.0147464
1 0.0559987 0.64609 0.0169584 0.00475242
1 0.644324 0.936383 0.00358281 0.00991371
1 0.559453 0.142258 0.00361771 0.0108687
1 0.206366 0.876123 0.00337774 0.00972748
1 0.349555 0.377876 0.0108012 0.00407976
1 0.29989 0.409745 0.00891482 0.00281096
1 0.106676 0.440828 0.0154081 0.00377636
1 0.382232 0.956348 0.010195 0.00485254
0 0.460705 0.913837 0.0127365 0.00852016
1 0.612838 0.906572 0.00368425 0.0103443
0 0.18226 0.390397 0.00939948 0.0169044
1 0.460168 0.949879 0.00957455 0.00401663
0 0.267686 0.921143 0.00961782 0.0152973
1 0.252448 0.465354 0.00952816 0.00265647
1 0.234877 0.466008 0.0102073 0.00436617
1 0.358762 0.8955 0.0100417 0.00329552
1 0.198946 0.720517 0.00347782 0.00850602
1 0.122741 0.729076 0.014994 0.00378849
1 0.207446 0.450674 0.0150764 0.00420774
1 0.300566 0.331694 0.00521441 0.0153865
1 0.191772 0.702563 0.00264201 0.00970328
1 0.223199 0.404002 0.0148008 0.0060165
1 0.290948 0.230492 0.0106112 0.00349594
1 0.15029 0.830244 0.0149713 0.00574137
1 0.0888273 0.436147 0.00426451 0.0152872
1 0.245385 0.325879 0.0165418 0.00445106
1 0.109083 0.357056 0.0158247 0.00498837
1 0.201718 0.403514 0.0134685 0.00426417
1 0.0624307 0.57288 0.0156096 0.00467494
1 0.114824 0.317019 0.0140751 0.00394596
1 0.106767 0.601423 0.00407562 0.016639
1 0.24536 0.35727 0.0163436 0.00561714
1 0.111955 0.971128 0.00551119 0.0167548
1 0.581737 0.122056 0.0116592 0.00368685
1 0.0735197 0.693848 0.00300575 0.0151312
1 0.790582 0.16287 0.0196142 0.041065
1 0.0497052 0.923888 0.0222635 0.00661387
1 0.368874 0.365486 0.00633609 0.0149863
1 0.405042 0.956207 0.0101499 0.00384309
1 0.105984 0.577289 0.00388586 0.0165718
1 0.0837663 0.525863 0.0151555 0.00526
1 0.115411 0.346754 0.0150205 0.00411903
1 0.026068 0.458408 0.0160569 0.00435413
1 0.0888327 0.875205 0.00470419 0.0160746
1 0.245511 0.37356 0.0169408 0.00571048
1 0.0818097 0.170861 0.00321871 0.0147572
1 0.38062 0.895433 0.00941452 0.00302193
1 0.379835 0.365564 0.00614213 0.0145924
1 0.574207 0.956099 0.00232922 0.00883296
1 0.188924 0.0186643 0.00887585 0.00248229
1 0.576835 0.0667341 0.00945094 0.00255106
1 0.325193 0.947755 0.0032176 0.0110664
1 0.613428 0.905877 0.00460578 0.0112525
7 0.43437 0.679438 0.340684 0.343764
1 0.158088 0.443758 0.0163264 0.00542985
1 0.548075 0.081714 0.00859407 0.0034915
1 0.0792106 0.924883 0.0151678 0.00541387
1 0.581516 0.496271 0.00555207 0.0275088
1 0.685984 0.621738 0.0092502 0.00295183
1 0.471658 0.913004 0.00410984 0.0103908
1 0.0898957 0.593881 0.00316426 0.0147662
1 0.317426 0.911231 0.00458145 0.00960084
5 0.434639 0.681083 0.341079 0.347391
1 0.114208 0.347501 0.0171767 0.00385
1 0.738494 0.606135 0.0102947 0.00285733
1 0.404022 0.895163 0.00895835 0.00291868
1 0.0492645 0.920941 0.0222776 0.00742815
1 0.338951 0.91157 0.00389968 0.010083
1 0.772856 0.793031 0.009217 0.00314018
1 0.205812 0.85383 0.00384021 0.00871933
1 0.582638 0.933544 0.00267116 0.00863885
1 0.551616 0.977061 0.00353622 0.0101864
1 0.359529 0.955966 0.0103682 0.00422237
1 0.267744 0.911248 0.00979505 0.003473
1 0.572848 0.496267 0.00566883 0.029315
1 0.528042 0.139374 0.00350714 0.0114378
1 0.130587 0.455345 0.0160156 0.00523627
1 0.309111 0.392181 0.00283626 0.00901194
1 0.122024 0.972202 0.00477434 0.0155098
1 0.166864 0.971359 0.00469369 0.0140572
1 0.137376 0.599872 0.00333247 0.0154444
1 0.14667 0.779298 0.00521289 0.00944588
1 0.739075 0.627266 0.0102104 0.00442461
1 0.136779 0.638455 0.0027523 0.00995254
1 0.0629919 0.573723 0.0149513 0.00490139
1 0.572657 0.976817 0.00458314 0.00979208
1 0.426222 0.926594 0.00292862 0.00727882
1 0.187083 0.549957 0.00942302 0.00423982
1 0.0391735 0.588479 0.0172256 0.00516185
1 0.635297 0.871108 0.00441736 0.00939035
1 0.349187 0.416543 0.00454449 0.0105903
1 0.158088 0.474086 0.0167958 0.00530062
0 0.368177 0.215693 0.00875639 0.017489
1 0.564371 0.496396 0.0053337 0.0295223
1 0.245669 0.856504 0.00244045 0.00851984
1 0.76787 0.663933 0.00525046 0.016664
1 0.247234 0.557743 0.0284057 0.00532044
1 0.556454 0.895435 0.00895522 0.00270293
1 0.737948 0.533269 0.0102325 0.00457238
1 0.381918 0.935446 0.00938387 0.00446488
1 0.0578222 0.616318 0.00351177 0.0150143
1 0.322772 0.332154 0.00426255 0.0155585
1 0.75981 0.587759 0.0161073 0.00643577
1 0.0381622 0.557637 0.0142444 0.00313093
1 0.206533 0.89774 0.00419646 0.0103667
1 0.615659 0.556906 0.0290917 0.00591672
1 0.173502 0.326831 0.0157206 0.00592732
1 0.521404 0.496549 0.00570632 0.0284393
1 0.42578 0.94919 0.00256929 0.00927878
1 0.246769 0.591367 0.0298356 0.00552737
1 0.246981 0.540464 0.027668 0.00604529
1 0.138535 0.285003 0.00484842 0.0156578
