5 0.406589 0.741712 0.168873 0.161828
3 0.76605 0.914906 0.0702258 0.0539851
0 0.386068 0.931974 0.0147185 0.025584
0 0.338939 0.925846 0.0128947 0.0246636
2 0.627564 0.660257 0.0921688 0.11355
0 0.263021 0.943226 0.0230504 0.0123572
0 0.203691 0.621921 0.0153865 0.00786303
3 0.187378 0.929902 0.069486 0.0564289
0 0.393916 0.895168 0.0239251 0.0129238
0 0.724065 0.661115 0.023479 0.0130013
2 0.63527 0.781515 0.091646 0.108531
0 0.519347 0.910519 0.025806 0.0142756
0 0.802916 0.863895 0.0252831 0.0145723
0 0.245037 0.623473 0.0150452 0.00788998
0 0.466562 0.912214 0.0241138 0.0130017
0 0.677977 0.888016 0.0267774 0.0152398
0 0.522164 0.869659 0.0233199 0.0121412
0 0.316361 0.873119 0.0261582 0.0130715
0 0.643418 0.856984 0.0236698 0.0118515
0 0.408534 0.502426 0.0439266 0.0553943
0 0.303607 0.939271 0.0259579 0.0132332
1 0.225417 0.856401 0.0272075 0.0608088
0 0.534096 0.584474 0.0081971 0.0151604
0 0.522852 0.53995 0.00854633 0.0158421
0 0.641205 0.904856 0.0144895 0.0252807
0 0.467525 0.942476 0.031392 0.0191049
0 0.689879 0.365375 0.00742077 0.01455
0 0.31391 0.903359 0.00996865 0.0164363
0 0.569853 0.934976 0.0262158 0.0142164
0 0.0590785 0.638678 0.00889135 0.0167292
0 0.563469 0.910266 0.0254946 0.0143545
0 0.0187954 0.662153 0.0166004 0.00909686
3 0.646871 0.340651 0.0529826 0.0800463
1 0.0587848 0.629125 0.0111996 0.00266172
2 0.186987 0.769632 0.106561 0.111257
0 0.0399538 0.284651 0.0141286 0.0271686
0 0.163078 0.295485 0.0154111 0.00832664
0 0.265971 0.807142 0.0131457 0.0242816
0 0.563463 0.861261 0.024885 0.012974
0 0.115498 0.393314 0.00774181 0.0150882
0 0.0536663 0.187979 0.0144713 0.00843376
0 0.0764158 0.638244 0.00947611 0.0163801
0 0.759647 0.694603 0.00959378 0.0170369
0 0.314296 0.841924 0.0165659 0.00798985
0 0.637466 0.939576 0.0260166 0.0149925
0 0.73582 0.86237 0.0256612 0.0150964
0 0.362453 0.918158 0.0133276 0.0239277
0 0.479662 0.533502 0.0441375 0.0542805
0 0.264379 0.749892 0.0082637 0.0150345
0 0.201285 0.109826 0.00876272 0.0153331
0 0.162967 0.256885 0.0149728 0.0084039
0 0.19905 0.574084 0.027372 0.0147145
0 0.689814 0.310488 0.00750551 0.0154174
0 0.142845 0.565713 0.0154919 0.00787829
0 0.107285 0.655659 0.0253755 0.0147459
1 0.146536 0.856947 0.0270164 0.064298
1 0.81167 0.915785 0.0187845 0.0440668
1 0.232148 0.927537 0.0204909 0.0434569
0 0.770141 0.363512 0.00945526 0.016474
0 0.0536863 0.205069 0.0161971 0.00814108
1 0.447658 0.941589 0.00918063 0.0234452
0 0.585852 0.555884 0.0236986 0.0460543
1 0.408065 0.535724 0.049186 0.0112011
0 0.0211976 0.0412549 0.0166654 0.00958189
0 0.351732 0.889746 0.0156124 0.0083111
0 0.501738 0.841835 0.00767411 0.0140891
1 0.478981 0.565918 0.0507733 0.0109883
1 0.651793 0.93996 0.0037838 0.0154537
1 0.629058 0.856735 0.00493666 0.0133922
1 0.142294 0.927913 0.0204862 0.0412962
0 0.794934 0.513302 0.00871727 0.0159051
1 0.48789 0.942048 0.00895334 0.0227928
1 0.721958 0.915126 0.0179209 0.0423714
0 0.678095 0.940996 0.0235069 0.0146967
1 0.362613 0.903618 0.013752 0.00491927
0 0.243221 0.57372 0.0269269 0.0136715
1 0.585382 0.526103 0.0242552 0.0104836
1 0.570262 0.781266 0.038374 0.0957179
1 0.481609 0.91179 0.00509978 0.0142803
1 0.276992 0.942585 0.00443202 0.0146165
1 0.795033 0.503505 0.00955382 0.00332094
1 0.339334 0.910638 0.0153488 0.00438403
1 0.536641 0.869641 0.00472285 0.0138073
1 0.534428 0.910355 0.0040569 0.0152006
1 0.714631 0.819851 0.0661325 0.0264816
1 0.379411 0.894939 0.00420633 0.0150356
1 0.324014 0.841783 0.00271885 0.0102894
1 0.644712 0.293666 0.0422124 0.0130412
1 0.386346 0.91689 0.0156614 0.00391832
1 0.254426 0.623577 0.00350654 0.00913714
1 0.561693 0.658328 0.0355675 0.0938878
1 0.039551 0.268087 0.0167194 0.00488466
0 0.64671 0.584233 0.0151636 0.00892426
0 0.0513826 0.384521 0.0156797 0.00778039
1 0.73805 0.661376 0.00465656 0.0140265
1 0.47924 0.500541 0.0529466 0.0110456
1 0.152712 0.565472 0.00409556 0.0096989
1 0.621441 0.939234 0.00440297 0.016661
1 0.386216 0.947588 0.0169229 0.00508143
0 0.152362 0.272923 0.0147689 0.0076319
1 0.214053 0.573744 0.00360889 0.0159737
1 0.713148 0.742012 0.0648239 0.024096
1 0.406669 0.469551 0.0515515 0.00922359
1 0.0401086 0.300243 0.016752 0.00471534
1 0.331082 0.873209 0.00404489 0.0153655
1 0.266098 0.792756 0.013894 0.00477481
1 0.301129 0.873152 0.00381923 0.0153038
1 0.818637 0.863949 0.00540718 0.0159901
1 0.704289 0.698039 0.0656049 0.0256198
0 0.132503 0.413745 0.00792071 0.0145278
1 0.12224 0.655571 0.00454183 0.0169711
1 0.185459 0.706302 0.0939685 0.0272627
1 0.0765179 0.629056 0.0104908 0.0030415
1 0.692189 0.940987 0.00574837 0.0152748
1 0.68987 0.30065 0.00897386 0.00342882
1 0.50413 0.910384 0.00440288 0.0162153
1 0.183213 0.574092 0.00379981 0.0164412
1 0.18569 0.833162 0.0119604 0.0141421
1 0.0102072 0.0414264 0.00420173 0.0107115
1 0.307454 0.737206 0.0294451 0.00598776
1 0.307651 0.68577 0.0292327 0.00567195
1 0.307435 0.728495 0.0292019 0.00571729
1 0.534404 0.574776 0.0087733 0.00367074
7 0.38991 0.270193 0.364467 0.364382
1 0.706419 0.618855 0.0674683 0.0240251
1 0.408714 0.895122 0.00516241 0.0149462
1 0.645489 0.387668 0.0407449 0.0116663
1 0.709852 0.660738 0.00625917 0.0149779
1 0.505711 0.728673 0.0280998 0.00553963
1 0.50575 0.737329 0.0281806 0.00533338
1 0.759506 0.684314 0.0109582 0.00329227
1 0.385739 0.840845 0.00480517 0.0291061
1 0.307583 0.745827 0.0297644 0.0059226
1 0.689878 0.35596 0.00833611 0.00345574
1 0.470813 0.845661 0.00692999 0.038595
1 0.505436 0.771019 0.0293243 0.00536653
1 0.419623 0.840775 0.00544217 0.029681
1 0.307865 0.770943 0.0301908 0.00582717
1 0.307444 0.76241 0.0292563 0.00600658
1 0.691046 0.78185 0.0194311 0.0131426
1 0.50186 0.831868 0.00874235 0.00329027
1 0.307956 0.677216 0.0277691 0.00576113
1 0.338663 0.939945 0.0141753 0.00426783
1 0.505423 0.762442 0.0293837 0.00529098
1 0.39407 0.840793 0.00495886 0.0297299
1 0.410992 0.840858 0.00546559 0.0298119
1 0.307478 0.754487 0.029135 0.00583717
1 0.419422 0.642902 0.00564694 0.0298917
1 0.307728 0.779535 0.0303356 0.00545514
1 0.307227 0.720119 0.0288821 0.00600239
1 0.759515 0.705853 0.0101418 0.00362947
1 0.40239 0.840808 0.00521507 0.0298338
1 0.0438806 0.205275 0.00347492 0.00966302
1 0.376712 0.840987 0.00540924 0.0290809
1 0.427822 0.642819 0.00574006 0.0299386
1 0.362116 0.933449 0.0141902 0.0039711
1 0.505585 0.75447 0.0289607 0.00542462
1 0.313989 0.893169 0.0112795 0.00393914
1 0.585072 0.581338 0.0241667 0.00817777
1 0.505685 0.745949 0.0286424 0.00535834
1 0.549749 0.910082 0.00524708 0.0153
0 0.602708 0.882364 0.0213602 0.0140069
1 0.153038 0.295457 0.00357068 0.00937368
1 0.436158 0.642926 0.00601903 0.0301286
1 0.21361 0.621676 0.00378835 0.00955294
1 0.428127 0.840022 0.00580881 0.028369
1 0.341968 0.643017 0.00561414 0.0297818
1 0.505329 0.779455 0.0293563 0.00543569
1 0.362266 0.888687 0.00403088 0.00852097
1 0.641306 0.888522 0.0183267 0.00512458
1 0.451601 0.911966 0.00581063 0.0154042
1 0.682284 0.659003 0.0197973 0.0137637
1 0.550428 0.861243 0.00483679 0.0137724
1 0.658385 0.857297 0.00585475 0.0125782
1 0.470043 0.846464 0.0100844 0.0407151
1 0.38543 0.642451 0.00481534 0.0299234
0 0.199783 0.546594 0.0281736 0.0136007
1 0.393896 0.642569 0.00585509 0.0301311
1 0.30757 0.69411 0.0301708 0.00596018
1 0.376696 0.64254 0.00538451 0.0291931
1 0.721033 0.862417 0.00448302 0.0168752
1 0.307342 0.787749 0.0299346 0.00613166
1 0.115095 0.402476 0.00836196 0.00241389
1 0.470666 0.643342 0.00487675 0.0297312
1 0.153543 0.256593 0.00401991 0.00854719
1 0.265592 0.822792 0.0134255 0.00611734
1 0.751608 0.862252 0.00624228 0.0159545
1 0.505161 0.677126 0.0290156 0.00527548
1 0.462522 0.843865 0.00627755 0.033299
1 0.410592 0.642727 0.00538169 0.0303104
1 0.0437512 0.188271 0.00321262 0.00935705
1 0.200952 0.120209 0.00974735 0.00405558
