5 0.777751 0.515769 0.164068 0.166445
5 0.479192 0.51555 0.163462 0.166268
5 0.180096 0.516199 0.163564 0.165715
0 0.914535 0.409242 0.0255623 0.0511469
0 0.61543 0.37942 0.0256944 0.0517493
0 0.631915 0.645271 0.046598 0.0249352
0 0.913615 0.621249 0.0254676 0.0483108
0 0.0391526 0.548429 0.0157668 0.00862572
0 0.314085 0.391491 0.0263563 0.0488138
0 0.330203 0.644141 0.0432259 0.0245824
0 0.341785 0.543711 0.015349 0.00828977
0 0.474889 0.697512 0.026049 0.0147915
0 0.640797 0.708405 0.0202352 0.0331121
0 0.651299 0.602699 0.01544 0.00796177
0 0.474394 0.720918 0.0277509 0.0142496
0 0.521053 0.704971 0.0272814 0.0142357
0 0.271801 0.642107 0.0222266 0.0118576
0 0.639822 0.545477 0.0154126 0.00844674
0 0.353481 0.604487 0.0157765 0.00839996
0 0.569389 0.641943 0.0216737 0.0119633
1 0.367678 0.702163 0.01971 0.0409321
0 0.871699 0.640482 0.0233943 0.0130685
0 0.606452 0.724622 0.0158615 0.00918054
0 0.91267 0.553851 0.00801755 0.0148526
1 0.615933 0.411214 0.0258348 0.00994085
0 0.69394 0.720348 0.0349775 0.021658
1 0.614894 0.347426 0.0274387 0.0108643
1 0.278292 0.703612 0.0214615 0.0415969
1 0.913792 0.377387 0.0270352 0.011249
1 0.661242 0.603001 0.00371039 0.00890219
1 0.671117 0.719711 0.00818872 0.024031
0 0.611056 0.553809 0.00843974 0.0155862
0 0.309755 0.554762 0.00774018 0.0154331
1 0.363204 0.604647 0.00373071 0.00961066
1 0.314281 0.360717 0.028973 0.0112054
0 0.712161 0.682004 0.0330644 0.0203173
1 0.913749 0.441576 0.0278006 0.0114714
0 0.0411829 0.581054 0.0150823 0.00763821
1 0.913858 0.652527 0.0271802 0.0115497
1 0.713999 0.720025 0.0074713 0.0227864
0 0.455645 0.741143 0.0148175 0.00873734
1 0.490398 0.697161 0.0051555 0.0153027
1 0.856994 0.64057 0.00513696 0.0151005
1 0.576579 0.582389 0.0264822 0.00900913
1 0.537651 0.704744 0.00610802 0.0176475
1 0.610848 0.543487 0.00916434 0.00365542
1 0.314817 0.419452 0.0252222 0.00942709
1 0.913043 0.58897 0.0273743 0.0117002
1 0.575857 0.472971 0.0274229 0.00646282
1 0.533112 0.611807 0.00797678 0.0280221
1 0.721798 0.417622 0.00798391 0.0272093
1 0.735539 0.612538 0.00755323 0.0283897
1 0.576738 0.556538 0.0258333 0.00738788
1 0.735624 0.41726 0.00753703 0.0283433
1 0.332006 0.543876 0.0033933 0.00898955
1 0.576032 0.527123 0.0268094 0.00669504
1 0.2764 0.517427 0.0271146 0.0069132
1 0.662344 0.645273 0.0118747 0.0275479
1 0.276024 0.462749 0.0267664 0.00868
1 0.642058 0.728361 0.0223556 0.00628756
1 0.546151 0.417689 0.00822399 0.0268843
1 0.424023 0.417557 0.00777535 0.0279081
1 0.532949 0.417379 0.00743272 0.0275142
1 0.874129 0.473765 0.0272 0.00779927
3 0.322935 0.702831 0.0683902 0.0549161
1 0.790214 0.612609 0.00747562 0.0291761
1 0.232315 0.614083 0.00850695 0.0268907
1 0.0809589 0.585309 0.0282603 0.0081532
1 0.761824 0.61342 0.00754191 0.0262322
1 0.380737 0.582531 0.0287641 0.00800492
1 0.423968 0.612241 0.00737368 0.0278751
1 0.0813149 0.571341 0.0290694 0.00895922
1 0.0814618 0.475756 0.0274128 0.00795458
1 0.575883 0.446807 0.0281538 0.00869382
1 0.519552 0.613166 0.00790418 0.0262416
1 0.504372 0.613291 0.00732065 0.0262666
1 0.885923 0.640805 0.0041966 0.0134435
1 0.722234 0.612976 0.00768805 0.0256632
1 0.381397 0.501851 0.0269197 0.00757502
1 0.479172 0.612756 0.00582473 0.0273924
1 0.0811436 0.46246 0.0277847 0.00873328
1 0.0832372 0.448087 0.0239113 0.0082435
1 0.0814387 0.516836 0.0285217 0.00808419
1 0.873646 0.527773 0.027071 0.00754069
1 0.380892 0.473476 0.0280509 0.00822783
1 0.0814651 0.557536 0.0292919 0.00873647
1 0.679015 0.514999 0.0283761 0.00833677
1 0.464711 0.61297 0.00775666 0.0257396
1 0.381366 0.528083 0.0274286 0.0082853
1 0.679183 0.569823 0.0299702 0.00877906
1 0.276063 0.572355 0.0270862 0.00628062
1 0.679485 0.583152 0.0307138 0.00990395
1 0.0812528 0.530144 0.027997 0.00736737
1 0.816441 0.61333 0.00765678 0.02654
1 0.276078 0.529145 0.0264159 0.006295
1 0.60643 0.64506 0.00688722 0.0257585
1 0.219387 0.614009 0.00809252 0.0280883
1 0.191117 0.614303 0.00839079 0.0273967
1 0.450024 0.612946 0.00772307 0.0265882
1 0.3555 0.644601 0.00845993 0.026741
1 0.380835 0.569378 0.0294108 0.00788373
1 0.276133 0.475019 0.0275027 0.00690244
1 0.504444 0.704065 0.00401209 0.015373
1 0.276789 0.557872 0.0284277 0.00642908
1 0.16512 0.613528 0.00752372 0.0288058
1 0.874289 0.556697 0.0257986 0.00762126
1 0.2767 0.503282 0.0274726 0.00678444
1 0.576012 0.501692 0.0276931 0.00782535
1 0.206237 0.614713 0.0079273 0.0276157
1 0.831274 0.417284 0.00894928 0.0275393
1 0.275583 0.44866 0.0246125 0.00778483
1 0.67882 0.473524 0.02794 0.00832967
1 0.679008 0.556262 0.0294795 0.00856399
1 0.87449 0.569039 0.0261326 0.00740645
1 0.576625 0.569394 0.0270476 0.00784064
1 0.276016 0.488369 0.026179 0.00703812
1 0.081259 0.488536 0.0279633 0.00852235
1 0.536778 0.705244 0.0051055 0.0167064
1 0.300703 0.643996 0.00741077 0.027816
1 0.458563 0.69712 0.00482941 0.0164964
1 0.17791 0.613639 0.00835281 0.027617
1 0.381276 0.514742 0.0281668 0.00781488
0 0.900007 0.776985 0.0283051 0.0149824
1 0.245972 0.614609 0.00679182 0.0266079
1 0.409807 0.416633 0.00886201 0.0287103
1 0.0505392 0.581546 0.00293077 0.0082318
1 0.51962 0.417233 0.00813963 0.027261
1 0.87398 0.542617 0.0262668 0.00787854
1 0.679011 0.52849 0.0283627 0.00808838
1 0.151925 0.614357 0.00791515 0.0276673
1 0.844394 0.417244 0.00941974 0.0265581
1 0.830855 0.612435 0.00827239 0.0270014
1 0.0812873 0.543235 0.0286997 0.00786591
1 0.0814283 0.50349 0.0282251 0.00858413
1 0.478936 0.417022 0.00685532 0.0283604
1 0.874791 0.447086 0.0263872 0.00874435
1 0.380799 0.556226 0.0284612 0.00759544
1 0.706965 0.613599 0.00778355 0.0257659
1 0.790288 0.417077 0.00750032 0.0294757
1 0.409523 0.613343 0.00836363 0.0260215
1 0.70684 0.418556 0.0074149 0.025344
1 0.776754 0.612969 0.0081662 0.0269205
1 0.874367 0.582971 0.0272152 0.00777529
1 0.679376 0.487964 0.0276242 0.0080744
1 0.190831 0.613942 0.0059889 0.0278981
1 0.874242 0.501799 0.0275678 0.00780293
1 0.748437 0.613109 0.00768705 0.0280845
1 0.802742 0.612853 0.00840422 0.0276397
1 0.575943 0.488087 0.0272559 0.00822605
1 0.246618 0.418759 0.00886634 0.0264662
1 0.844352 0.612148 0.00764584 0.0265179
1 0.136764 0.61472 0.00863141 0.0262838
1 0.80325 0.417524 0.00766473 0.028906
1 0.276119 0.584221 0.0270242 0.00687583
1 0.491279 0.613074 0.00731637 0.0274068
1 0.575989 0.542788 0.0273943 0.00756642
1 0.206599 0.614444 0.00542967 0.0265198
1 0.178028 0.418605 0.00812471 0.027534
2 0.322256 0.702698 0.0680929 0.0550129
1 0.123478 0.614113 0.0080865 0.0279048
1 0.81679 0.417998 0.00757267 0.0273721
1 0.363184 0.645097 0.0124218 0.0290425
1 0.678027 0.446936 0.029587 0.00797193
1 0.436711 0.417844 0.00793438 0.027502
1 0.576237 0.514876 0.0276549 0.0079205
1 0.678729 0.502195 0.0288901 0.00708102
1 0.276097 0.543114 0.0263396 0.00648067
1 0.679178 0.543056 0.0303433 0.00783876
1 0.381132 0.542682 0.0284732 0.00779017
1 0.28506 0.641724 0.00473345 0.0152042
1 0.748472 0.417738 0.00736055 0.0280074
1 0.596908 0.724586 0.00282813 0.0103662
1 0.546076 0.612609 0.0079806 0.0282059
1 0.776947 0.417113 0.00785146 0.0279151
1 0.232763 0.419011 0.00767487 0.0271713
1 0.380846 0.487944 0.0288736 0.00773743
1 0.639893 0.68574 0.021552 0.00708771
1 0.11004 0.614202 0.00855691 0.0262097
1 0.458066 0.719966 0.00456006 0.0177416
1 0.449701 0.417343 0.00679707 0.027366
1 0.436517 0.613129 0.00714655 0.0283451
1 0.874456 0.488151 0.0273275 0.00786566
1 0.15229 0.614246 0.00560704 0.0268109
1 0.381512 0.447212 0.0257309 0.00765694
1 0.504947 0.417079 0.0070903 0.0279763
1 0.31021 0.565174 0.008735 0.00422131
1 0.465247 0.417126 0.0077318 0.0276514
1 0.492786 0.612606 0.00763333 0.0273331
1 0.576105 0.459763 0.0280453 0.00731803
1 0.629782 0.545086 0.00375247 0.00883465
1 0.12349 0.419383 0.00719449 0.0283452
1 0.110161 0.419094 0.00829724 0.0291419
1 0.873721 0.514946 0.0283217 0.00791265
1 0.0285135 0.548786 0.0038039 0.00955181
1 0.916923 0.777216 0.00412969 0.0170057
1 0.219852 0.418598 0.00740969 0.0272199
1 0.733414 0.680874 0.00804901 0.0222917
0 0.565649 0.621998 0.012146 0.0100138
1 0.581984 0.641761 0.00362202 0.0137614
1 0.137233 0.419847 0.0070368 0.0273156
1 0.691785 0.681214 0.00631808 0.021844
1 0.874369 0.460071 0.027755 0.00757158
1 0.761917 0.417979 0.00668416 0.0280877
1 0.678818 0.461209 0.0276387 0.0082692
1 0.464509 0.740709 0.00289704 0.0103753
1 0.0494206 0.54901 0.00389174 0.00851959
1 0.206225 0.418004 0.00709774 0.0275061
