0 0.248131 0.871423 0.0126087 0.0234778
0 0.266257 0.71205 0.0236393 0.0121522
0 0.754306 0.590908 0.0144772 0.00757149
0 0.262547 0.686517 0.0232324 0.0124297
0 0.393285 0.865965 0.0121081 0.0235138
0 0.851277 0.606233 0.0236272 0.0128283
0 0.39751 0.926864 0.0218605 0.0116506
0 0.247991 0.921028 0.0125033 0.0234047
0 0.418373 0.888476 0.0126988 0.0233595
2 0.350204 0.446768 0.209774 0.117806
0 0.261087 0.80777 0.0245535 0.0126695
0 0.276588 0.842032 0.0128033 0.02369
0 0.248594 0.96867 0.0119269 0.0239863
0 0.259713 0.780704 0.0238669 0.0123572
0 0.128026 0.816129 0.0245003 0.0132434
0 0.126145 0.633272 0.0238884 0.0126201
0 0.279176 0.745789 0.0125842 0.0232822
0 0.399375 0.789925 0.023625 0.0130648
0 0.715056 0.604949 0.0253809 0.0131864
0 0.399525 0.695222 0.0236787 0.0125725
0 0.125582 0.754125 0.0241686 0.0124472
0 0.854387 0.339091 0.0255627 0.0138124
0 0.302946 0.600835 0.0235434 0.0126834
0 0.798871 0.607485 0.0257769 0.0129027
0 0.129261 0.925718 0.0237836 0.0124637
0 0.129651 0.970831 0.0235233 0.0122471
0 0.398947 0.815464 0.0228254 0.0118792
0 0.719854 0.323113 0.0170616 0.00867278
0 0.908023 0.520546 0.0151846 0.00861981
0 0.223891 0.592466 0.0240817 0.0129638
0 0.125552 0.695104 0.0240053 0.0124886
0 0.399436 0.63655 0.0234709 0.0120392
0 0.129818 0.873923 0.0238002 0.0132265
0 0.399594 0.968848 0.023084 0.011878
1 0.27678 0.856942 0.0145874 0.0056133
0 0.486598 0.42399 0.0100063 0.016616
0 0.332783 0.569946 0.0157278 0.00861546
2 0.795179 0.473524 0.170255 0.118632
0 0.795658 0.656827 0.0497231 0.0393216
1 0.405467 0.3647 0.0100092 0.0386923
1 0.393816 0.881119 0.0140675 0.00582217
1 0.246066 0.807776 0.00528401 0.0156951
0 0.909692 0.552665 0.0157797 0.0075481
1 0.426925 0.364273 0.0110902 0.04002
1 0.418222 0.902559 0.0139136 0.00473566
0 0.278731 0.9684 0.0122227 0.0236624
1 0.244927 0.780665 0.00508523 0.0158002
1 0.278715 0.730914 0.0146733 0.00480414
1 0.318802 0.364907 0.0108262 0.039961
1 0.383609 0.526862 0.0112354 0.035248
1 0.730254 0.323489 0.00348307 0.0108211
1 0.83973 0.339024 0.00437808 0.0153266
1 0.238572 0.592359 0.00522524 0.0150457
1 0.113147 0.816043 0.00491661 0.0151179
1 0.730087 0.605079 0.00384728 0.0151594
1 0.405188 0.527335 0.0112485 0.0358983
1 0.486137 0.434042 0.0111694 0.00373321
1 0.248466 0.885838 0.0154615 0.00537241
1 0.144255 0.926247 0.00622999 0.0142839
1 0.248161 0.935973 0.013996 0.00601278
1 0.275904 0.807792 0.00563872 0.0130288
1 0.247967 0.686804 0.00581218 0.0155699
1 0.448783 0.363317 0.0125282 0.0410821
1 0.384858 0.69512 0.00521403 0.0148518
1 0.114661 0.873995 0.00578823 0.0145678
1 0.208901 0.59261 0.00574398 0.0142449
1 0.362719 0.364425 0.0115789 0.0394979
0 0.278303 0.920844 0.012391 0.0230315
1 0.248007 0.856583 0.0150228 0.0051277
1 0.825227 0.657909 0.013174 0.0454562
1 0.340778 0.364218 0.0110634 0.0407351
1 0.427093 0.527167 0.0114709 0.0340185
1 0.297289 0.364268 0.0106555 0.0388296
1 0.276039 0.363857 0.011791 0.0386922
1 0.278985 0.760085 0.0144666 0.00560248
1 0.111404 0.633303 0.00531637 0.0151989
1 0.38501 0.815696 0.00485539 0.0142367
1 0.384164 0.364388 0.0114833 0.0395188
1 0.917649 0.520338 0.00305507 0.00933037
1 0.27692 0.686997 0.0056551 0.013868
1 0.385204 0.636426 0.00516691 0.0137989
1 0.317443 0.601071 0.00511323 0.0141788
1 0.25354 0.526768 0.0127432 0.0373137
1 0.362551 0.526946 0.0117778 0.0335767
1 0.27581 0.526903 0.0119197 0.036029
1 0.142959 0.816538 0.00574226 0.0147783
1 0.81469 0.607657 0.00512633 0.0150074
1 0.144295 0.873983 0.00563016 0.0147167
1 0.411482 0.926927 0.00562759 0.012784
1 0.144276 0.970875 0.00627918 0.0142136
1 0.869318 0.339348 0.00510738 0.0151025
1 0.384783 0.789702 0.00511144 0.0156015
1 0.448469 0.526401 0.0123013 0.0347166
1 0.251921 0.712172 0.00511355 0.0153537
1 0.296532 0.528895 0.0107838 0.0294863
1 0.114525 0.925474 0.0056076 0.0146149
1 0.114807 0.971017 0.00580931 0.014115
1 0.783274 0.607791 0.00517223 0.0142045
1 0.699647 0.604971 0.00400318 0.0148377
1 0.745915 0.590814 0.00395071 0.00867631
1 0.340481 0.527339 0.0109637 0.0316942
1 0.384914 0.968409 0.0058186 0.0151115
1 0.296919 0.524013 0.011297 0.0310518
1 0.318595 0.530613 0.0108779 0.0260218
1 0.287631 0.601105 0.00678181 0.0142988
1 0.38564 0.96918 0.00474752 0.0133221
1 0.768326 0.658668 0.00961923 0.0405128
1 0.25395 0.363792 0.0118089 0.038865
1 0.318872 0.523886 0.0106367 0.0278553
1 0.278263 0.934397 0.0133109 0.00471659
1 0.813401 0.553005 0.00774371 0.0353472
1 0.418011 0.873883 0.0141008 0.00616855
1 0.867474 0.391852 0.00896266 0.0359108
1 0.111681 0.694866 0.00460076 0.0148706
1 0.111403 0.753889 0.00495666 0.0138271
1 0.827079 0.390124 0.00862466 0.0403297
1 0.275273 0.857384 0.0130022 0.00566351
