5 0.777781 0.514951 0.164222 0.166387
5 0.48006 0.514995 0.16396 0.16697
5 0.180493 0.515787 0.162617 0.16669
0 0.631693 0.645556 0.042529 0.0257617
0 0.615451 0.379773 0.0254858 0.0482863
0 0.914414 0.409152 0.0249055 0.0507365
0 0.914414 0.620024 0.0259519 0.0483102
0 0.712044 0.681597 0.0332272 0.0207665
0 0.0387038 0.548315 0.0144503 0.00806908
0 0.315562 0.39152 0.0253347 0.0507533
0 0.570444 0.6421 0.0215032 0.0118778
0 0.640206 0.545195 0.0157471 0.00942274
0 0.0412762 0.581126 0.0142314 0.0079033
0 0.640872 0.706323 0.0208261 0.0325644
0 0.872446 0.639739 0.0231369 0.0127983
0 0.354254 0.603786 0.0156684 0.00823512
0 0.331613 0.643567 0.0479163 0.0273621
0 0.475139 0.696657 0.0258695 0.0144079
0 0.272364 0.641101 0.0230866 0.0128243
0 0.521797 0.703888 0.027268 0.014143
0 0.309687 0.555127 0.00814819 0.0147161
0 0.912778 0.55349 0.00811717 0.0148961
1 0.367897 0.701691 0.0190082 0.0406203
1 0.616125 0.410242 0.0256161 0.0112359
1 0.278382 0.703114 0.0201542 0.0416831
0 0.474769 0.720197 0.0272381 0.0134032
0 0.6061 0.724194 0.0166714 0.00933919
0 0.456251 0.740567 0.0153072 0.00860639
0 0.65243 0.601935 0.0150223 0.00848851
1 0.314994 0.360128 0.0285528 0.0118083
0 0.34226 0.54278 0.0144838 0.0077761
0 0.611446 0.553514 0.00869751 0.0154423
1 0.914103 0.441316 0.026044 0.010614
1 0.914372 0.377538 0.0274771 0.0108896
0 0.693936 0.719326 0.0329928 0.0224218
3 0.324468 0.702618 0.0672192 0.055207
1 0.363675 0.603866 0.00316995 0.00935695
1 0.640861 0.685369 0.0218958 0.00727675
1 0.914493 0.588615 0.0270127 0.0111677
1 0.886714 0.64019 0.00479295 0.0147104
1 0.050917 0.581574 0.00314664 0.00922775
1 0.165562 0.613543 0.00737404 0.0269184
1 0.714568 0.719213 0.00840353 0.0236965
1 0.679199 0.460065 0.0297461 0.00843786
1 0.277023 0.462424 0.0280005 0.0070994
1 0.679376 0.514397 0.0292647 0.00814807
1 0.424661 0.612288 0.0078287 0.027074
1 0.300858 0.643562 0.00882937 0.0286227
1 0.315805 0.423538 0.0255704 0.00942265
1 0.363784 0.644705 0.0115133 0.0286147
1 0.614717 0.346904 0.0281498 0.0100755
1 0.671581 0.71877 0.00809316 0.02374
1 0.611161 0.543576 0.00933388 0.00376104
1 0.220067 0.61411 0.00783301 0.0277016
1 0.845159 0.416614 0.0088713 0.0267118
1 0.875404 0.44618 0.0257591 0.00881467
1 0.732791 0.680705 0.00828859 0.0229912
1 0.7366 0.416752 0.00730464 0.0274481
1 0.533527 0.416921 0.00762727 0.026837
1 0.679707 0.569226 0.0296217 0.00874535
1 0.178835 0.418459 0.00805925 0.0284148
1 0.873693 0.47289 0.0249162 0.00768677
1 0.380657 0.459741 0.0271872 0.00835706
1 0.73695 0.612042 0.00733491 0.0275824
1 0.489975 0.696478 0.00437296 0.0142045
1 0.0811392 0.584678 0.0279746 0.00814269
1 0.680397 0.582475 0.0298357 0.0102996
1 0.276652 0.474368 0.0284032 0.00702148
1 0.831814 0.416581 0.00894271 0.0269686
1 0.875164 0.459891 0.0266142 0.00807237
1 0.424193 0.416826 0.00819975 0.0270807
1 0.722587 0.61282 0.00761376 0.0255437
1 0.857481 0.639765 0.00534295 0.0141098
1 0.15215 0.614556 0.0078537 0.0253412
1 0.691478 0.681692 0.00760388 0.0229993
1 0.874844 0.527068 0.027086 0.00787923
1 0.914586 0.651349 0.0273679 0.0111928
1 0.87528 0.568921 0.0268218 0.00790668
1 0.875299 0.514584 0.0271101 0.00809182
1 0.137394 0.418734 0.0075627 0.0278491
1 0.0812529 0.529612 0.0278585 0.00805645
1 0.246659 0.417106 0.00815773 0.0246785
1 0.380837 0.472958 0.0273546 0.00845124
1 0.178323 0.614204 0.00683617 0.0260696
1 0.3817 0.514287 0.0286818 0.00793788
1 0.791147 0.611757 0.00751902 0.0282491
1 0.46487 0.612733 0.00742274 0.0251441
1 0.081255 0.461656 0.0278133 0.00855959
1 0.0811605 0.475502 0.0273872 0.00794304
1 0.576878 0.569099 0.0266041 0.00731121
1 0.576806 0.514176 0.0268459 0.00724852
1 0.832 0.612612 0.00867906 0.0264995
1 0.409682 0.613028 0.00798704 0.0256613
1 0.381407 0.500897 0.0272843 0.00828493
1 0.220091 0.418267 0.00816459 0.0291123
1 0.276803 0.517379 0.0279405 0.00630091
1 0.206666 0.614887 0.00739329 0.0256213
1 0.679538 0.52801 0.0293183 0.00898674
1 0.641869 0.727461 0.0228341 0.00747968
1 0.152276 0.419139 0.00731574 0.0276086
1 0.576372 0.527244 0.0251959 0.00675824
1 0.45033 0.612309 0.00739285 0.0257929
1 0.381975 0.569125 0.0302148 0.00879088
1 0.081426 0.516223 0.0283169 0.00848698
1 0.479665 0.612322 0.00745808 0.0272164
1 0.875398 0.555863 0.0263283 0.00757549
1 0.276282 0.529093 0.0273783 0.00630663
1 0.233413 0.418518 0.00804365 0.0281334
1 0.0811447 0.488579 0.0272458 0.00823471
1 0.232924 0.614329 0.00682091 0.0259516
1 0.380875 0.44629 0.0258932 0.00857009
1 0.722468 0.417319 0.00741027 0.0271345
1 0.505053 0.703336 0.00424101 0.015779
1 0.777323 0.612688 0.00821067 0.025793
1 0.875401 0.5009 0.0262205 0.00742765
1 0.816583 0.612513 0.00825 0.0268199
1 0.124178 0.614064 0.0072737 0.026615
1 0.276736 0.488276 0.0281439 0.00658392
1 0.679822 0.473253 0.0288846 0.0095672
1 0.504841 0.612584 0.00644756 0.0274808
1 0.110815 0.418221 0.00842831 0.0296065
1 0.332847 0.543478 0.00384553 0.00892189
1 0.08153 0.55697 0.0289673 0.00958658
1 0.276595 0.542719 0.027439 0.0070615
1 0.53436 0.611792 0.00775741 0.0282485
1 0.381199 0.555439 0.0289677 0.00827983
1 0.817352 0.41686 0.00741127 0.0268432
1 0.137156 0.614459 0.00867356 0.0253617
1 0.874926 0.542722 0.0271621 0.00730371
1 0.791367 0.416309 0.00652907 0.028551
1 0.803858 0.612586 0.00754916 0.0281565
1 0.762299 0.612586 0.0075314 0.0254268
1 0.679091 0.446214 0.0287865 0.00902723
1 0.110846 0.613147 0.00835065 0.0277126
1 0.381642 0.582919 0.0298929 0.00946026
1 0.5765 0.48765 0.0272363 0.00794961
1 0.489089 0.696735 0.00356996 0.0142837
1 0.381409 0.527929 0.0284001 0.00830982
1 0.679832 0.555749 0.0292029 0.00830497
1 0.519651 0.416778 0.00799629 0.026725
1 0.315776 0.420902 0.0260428 0.00920715
1 0.276091 0.448395 0.0266145 0.00752318
1 0.576809 0.459706 0.0275886 0.00733413
1 0.465011 0.74038 0.00251467 0.010127
1 0.276854 0.558236 0.0282122 0.00641094
1 0.707861 0.612579 0.00837833 0.0271601
1 0.24685 0.614699 0.00751997 0.0242184
1 0.277006 0.503724 0.0291088 0.00629794
1 0.0810958 0.571029 0.028055 0.00832748
1 0.191329 0.614607 0.00809574 0.0260267
1 0.87511 0.487396 0.0268588 0.00753747
1 0.492944 0.612132 0.00759275 0.0276585
1 0.576208 0.472694 0.028067 0.00693059
1 0.0815015 0.447867 0.02811 0.0092705
1 0.0816681 0.502705 0.0285052 0.00885157
1 0.381182 0.542202 0.02977 0.00820091
1 0.577069 0.446184 0.0267405 0.0084554
1 0.679398 0.501229 0.028641 0.00775278
1 0.576606 0.542726 0.0269733 0.00700172
1 0.576617 0.556942 0.0271177 0.00632477
1 0.166088 0.418272 0.00805694 0.0292437
1 0.380931 0.487672 0.0286583 0.00764681
1 0.276386 0.571865 0.0269936 0.0061997
1 0.679692 0.487406 0.029671 0.00880895
1 0.576597 0.502297 0.0270116 0.00612378
1 0.874755 0.582465 0.0258775 0.00697608
1 0.276208 0.584247 0.0277825 0.00722028
1 0.80334 0.417076 0.00748587 0.0292306
1 0.478915 0.416422 0.00780112 0.0269598
1 0.546425 0.417233 0.00831935 0.0263043
1 0.844977 0.612207 0.00852604 0.025971
1 0.206576 0.418793 0.00715493 0.0291497
1 0.679845 0.542672 0.0306771 0.00830128
1 0.458758 0.696261 0.00515509 0.0161577
1 0.630112 0.544439 0.00417897 0.00942593
1 0.438211 0.416181 0.00769365 0.0263607
1 0.0814875 0.542733 0.0282027 0.00812118
1 0.776973 0.416486 0.00851866 0.0274756
1 0.707274 0.418033 0.00678872 0.0245088
1 0.51932 0.612893 0.00710928 0.0267086
1 0.124624 0.418757 0.00855035 0.028285
2 0.324751 0.702283 0.066221 0.0546084
1 0.606233 0.644914 0.00846337 0.0282097
1 0.30979 0.565473 0.00960541 0.00409355
1 0.285255 0.640302 0.0044167 0.016251
1 0.438229 0.611975 0.00757858 0.0271867
1 0.451003 0.416598 0.00676168 0.0268112
1 0.576515 0.58281 0.0264745 0.00706276
1 0.0283796 0.548742 0.00370845 0.00938071
1 0.651203 0.544796 0.00373959 0.0102939
1 0.546871 0.61155 0.00842948 0.0274512
1 0.410295 0.416095 0.00908254 0.0269151
1 0.748966 0.612826 0.00715174 0.0279233
1 0.912508 0.543524 0.00869707 0.00269818
1 0.50542 0.416366 0.00702548 0.0273108
1 0.914594 0.647889 0.0263299 0.0109088
1 0.762097 0.417384 0.00695325 0.0283879
1 0.557959 0.642319 0.00364566 0.0133486
1 0.492577 0.416273 0.00812365 0.0277387
1 0.191651 0.41908 0.00670048 0.0277281
1 0.991705 0.0175322 0.0144045 0.0350643
1 0.680088 0.472829 0.0284958 0.0063945
1 0.49158 0.613062 0.00745808 0.0273061
1 0.409931 0.417849 0.00698956 0.0250319
1 0.464838 0.416395 0.00706219 0.0272799
1 0.661566 0.643966 0.01016 0.0261867
1 0.749153 0.417202 0.00785352 0.0283011
1 0.663424 0.643596 0.0108415 0.0269774
1 0.67353 0.718815 0.00736187 0.023632
1 0.983119 0.0174773 0.0155866 0.0349545
1 0.679076 0.543305 0.0320312 0.00595024
