0 0.166447 0.201285 0.0120927 0.0223457
0 0.721118 0.934594 0.0148895 0.0251145
0 0.230082 0.871536 0.0248864 0.0128717
0 0.167519 0.606093 0.0128217 0.0225383
0 0.230952 0.959639 0.0245891 0.012434
0 0.197824 0.0754408 0.012945 0.0239185
0 0.317826 0.255005 0.0242304 0.012529
0 0.167311 0.475051 0.0120761 0.0228083
0 0.584533 0.763056 0.012882 0.0241094
0 0.185541 0.0412169 0.0237403 0.0125115
0 0.0450872 0.0833278 0.0228907 0.0118892
0 0.0472123 0.146398 0.0231992 0.012039
2 0.476326 0.374542 0.103728 0.105111
0 0.77035 0.7342 0.0262133 0.0136419
0 0.167227 0.427431 0.0127179 0.0227127
0 0.179945 0.136771 0.0236766 0.0126496
0 0.19849 0.427046 0.0132542 0.0237674
0 0.31742 0.552107 0.0242914 0.0124966
0 0.657817 0.725217 0.0220161 0.0346017
0 0.197421 0.475249 0.0124173 0.0224441
0 0.319193 0.298545 0.0227056 0.0129776
0 0.337513 0.217536 0.0130373 0.0234618
0 0.198205 0.605434 0.0124219 0.0226826
0 0.372944 0.966571 0.0219276 0.0353506
0 0.166964 0.338775 0.0126209 0.0226031
0 0.0475595 0.466148 0.0232096 0.012179
0 0.318318 0.426193 0.0232029 0.0133715
0 0.166956 0.563902 0.0120662 0.0237935
0 0.696969 0.79168 0.0135496 0.0254471
0 0.870445 0.800584 0.0266144 0.0150222
0 0.806124 0.640436 0.0197506 0.0339525
0 0.167218 0.515987 0.0121819 0.0236116
0 0.0488302 0.254429 0.0237462 0.0129167
0 0.181976 0.0162095 0.0235212 0.0125373
0 0.167036 0.298134 0.0120259 0.0236367
0 0.319066 0.0256796 0.0236879 0.0120487
0 0.178723 0.11115 0.0235788 0.0126441
0 0.318914 0.145148 0.0240652 0.0122612
0 0.197364 0.515842 0.0120195 0.0228844
0 0.197166 0.563406 0.0119579 0.022794
0 0.774835 0.637211 0.0226712 0.0403253
0 0.0486501 0.594698 0.0244286 0.0129464
0 0.0484137 0.299523 0.0234153 0.0119666
0 0.16737 0.386105 0.0119125 0.0227687
0 0.048169 0.339473 0.0237449 0.0129882
0 0.197624 0.386648 0.0130107 0.0234542
0 0.319248 0.119262 0.0237652 0.0123972
0 0.0450495 0.0252089 0.0235055 0.0127817
0 0.197575 0.338232 0.0127321 0.0232489
0 0.31742 0.510531 0.0232935 0.0127588
0 0.609422 0.762495 0.0148979 0.0241842
0 0.0398342 0.869682 0.0230898 0.0116256
0 0.0488274 0.509431 0.0243649 0.0125024
1 0.774626 0.660622 0.0230446 0.0081375
0 0.048498 0.383283 0.0246488 0.0130519
0 0.31746 0.645887 0.0238844 0.0122485
0 0.623471 0.796544 0.0271348 0.0143259
1 0.805186 0.618398 0.0230989 0.00897992
0 0.195911 0.172173 0.0128611 0.0238543
0 0.311766 0.196055 0.0118071 0.0236292
0 0.317534 0.466841 0.0238514 0.0126995
0 0.317203 0.595067 0.0236422 0.0128563
0 0.0483426 0.425274 0.0241519 0.0126712
0 0.222693 0.678881 0.0241193 0.0123499
0 0.570617 0.388355 0.0162573 0.00864873
0 0.16764 0.250093 0.0122185 0.0228354
0 0.0489555 0.55212 0.024314 0.0122962
0 0.048469 0.202955 0.0234301 0.0127782
1 0.197563 0.0900135 0.0146161 0.00505209
0 0.0484705 0.646958 0.0239447 0.0128944
1 0.198406 0.441159 0.0143488 0.00509619
0 0.969699 0.755718 0.0159252 0.0082016
0 0.318524 0.38339 0.0246521 0.0126871
1 0.805874 0.661055 0.0219841 0.00691367
1 0.166805 0.215218 0.0140379 0.00470477
1 0.332492 0.254811 0.0054653 0.0145963
1 0.167617 0.324353 0.0156814 0.00475283
0 0.611783 0.328443 0.0130873 0.024508
1 0.167548 0.488922 0.0142555 0.0045494
1 0.373143 0.988518 0.0236071 0.0081532
1 0.197814 0.324378 0.0154777 0.00443518
1 0.167365 0.441302 0.01416 0.00494016
1 0.167633 0.620504 0.0151544 0.00572086
0 0.878631 0.767681 0.0326027 0.0206783
0 0.96974 0.739091 0.0146961 0.00795614
1 0.197175 0.488985 0.0137121 0.00468611
1 0.854906 0.800363 0.00474167 0.0166439
0 0.612546 0.408096 0.0123853 0.0233535
0 0.785167 0.584111 0.030236 0.0155557
1 0.167547 0.371891 0.0146581 0.00440623
1 0.609374 0.777455 0.0147965 0.00467325
1 0.0596278 0.0254199 0.00551829 0.0151311
1 0.200147 0.0408739 0.00552696 0.0145491
1 0.198026 0.371728 0.0148596 0.00543041
1 0.584397 0.777669 0.0155129 0.00515009
1 0.197749 0.401206 0.0157649 0.00511848
1 0.333099 0.425934 0.00621105 0.0151176
1 0.331968 0.510722 0.00523492 0.0142547
1 0.697322 0.776809 0.0154445 0.00393389
1 0.721116 0.94956 0.0159278 0.0045358
1 0.657134 0.746027 0.0227811 0.00703768
1 0.033849 0.299674 0.00513084 0.0136695
1 0.612272 0.393846 0.0134925 0.00477638
1 0.167612 0.0164025 0.00555706 0.015475
1 0.197248 0.591473 0.0147667 0.00464024
0 0.876387 0.733498 0.0325472 0.0201367
1 0.167468 0.400603 0.0151987 0.00569356
1 0.332066 0.552236 0.00550014 0.0135005
1 0.33202 0.646059 0.00558131 0.0134906
1 0.16744 0.283624 0.0140462 0.00491833
1 0.721103 0.919484 0.0166031 0.00501376
0 0.86931 0.701597 0.0249648 0.015339
1 0.167774 0.59186 0.0156287 0.00540117
1 0.333854 0.0259867 0.00509397 0.0136393
0 0.198148 0.298212 0.0119706 0.0228684
1 0.337319 0.2317 0.0140099 0.0043726
1 0.885454 0.800982 0.00543888 0.0154761
0 0.318965 0.338734 0.0230266 0.012978
1 0.198059 0.620115 0.0138101 0.0054335
1 0.167223 0.549675 0.0138888 0.00442123
1 0.0340606 0.551995 0.00476237 0.0141271
1 0.333651 0.14495 0.00549198 0.0143527
1 0.0597962 0.0829746 0.00567433 0.0138236
1 0.697103 0.807153 0.0166588 0.00478863
1 0.0344111 0.25427 0.00472592 0.0146536
1 0.785766 0.734218 0.00463248 0.0163758
1 0.333731 0.119503 0.00508881 0.0137858
1 0.193204 0.111373 0.00496936 0.0147057
1 0.302508 0.645146 0.00581282 0.0147441
1 0.302274 0.594529 0.00660324 0.0143768
1 0.609651 0.747862 0.0166629 0.00510238
1 0.196918 0.4898 0.0135704 0.00503337
1 0.0341924 0.203187 0.00490221 0.013786
4 0.579193 0.59348 0.173462 0.169369
1 0.19762 0.549283 0.0137474 0.00489269
1 0.197427 0.502975 0.0131 0.00365282
1 0.0332979 0.594351 0.00577399 0.0152206
1 0.0338545 0.339512 0.00460363 0.014534
1 0.215176 0.871415 0.0040617 0.0150687
1 0.215908 0.959669 0.00449126 0.0144539
1 0.331941 0.467105 0.00532819 0.0138212
1 0.197206 0.411596 0.0148087 0.00479185
1 0.853595 0.701875 0.00495504 0.0188295
1 0.754966 0.734076 0.00406071 0.0151198
1 0.33185 0.59507 0.00580919 0.0139625
1 0.197512 0.402402 0.0150684 0.00570319
1 0.207071 0.678544 0.00529771 0.0146737
1 0.0337986 0.509552 0.00511902 0.0151038
1 0.167818 0.502576 0.0138252 0.0041225
1 0.302391 0.551612 0.00565873 0.0148237
0 0.19825 0.250493 0.0125669 0.0234054
1 0.025198 0.870247 0.00583245 0.0140857
1 0.03407 0.647061 0.00452043 0.0140364
1 0.31197 0.181995 0.0137354 0.00434481
1 0.557369 0.332036 0.0625384 0.0289584
1 0.302727 0.254136 0.00607562 0.0144843
1 0.198445 0.0597005 0.0147037 0.00620607
1 0.0333241 0.465865 0.00512721 0.0137357
1 0.372999 0.944349 0.0241414 0.00840203
1 0.0335209 0.425305 0.00498536 0.0145868
1 0.581266 0.388172 0.00392901 0.00931702
1 0.0332278 0.382989 0.00513619 0.01513
1 0.245043 0.872051 0.00584562 0.0146048
1 0.197723 0.353292 0.0144066 0.00592028
1 0.166968 0.591194 0.0155559 0.00438115
1 0.407574 0.38577 0.0305063 0.0744473
1 0.302247 0.510506 0.00578267 0.0147707
1 0.197432 0.459873 0.0144166 0.00687965
1 0.333832 0.382903 0.0053685 0.0143434
1 0.166698 0.45972 0.0142777 0.0065478
1 0.167759 0.236534 0.013095 0.00434739
1 0.0297082 0.0248567 0.00683602 0.0133622
1 0.170035 0.0412914 0.00603058 0.0143959
1 0.657278 0.701498 0.0234302 0.00744798
1 0.197961 0.283608 0.0131978 0.00448168
1 0.245491 0.95962 0.00599799 0.0145543
1 0.606949 0.796831 0.00535777 0.0156646
1 0.236485 0.678804 0.00529202 0.0157663
0 0.167183 0.657484 0.0128868 0.0240629
1 0.333591 0.297886 0.00532863 0.0137878
1 0.333832 0.338692 0.00613653 0.0142375
1 0.303135 0.383518 0.00608832 0.014582
1 0.896815 0.733683 0.00697133 0.0216995
1 0.855778 0.732754 0.00781613 0.0234578
1 0.30268 0.466184 0.00610589 0.0151227
1 0.583984 0.747449 0.0171204 0.00547059
1 0.0297176 0.0828933 0.00643858 0.0150249
1 0.303379 0.0256158 0.00670499 0.0143253
1 0.801448 0.583774 0.00438928 0.0161626
1 0.979759 0.738449 0.00411631 0.0100305
1 0.197553 0.441947 0.0136104 0.00537456
1 0.195773 0.158009 0.0137017 0.00563013
1 0.37299 0.946018 0.024098 0.0091679
1 0.856084 0.768052 0.00705957 0.0233681
1 0.165703 0.136515 0.00543624 0.0140766
1 0.979345 0.755961 0.00371602 0.00972197
1 0.775133 0.613785 0.0237501 0.00418422
1 0.166894 0.402064 0.0151591 0.00606102
1 0.197415 0.0159189 0.00521955 0.0146342
1 0.166713 0.186047 0.0146837 0.00613821
