0 0.304723 0.353967 0.0212641 0.011368
1 0.392415 0.440834 0.0151099 0.0120978
0 0.0346922 0.130556 0.0241097 0.0124742
0 0.152092 0.644646 0.0124501 0.0222724
0 0.151953 0.302811 0.0123202 0.0229107
0 0.304232 0.130336 0.0228263 0.0119536
0 0.303905 0.0897682 0.0226549 0.0123879
0 0.0352863 0.685405 0.023663 0.0125248
0 0.303603 0.854554 0.0232379 0.0122946
1 0.632198 0.269028 0.0227749 0.00783564
0 0.303892 0.683616 0.0238567 0.0128219
0 0.159331 0.379615 0.0232903 0.0128741
2 0.847813 0.474014 0.0819039 0.0616892
0 0.663363 0.349163 0.0227241 0.0378444
0 0.552693 0.46543 0.0204675 0.0329005
0 0.152373 0.554283 0.0119426 0.0229603
0 0.159488 0.825776 0.0126292 0.0228993
0 0.152621 0.513152 0.0129757 0.0231276
0 0.185856 0.417891 0.0127133 0.0245636
0 0.0352118 0.38822 0.0239816 0.0115676
0 0.870554 0.0428581 0.0133808 0.025135
1 0.357245 0.458113 0.013026 0.0107611
0 0.0354112 0.215809 0.0247042 0.0126875
0 0.30369 0.807612 0.0240539 0.0133624
0 0.0352473 0.0379208 0.0240214 0.012064
0 0.154574 0.129806 0.0118431 0.0230564
0 0.186246 0.894934 0.0124826 0.0228901
0 0.154018 0.599835 0.012252 0.0236783
0 0.186217 0.731931 0.0121512 0.0235648
2 0.374918 0.443925 0.0182247 0.0471008
0 0.152764 0.343119 0.0122685 0.0228344
0 0.30354 0.768481 0.0233067 0.0120865
0 0.186279 0.21585 0.0118708 0.0226494
0 0.90852 0.481091 0.00814213 0.0155065
0 0.0352829 0.598375 0.0244932 0.0128977
0 0.303374 0.643473 0.0238647 0.0127652
0 0.816763 0.376136 0.0237039 0.0128529
0 0.159408 0.691956 0.0127339 0.023073
0 0.152061 0.213154 0.0133567 0.0236484
0 0.152303 0.458451 0.0128034 0.0234848
0 0.186005 0.146595 0.0116461 0.0234786
0 0.152622 0.418281 0.0123838 0.0218652
0 0.0360312 0.301408 0.0243815 0.0128576
0 0.30514 0.391715 0.0231844 0.0119299
0 0.186442 0.302714 0.0117566 0.0228755
0 0.159156 0.732507 0.012865 0.0240985
0 0.186008 0.647653 0.0118387 0.0232044
0 0.155471 0.0886575 0.0117268 0.0237977
0 0.30559 0.459003 0.0223243 0.0117041
0 0.950955 0.529327 0.0172473 0.00997972
0 0.905011 0.348494 0.0253641 0.0142645
0 0.0349874 0.515141 0.0238631 0.0130939
0 0.767564 0.14306 0.0141754 0.0244386
0 0.186331 0.813522 0.0115517 0.0232682
0 0.0358225 0.173669 0.0232033 0.0126662
0 0.159823 0.784212 0.0125483 0.0227995
0 0.869401 0.366541 0.0193 0.0338941
0 0.0351845 0.76925 0.0238786 0.0126744
0 0.651154 0.231846 0.0212601 0.0360199
0 0.303976 0.949197 0.023386 0.0128903
0 0.297674 0.287378 0.0124236 0.0237349
0 0.0351853 0.727873 0.0232998 0.0124285
0 0.186274 0.854316 0.0117602 0.0230324
0 0.035665 0.0889711 0.0234134 0.0126339
0 0.297021 0.24642 0.0123062 0.0230463
0 0.0350815 0.472975 0.0241764 0.0126768
0 0.304017 0.0470331 0.0237844 0.0119901
0 0.0355801 0.345649 0.0234002 0.0123561
0 0.0348789 0.812011 0.0243464 0.0124632
0 0.937253 0.499662 0.0129743 0.0255132
0 0.0354234 0.258668 0.0237884 0.012757
0 0.632151 0.290227 0.0210502 0.03468
0 0.297152 0.164319 0.0122777 0.0240374
0 0.296682 0.205752 0.0121014 0.0239149
0 0.311706 0.904616 0.0232468 0.0126076
0 0.035653 0.430212 0.0235782 0.0128642
0 0.18635 0.256617 0.0118371 0.0230814
0 0.366881 0.321051 0.0227495 0.0119405
0 0.710913 0.235842 0.0334772 0.0204231
0 0.0354912 0.55565 0.0245734 0.0128915
0 0.81673 0.352086 0.0175982 0.00953149
0 0.186459 0.343862 0.0121824 0.0234501
0 0.186425 0.0457809 0.0117333 0.0236643
0 0.0350244 0.642841 0.0237808 0.0120957
0 0.185879 0.0963681 0.0124865 0.0238477
0 0.186373 0.690841 0.0124587 0.022535
0 0.155974 0.0470208 0.0117678 0.0230274
0 0.794552 0.518934 0.00997568 0.0170088
0 0.17768 0.179569 0.0243416 0.0132264
0 0.303424 0.726759 0.024192 0.0122749
0 0.186055 0.772556 0.012795 0.0243964
0 0.710139 0.341639 0.0342055 0.0205451
0 0.185697 0.459296 0.0121397 0.0229983
1 0.159272 0.839913 0.0138686 0.00549123
0 0.305889 0.421074 0.0230106 0.0123886
1 0.566776 0.270394 0.0217018 0.00994004
0 0.710919 0.305337 0.0336306 0.0194297
0 0.664761 0.289635 0.0230982 0.0374314
0 0.330828 0.247636 0.0129845 0.0252346
0 0.59871 0.289499 0.0226338 0.0352056
0 0.975685 0.0329311 0.0124488 0.0253895
0 0.594861 0.4707 0.0135913 0.0252161
1 0.186188 0.839935 0.0141587 0.00470208
0 0.566693 0.290216 0.0187297 0.0280551
1 0.15547 0.0737741 0.0150171 0.00452313
1 0.159296 0.747356 0.0144154 0.00505685
0 0.399372 0.790672 0.0276283 0.01476
0 0.186576 0.554385 0.0120251 0.0230573
1 0.566647 0.309467 0.0207398 0.00965037
0 0.710548 0.271842 0.0340038 0.0204495
1 0.869072 0.386839 0.0230134 0.00835991
1 0.185386 0.0817273 0.0152612 0.00464321
1 0.731688 0.305462 0.00837339 0.0224229
0 0.186873 0.977039 0.0237169 0.0117435
1 0.18594 0.676191 0.0142115 0.00537966
1 0.15227 0.472939 0.0147741 0.00516845
0 0.152735 0.257988 0.0133497 0.0221838
1 0.66352 0.325467 0.023711 0.00795508
1 0.317876 0.768633 0.00490951 0.0142312
1 0.152258 0.527359 0.0146311 0.00427321
2 0.36988 0.508642 0.0200672 0.0490191
1 0.16 0.769379 0.0150663 0.00453711
1 0.0205255 0.0381879 0.00507833 0.0134117
1 0.552921 0.444347 0.0234801 0.00853135
1 0.318426 0.854807 0.00580084 0.014144
1 0.387576 0.525244 0.0143321 0.0117727
1 0.330586 0.262915 0.0143194 0.00462604
1 0.0501168 0.598267 0.00527146 0.0147163
1 0.8688 0.344461 0.0214582 0.00825625
1 0.870085 0.0574589 0.0146656 0.0044696
1 0.0204213 0.130738 0.00527541 0.0142027
1 0.153879 0.614732 0.0143502 0.00544082
1 0.599136 0.268832 0.0226142 0.00722219
1 0.297395 0.191583 0.0147851 0.00434919
1 0.0498239 0.769542 0.00587475 0.0147677
1 0.974926 0.0177991 0.0164597 0.00449522
1 0.0204968 0.598239 0.00555546 0.0155957
1 0.152129 0.658972 0.0150248 0.00574256
1 0.297372 0.301467 0.0140641 0.00490695
1 0.151887 0.316967 0.0139825 0.00401772
1 0.651171 0.209186 0.0236437 0.00767583
1 0.297535 0.260541 0.0151025 0.00473737
1 0.0204002 0.812213 0.00500304 0.0141479
1 0.870947 0.0276068 0.0152752 0.00415039
1 0.186269 0.229474 0.0136028 0.00442023
1 0.151938 0.228454 0.0153177 0.00606907
1 0.318276 0.64371 0.00518477 0.0148475
1 0.801796 0.375981 0.00548222 0.0157343
1 0.663129 0.370517 0.0231577 0.00750989
1 0.186634 0.745564 0.0136358 0.00393639
1 0.551994 0.487632 0.0224302 0.0073427
1 0.632375 0.311746 0.0234332 0.00807046
1 0.0501294 0.301482 0.00543442 0.0141636
1 0.152412 0.199503 0.0152642 0.00384307
1 0.859502 0.519437 0.0105186 0.0285869
1 0.186415 0.316328 0.0132536 0.00342751
1 0.732083 0.341735 0.00879482 0.0236231
1 0.881398 0.424375 0.0103244 0.0289937
1 0.318765 0.807868 0.00581576 0.0152285
1 0.387834 0.491999 0.0135538 0.0112034
1 0.881228 0.519433 0.0110435 0.0281606
1 0.0501312 0.215947 0.00546753 0.0140623
1 0.152207 0.28801 0.0156566 0.00669764
1 0.152831 0.357376 0.0135874 0.00512111
1 0.598946 0.310689 0.0232785 0.00780962
1 0.816374 0.424119 0.011997 0.0313986
1 0.186294 0.705286 0.0147783 0.0051075
1 0.152771 0.432375 0.0136775 0.00513389
1 0.186279 0.880112 0.0141194 0.00436258
1 0.144935 0.379423 0.00468797 0.015115
1 0.1863 0.270417 0.0135037 0.00466075
1 0.159735 0.705733 0.0148976 0.00458764
1 0.357811 0.42572 0.0155115 0.0116104
1 0.192606 0.179862 0.00496578 0.0156375
1 0.186002 0.160469 0.0129269 0.00455856
1 0.664882 0.267853 0.0231464 0.00679423
1 0.318313 0.68369 0.00525897 0.0146242
1 0.0207422 0.215665 0.00531922 0.0150358
1 0.0209155 0.685622 0.00546675 0.014994
1 0.186437 0.0602409 0.0134763 0.00491866
1 0.731733 0.235765 0.00877637 0.0224469
1 0.689679 0.305336 0.00663044 0.0215866
1 0.0496846 0.473105 0.00529159 0.0136636
1 0.0498708 0.388338 0.00538985 0.0129439
1 0.0209446 0.388006 0.00547551 0.0148295
1 0.908646 0.471734 0.00875448 0.00297778
1 0.939764 0.529305 0.00484535 0.0107756
1 0.0207954 0.301143 0.0055498 0.0151886
1 0.0204851 0.258443 0.0053421 0.0141541
1 0.0203125 0.515714 0.0053684 0.0142001
1 0.317837 0.353887 0.00461954 0.0127371
1 0.317695 0.0898361 0.00488972 0.013771
1 0.152348 0.630251 0.0154281 0.00536184
1 0.0498895 0.685206 0.00525973 0.0142087
1 0.767939 0.128421 0.0150584 0.00329229
1 0.325901 0.90477 0.00507774 0.0140765
1 0.186649 0.800087 0.0138114 0.00404189
1 0.0496876 0.13043 0.00490683 0.0142361
1 0.920273 0.34831 0.00541112 0.0161919
1 0.0207817 0.555514 0.00565697 0.0151422
1 0.830835 0.376232 0.00556302 0.013971
1 0.154716 0.143666 0.0142112 0.00490862
1 0.0204333 0.643305 0.00480031 0.0140278
1 0.185692 0.403272 0.0144788 0.00489569
1 0.15287 0.270497 0.0133281 0.00438571
1 0.174272 0.379725 0.00525765 0.0137595
1 0.297563 0.231356 0.0146872 0.00441026
1 0.732604 0.272138 0.00876023 0.0230116
1 0.838295 0.519439 0.0108053 0.0292144
1 0.651323 0.25288 0.0220144 0.00730264
1 0.0497951 0.0892653 0.0056289 0.0142102
0 0.185646 0.606361 0.0122878 0.0228618
1 0.0499723 0.34594 0.00575768 0.0146678
1 0.186188 0.66231 0.0138041 0.00555632
1 0.919463 0.348513 0.00448671 0.0157076
1 0.837964 0.4244 0.0108092 0.0304171
1 0.595105 0.455523 0.0147867 0.00508871
1 0.290841 0.420479 0.00624657 0.0158497
1 0.185881 0.90922 0.0148538 0.00485067
1 0.153686 0.584777 0.0151098 0.00628856
1 0.186605 0.111169 0.0128855 0.00569481
1 0.0495152 0.643152 0.00537883 0.0137911
1 0.0210321 0.345784 0.00554768 0.0143472
1 0.159161 0.676841 0.0147058 0.00524477
1 0.154644 0.114739 0.0136781 0.00493076
1 0.0205152 0.769219 0.00515903 0.0143394
1 0.0206568 0.728224 0.00560845 0.0150522
1 0.68928 0.341847 0.00820241 0.0229854
1 0.152643 0.568099 0.0131353 0.00474361
1 0.0501031 0.555839 0.00536969 0.0146794
1 0.0496526 0.0381428 0.00525591 0.013867
1 0.0500285 0.81183 0.00531415 0.0135639
1 0.0501418 0.17354 0.00576344 0.0137796
1 0.185788 0.432374 0.0141106 0.00418441
1 0.291971 0.354038 0.00411468 0.0124217
1 0.0207008 0.430032 0.00533476 0.0138147
1 0.859967 0.424914 0.0110596 0.0304354
1 0.318213 0.949257 0.00497665 0.0139241
1 0.318241 0.726385 0.00516357 0.0133135
1 0.160009 0.810902 0.0151978 0.00559078
1 0.186067 0.287832 0.0152445 0.00648139
1 0.155869 0.0332063 0.0141223 0.00476372
1 0.816958 0.518057 0.00972072 0.0258853
1 0.416384 0.791589 0.00576176 0.0175068
1 0.68915 0.235796 0.00774477 0.0221324
1 0.767456 0.158555 0.0160479 0.00532676
1 0.0205439 0.472991 0.00490302 0.0148258
1 0.152587 0.498726 0.0155169 0.00588095
0 0.579355 0.591056 0.0298706 0.0218207
1 0.29065 0.391128 0.00566501 0.0142547
1 0.0207325 0.173955 0.00602757 0.0151752
1 0.15244 0.403852 0.0148885 0.00547124
1 0.0497177 0.25879 0.00537816 0.0139121
1 0.186258 0.786545 0.0141684 0.00473817
1 0.152844 0.244357 0.0137118 0.0044825
1 0.688729 0.272066 0.00769543 0.0218463
1 0.0493723 0.728311 0.00524616 0.0138313
1 0.291785 0.458411 0.00363028 0.0135447
1 0.0499462 0.514762 0.00535599 0.0149586
1 0.594821 0.486848 0.0163219 0.00659918
1 0.185401 0.473235 0.0136014 0.00447076
1 0.191981 0.180764 0.00488592 0.014825
1 0.186514 0.201413 0.0147912 0.00571836
1 0.357644 0.490141 0.00670267 0.00580059
1 0.0499968 0.430747 0.00584596 0.0146774
1 0.185306 0.131535 0.0149963 0.00621354
1 0.318162 0.13018 0.00493956 0.0133502
1 0.185108 0.59162 0.0155185 0.00520087
1 0.379842 0.32069 0.0037198 0.0134
1 0.0208776 0.0890892 0.00513896 0.0140048
1 0.353374 0.507438 0.0140027 0.00997803
1 0.186262 0.567312 0.0135525 0.00401287
1 0.16047 0.798877 0.0158638 0.00546077
1 0.731634 0.238073 0.00749963 0.0196624
0 0.74673 0.0062329 0.0279953 0.0113161
1 0.317644 0.0464106 0.00392557 0.0130077
