0 0.460728 0.936314 0.0154636 0.00893909
0 0.731636 0.131514 0.0473173 0.0254828
0 0.0822327 0.918197 0.0257593 0.0141448
0 0.0293386 0.120578 0.0258028 0.0127826
0 0.771887 0.781558 0.00927259 0.016355
0 0.729461 0.704967 0.0161781 0.00987481
0 0.553742 0.966019 0.00854705 0.0155371
0 0.117824 0.824586 0.020205 0.0331039
0 0.0090014 0.975349 0.014422 0.0250447
0 0.739466 0.192367 0.0208139 0.0342389
0 0.0868053 0.821629 0.0212426 0.0359717
1 0.11714 0.802111 0.0224558 0.00861477
0 0.138476 0.0340324 0.0160991 0.0084744
0 0.731306 0.854813 0.00802681 0.0151448
1 0.377228 0.187725 0.0187324 0.0415484
0 0.0824136 0.11901 0.0239296 0.0127425
0 0.45533 0.756002 0.0238767 0.0132084
3 0.421996 0.188354 0.0713351 0.0547779
0 0.494039 0.973797 0.00886189 0.015604
0 0.456314 0.901682 0.0159581 0.00853911
0 0.141021 0.066919 0.0147669 0.00844808
0 0.747839 0.854808 0.00913595 0.0153986
0 0.809315 0.83962 0.00922363 0.0160653
0 0.701626 0.723683 0.0151599 0.00780825
0 0.559299 0.710025 0.0234267 0.0123348
0 0.734091 0.613533 0.0123067 0.0245163
0 0.453499 0.885249 0.016335 0.0082929
0 0.66924 0.127269 0.0220556 0.0119781
1 0.0868964 0.800438 0.0226593 0.00750601
0 0.182612 0.983635 0.0266001 0.0144508
0 0.44142 0.0289245 0.0158813 0.00858966
0 0.460124 0.952683 0.0151023 0.00831654
0 0.460282 0.971165 0.0161073 0.00820204
0 0.371715 0.126912 0.0234224 0.0127327
0 0.574694 0.182035 0.0264623 0.0145921
0 0.342446 0.895669 0.0170755 0.00909593
0 0.792778 0.204733 0.0341776 0.021512
1 0.086641 0.844506 0.0229673 0.00829434
0 0.500399 0.771187 0.0137072 0.00768686
0 0.45692 0.91905 0.015218 0.00869607
0 0.794855 0.741354 0.00840453 0.014637
0 0.40838 0.0409349 0.00840766 0.0151676
0 0.710027 0.0387306 0.00803306 0.0158971
0 0.453631 0.0892614 0.0157882 0.00832109
0 0.620621 0.18916 0.0280263 0.0150954
0 0.528825 0.982799 0.0129233 0.024029
0 0.97049 0.125691 0.0233879 0.0124854
0 0.70526 0.208912 0.0163385 0.00856631
0 0.573781 0.205112 0.0271502 0.0135555
0 0.281346 0.939483 0.0162354 0.00837257
0 0.190011 0.951212 0.033571 0.021487
0 0.792201 0.839284 0.00786603 0.0149951
0 0.18142 0.885411 0.0258882 0.0150505
0 0.729222 0.686233 0.0165142 0.00957852
0 0.352167 0.987061 0.0162146 0.00885723
0 0.696921 0.861105 0.0157427 0.00819109
1 0.0449033 0.120823 0.0053495 0.0149309
1 0.467508 0.186533 0.020713 0.0392517
0 0.431418 0.129031 0.0483501 0.0258084
0 0.281337 0.923015 0.0152552 0.00776435
1 0.832239 0.166689 0.00863841 0.0232057
0 0.379868 0.972668 0.0162192 0.00945113
0 0.810947 0.166977 0.0306723 0.0202983
0 0.459499 0.990884 0.0161716 0.00844774
0 0.688818 0.790466 0.00775196 0.015439
0 0.739411 0.0307811 0.0154796 0.00891084
0 0.470504 0.846058 0.00813819 0.0154414
0 0.48792 0.841734 0.00884484 0.0146674
1 0.589667 0.204925 0.0041447 0.0151213
1 0.733792 0.598335 0.0156545 0.00524302
0 0.844754 0.801083 0.0129272 0.0242103
1 0.740819 0.213347 0.0229618 0.00642484
0 0.75118 0.0877505 0.0149708 0.00769806
0 0.693204 0.928555 0.00849295 0.0134858
0 0.591406 0.788921 0.0080714 0.0143938
0 0.69519 0.974174 0.0082999 0.0154236
1 0.771183 0.204005 0.00708102 0.0238828
1 0.637407 0.189499 0.00517523 0.0169978
1 0.844275 0.815614 0.0145719 0.00463367
1 0.0974937 0.917755 0.00390025 0.0155766
1 0.956285 0.125449 0.00454674 0.0153366
0 0.870079 0.801561 0.013741 0.0229
0 0.577774 0.920939 0.00837945 0.0148759
1 0.067713 0.119163 0.00530952 0.0147686
0 0.862127 0.861248 0.0161357 0.00918341
1 0.71502 0.208753 0.00257042 0.00932431
1 0.558269 0.205096 0.00454868 0.0181509
0 0.188666 0.917755 0.0318283 0.020134
1 0.589412 0.181948 0.00446795 0.0151533
1 0.738681 0.68587 0.00257536 0.0107412
1 0.813321 0.204506 0.0071373 0.0221439
1 0.762615 0.129956 0.0112039 0.0274851
1 0.16659 0.983602 0.00515059 0.0172676
0 0.0268238 0.170219 0.0487475 0.0396004
1 0.706817 0.861363 0.00346831 0.00888493
1 0.870306 0.816138 0.015307 0.00424144
1 0.440726 0.755904 0.00467935 0.016791
1 0.117949 0.845115 0.0226508 0.00693324
1 0.463043 0.129895 0.0115175 0.0282158
1 0.168543 0.951086 0.00875556 0.024653
1 0.688897 0.800201 0.00951217 0.00381088
1 0.553859 0.956123 0.00879732 0.00334762
1 0.0671909 0.918158 0.00434735 0.0153485
1 0.747771 0.863676 0.00951385 0.00251101
1 0.470796 0.856098 0.0103793 0.00362947
1 0.0970165 0.119449 0.00561999 0.0151586
1 0.544176 0.710245 0.0054729 0.0140271
1 0.739819 0.170323 0.0228183 0.00826579
1 0.760506 0.0877944 0.00390481 0.00953023
1 0.730024 0.0304497 0.00271807 0.00996135
1 0.128459 0.0342356 0.00272104 0.0105116
1 0.731064 0.863629 0.00880951 0.00277672
1 0.733746 0.6284 0.0150192 0.00516985
1 0.331777 0.895576 0.00403295 0.0104215
1 0.573575 0.709532 0.00491452 0.0144366
1 0.168507 0.917879 0.00825671 0.0232141
1 0.493805 0.964283 0.00972247 0.00272319
1 0.793988 0.731573 0.00950935 0.00387517
1 0.771805 0.79174 0.0100514 0.00444012
1 0.463928 0.885584 0.00389284 0.0100564
1 0.695304 0.964773 0.00894246 0.00309691
1 0.558968 0.181861 0.00428847 0.016894
1 0.603926 0.188288 0.00453849 0.0151886
1 0.683232 0.12755 0.00537472 0.0152349
1 0.739393 0.704688 0.00345874 0.0102343
1 0.362436 0.987002 0.00374519 0.00999544
0 0.555123 0.225872 0.0136881 0.00794911
1 0.700562 0.130605 0.00937709 0.0276507
1 0.844675 0.78593 0.0149317 0.00433612
1 0.0576539 0.168921 0.012149 0.0436229
1 0.370283 0.97243 0.00315632 0.0097852
1 0.52846 0.967328 0.0151164 0.00591685
1 0.1981 0.983904 0.00500541 0.0175335
1 0.00896348 0.959473 0.0170741 0.00594542
1 0.165268 0.88542 0.00615955 0.0173467
1 0.408618 0.050349 0.0104694 0.00305889
1 0.577808 0.911403 0.00939272 0.00396028
1 0.400352 0.129358 0.00940742 0.0298607
1 0.487774 0.832077 0.00897051 0.00319459
1 0.871769 0.86151 0.00304319 0.0100494
1 0.385882 0.127127 0.0052625 0.0194721
2 0.42172 0.188023 0.0705766 0.0548024
4 0.295955 0.70486 0.176086 0.170125
1 0.465136 0.902245 0.0030965 0.00952005
1 0.449731 0.990263 0.00257783 0.0094829
1 0.809516 0.848254 0.00976619 0.00382045
1 0.271002 0.939861 0.00439703 0.0090948
1 0.208877 0.917887 0.00754153 0.0216604
1 0.0136637 0.121046 0.00539739 0.0152733
1 0.357746 0.127165 0.0059514 0.0155197
1 0.341364 0.98754 0.00484457 0.00977075
1 0.510273 0.771036 0.00428916 0.00857375
1 0.449945 0.970841 0.00309266 0.0101643
1 0.0526074 0.169026 0.0105243 0.0417982
1 0.151122 0.0665346 0.00400356 0.00924089
1 0.691831 0.723735 0.00292825 0.00869826
1 0.693259 0.918974 0.00807903 0.00359026
1 0.166146 0.885032 0.00494575 0.0171542
1 0.442663 0.0892562 0.00427259 0.00979238
1 0.270608 0.923376 0.00364244 0.00830603
1 0.79221 0.848458 0.00914739 0.00340271
1 0.470447 0.75598 0.00573562 0.0138171
1 0.654885 0.127216 0.00606825 0.0145858
1 0.79869 0.33751 0.0125555 0.0515244
1 0.790317 0.166499 0.00763634 0.0216762
