0 0.754537 0.590554 0.0153012 0.00781606
0 0.79911 0.606683 0.0254516 0.0131282
0 0.419036 0.888279 0.0124003 0.0218053
0 0.248147 0.871385 0.0125488 0.0230842
0 0.393319 0.865868 0.012091 0.023392
0 0.267094 0.711675 0.022742 0.0123925
0 0.259992 0.780907 0.0237484 0.0124951
0 0.263244 0.686294 0.0231218 0.012635
0 0.276734 0.842446 0.0132542 0.0237856
0 0.85241 0.605469 0.0232556 0.0126019
0 0.278839 0.745541 0.0128885 0.0228822
0 0.401929 0.636468 0.02535 0.0133417
0 0.12829 0.816185 0.0242916 0.0133102
0 0.261603 0.807072 0.0240328 0.0124624
0 0.910761 0.553321 0.0150943 0.00820735
0 0.85492 0.338606 0.0252053 0.013539
0 0.400623 0.789454 0.0243371 0.0128915
0 0.225553 0.59171 0.0237461 0.0127032
0 0.400443 0.815734 0.0245854 0.0129934
0 0.129967 0.873439 0.02378 0.0126097
0 0.398585 0.925972 0.0242338 0.0129189
0 0.400892 0.695403 0.0247295 0.0128971
0 0.715665 0.604874 0.0262683 0.0129825
0 0.798098 0.656706 0.0476444 0.0399995
0 0.126042 0.632874 0.0230768 0.0122321
0 0.248731 0.968237 0.0119964 0.0237729
0 0.487438 0.423099 0.00970565 0.01764
0 0.126527 0.753472 0.0237838 0.0124622
2 0.356176 0.444183 0.207729 0.12103
0 0.303202 0.60035 0.0232916 0.0123596
0 0.249243 0.920614 0.0125908 0.0237686
0 0.400683 0.96879 0.0239843 0.012633
0 0.126683 0.69505 0.0236092 0.0128618
0 0.130357 0.924887 0.0235603 0.0129397
0 0.130337 0.969357 0.0233198 0.0131226
0 0.720038 0.322999 0.0172165 0.00880529
1 0.277001 0.857234 0.0144131 0.00533313
1 0.393716 0.881117 0.0137599 0.00599839
1 0.385825 0.789331 0.00507946 0.0156841
1 0.487076 0.433826 0.0107794 0.00424688
1 0.24554 0.780977 0.00520658 0.0150759
1 0.418536 0.902004 0.0146449 0.00537372
1 0.385525 0.695001 0.00546005 0.0152909
0 0.908157 0.520307 0.0156944 0.00847316
0 0.279835 0.968225 0.0121987 0.0235264
1 0.144949 0.925128 0.00559222 0.0145252
1 0.7309 0.605444 0.00401031 0.0153034
0 0.332832 0.569728 0.0159618 0.00856268
1 0.385022 0.815617 0.00586891 0.015681
1 0.745239 0.590535 0.00314356 0.00961873
1 0.249182 0.935308 0.0134274 0.00534158
1 0.27875 0.730796 0.0150058 0.00496817
1 0.838609 0.605172 0.00499632 0.0137024
1 0.826602 0.655801 0.0126874 0.0485765
1 0.246754 0.807147 0.00537646 0.0150456
1 0.840264 0.338564 0.00420548 0.0153562
0 0.279694 0.920676 0.012988 0.0230424
1 0.427797 0.361604 0.010529 0.0355117
1 0.252814 0.711292 0.00549365 0.014935
1 0.814515 0.606798 0.00529818 0.0141194
1 0.384553 0.525238 0.0123213 0.0380398
1 0.111913 0.694702 0.0054844 0.0149849
2 0.795581 0.473374 0.17187 0.118627
1 0.319311 0.362287 0.0108587 0.0366398
1 0.277825 0.686612 0.00544739 0.0148849
1 0.275895 0.806805 0.00533467 0.0133345
1 0.248608 0.68619 0.00670159 0.0166759
1 0.783667 0.606847 0.00482916 0.0144665
1 0.340908 0.525755 0.0106412 0.0367138
1 0.11337 0.815771 0.00517428 0.014869
1 0.363168 0.525961 0.0110693 0.0365485
1 0.24852 0.885804 0.0148469 0.00491815
1 0.143411 0.816321 0.00602097 0.0150399
1 0.145125 0.969969 0.00581413 0.0145696
1 0.386128 0.636285 0.00541137 0.0151235
1 0.730166 0.323278 0.00290286 0.010718
1 0.416876 0.63653 0.00538529 0.0148315
1 0.319416 0.525954 0.0107072 0.0369656
1 0.449103 0.361727 0.0117862 0.0389158
1 0.111747 0.632414 0.00535644 0.0150045
1 0.340902 0.362601 0.0107162 0.0369874
1 0.297958 0.524749 0.0117924 0.0372406
1 0.405935 0.525578 0.010865 0.0386299
1 0.86974 0.338545 0.00524627 0.014955
1 0.276325 0.525973 0.011809 0.036829
1 0.917776 0.52036 0.00255347 0.0094299
1 0.406073 0.361894 0.0110979 0.035783
1 0.248256 0.856679 0.0152412 0.00541362
1 0.115102 0.969169 0.00584405 0.0137984
1 0.278578 0.759867 0.0145248 0.00580928
1 0.144587 0.873651 0.00620679 0.0147567
1 0.385081 0.968781 0.00591369 0.0142622
1 0.276758 0.361881 0.0121584 0.0369584
1 0.363209 0.362334 0.0119007 0.0374001
1 0.239851 0.591599 0.00493455 0.0140159
1 0.384773 0.362614 0.0117174 0.0376364
1 0.317291 0.600091 0.00501601 0.0142233
1 0.111568 0.753313 0.00547674 0.0143454
1 0.298326 0.36168 0.0108136 0.0383322
1 0.764284 0.657461 0.0133192 0.0458478
1 0.115036 0.924708 0.00627738 0.0148028
1 0.700747 0.604947 0.004668 0.0148749
1 0.249004 0.904997 0.0162876 0.00624747
1 0.902282 0.553153 0.00357506 0.0092392
1 0.449395 0.525242 0.0124433 0.0369964
1 0.427557 0.526243 0.0108 0.0389368
1 0.209943 0.591688 0.00673708 0.0148823
1 0.814326 0.551451 0.00811743 0.0378969
1 0.115322 0.873555 0.00561696 0.0139563
1 0.288083 0.600604 0.00702108 0.0143447
1 0.249571 0.982703 0.0142294 0.0055497
1 0.76817 0.657039 0.0150487 0.0459071
1 0.487711 0.411487 0.00920146 0.00433312
1 0.416451 0.695113 0.0057187 0.0139751
1 0.279718 0.934309 0.0132673 0.00468489
