0 0.730295 0.131159 0.0472975 0.0263764
0 0.460211 0.93656 0.0158075 0.00896191
3 0.421409 0.188387 0.0690966 0.0545693
0 0.844032 0.800351 0.0122891 0.0236911
0 0.0812787 0.918128 0.0261364 0.0141427
0 0.117676 0.825849 0.0212392 0.0336417
0 0.0288928 0.121485 0.0257555 0.0126504
0 0.808562 0.839996 0.00932825 0.0163333
0 0.00841225 0.975523 0.0139982 0.0248449
0 0.79437 0.742171 0.00856731 0.0153096
1 0.0866001 0.802317 0.0225172 0.00856543
0 0.728632 0.705683 0.0162468 0.00961879
0 0.704861 0.209628 0.0173562 0.0091066
0 0.0819679 0.11923 0.0243051 0.0127153
0 0.728641 0.686325 0.0161814 0.00949397
0 0.0866561 0.824477 0.0208989 0.0331879
0 0.552926 0.965799 0.00828971 0.0151191
0 0.573857 0.182989 0.0272486 0.0146169
0 0.558943 0.710197 0.0228607 0.0129421
0 0.573697 0.206159 0.0277192 0.0142358
0 0.137666 0.0339844 0.0158923 0.00809444
0 0.791984 0.205554 0.0332818 0.0205414
0 0.732996 0.613647 0.012991 0.0243329
0 0.709838 0.0396454 0.00830341 0.0163152
0 0.701549 0.723804 0.0148871 0.00769387
0 0.487011 0.842144 0.0088919 0.0147436
0 0.440654 0.0291232 0.0158449 0.00846534
1 0.377123 0.188654 0.0198362 0.0432414
0 0.454825 0.756135 0.024578 0.0129146
0 0.52828 0.98307 0.0132215 0.0241783
0 0.456226 0.919321 0.0152937 0.00857757
0 0.739955 0.192899 0.0209769 0.034393
0 0.668841 0.126937 0.0230139 0.012492
0 0.370899 0.127822 0.0236998 0.0127561
0 0.62022 0.190271 0.0283697 0.014944
0 0.771474 0.782019 0.0093694 0.0154257
0 0.747463 0.85463 0.00957395 0.0159319
0 0.140791 0.0663199 0.0152805 0.0082779
0 0.452996 0.885273 0.0161159 0.00821185
0 0.455699 0.902724 0.016373 0.00878856
0 0.280424 0.922918 0.0142844 0.00805376
0 0.459952 0.972754 0.0162873 0.00785471
0 0.431797 0.13 0.04473 0.0262959
0 0.181351 0.984444 0.0253287 0.0144169
0 0.379657 0.972981 0.0164863 0.00963161
1 0.732836 0.598413 0.0154999 0.00532125
0 0.970317 0.126579 0.0242081 0.0121656
0 0.696407 0.861875 0.0161152 0.00830997
0 0.459484 0.990843 0.0157353 0.00813306
0 0.6935 0.928821 0.00878381 0.0155972
0 0.341984 0.896204 0.0166533 0.00888061
0 0.493843 0.974735 0.00850774 0.0153091
1 0.0448244 0.12139 0.00565338 0.0150082
0 0.452949 0.0896798 0.0155186 0.0078357
1 0.0865194 0.845171 0.0234638 0.0075915
0 0.459637 0.953387 0.0162561 0.00839802
0 0.470311 0.846264 0.00856953 0.0158947
1 0.117165 0.802027 0.023106 0.00740408
0 0.500145 0.771432 0.0144514 0.00763215
0 0.79224 0.840043 0.00800986 0.0149028
0 0.694608 0.974664 0.00865004 0.0157039
0 0.35129 0.987453 0.0165176 0.00886273
1 0.58989 0.206076 0.00456801 0.0163916
0 0.408541 0.0411257 0.00792891 0.0152302
0 0.280489 0.93981 0.0166236 0.00837439
1 0.740778 0.213925 0.0229106 0.00638014
0 0.869612 0.800792 0.0140021 0.0244575
0 0.188764 0.917792 0.0324182 0.0191252
0 0.0259747 0.170527 0.0485004 0.0377868
0 0.180799 0.885572 0.0255308 0.0141137
0 0.810946 0.167119 0.0301545 0.0189111
1 0.636987 0.190164 0.00546227 0.0169897
0 0.590979 0.788963 0.00802881 0.0150464
1 0.747471 0.864118 0.0102708 0.00285577
0 0.749882 0.0879738 0.0156391 0.00769782
1 0.4661 0.188106 0.0204903 0.0383632
0 0.188387 0.951743 0.0317092 0.0213056
0 0.739162 0.0313472 0.0149731 0.00859538
1 0.715052 0.209378 0.00270081 0.009789
1 0.770789 0.204867 0.00675283 0.0240719
1 0.869788 0.815954 0.0153079 0.00478626
1 0.738811 0.705543 0.00354004 0.009867
0 0.860889 0.86207 0.0164619 0.00926565
1 0.588887 0.182652 0.00467313 0.0152299
1 0.738208 0.686068 0.00260463 0.0113201
1 0.117484 0.845474 0.0232635 0.00728832
1 0.0965246 0.917963 0.00440816 0.0160298
1 0.0671212 0.119752 0.00521278 0.0147454
1 0.70627 0.862106 0.00386917 0.00900956
0 0.576723 0.921591 0.00828327 0.0144522
1 0.0659301 0.918068 0.00405833 0.0152571
1 0.831706 0.166966 0.00830841 0.0222254
1 0.844343 0.81528 0.0145015 0.00458896
1 0.55786 0.20612 0.00451529 0.0170267
1 0.449025 0.972277 0.00320112 0.0102651
1 0.733293 0.628645 0.0145161 0.00525978
0 0.687827 0.790499 0.007922 0.0147322
1 0.466048 0.903419 0.00385428 0.00963292
1 0.168325 0.918767 0.00832795 0.02417
0 0.730479 0.854579 0.0078392 0.0146666
1 0.870808 0.8623 0.00356437 0.0104325
1 0.844503 0.785715 0.0142147 0.00437095
1 0.544422 0.710637 0.0055113 0.0144074
1 0.408567 0.0505181 0.00903617 0.00346621
1 0.439887 0.756154 0.00473751 0.0163919
0 0.454571 0.846691 0.0105412 0.0188873
1 0.771455 0.791707 0.0101408 0.00431442
1 0.955451 0.127024 0.0050082 0.0147439
1 0.461611 0.129995 0.0126617 0.0281935
1 0.331643 0.895924 0.00423631 0.0106526
1 0.0967151 0.119549 0.00521871 0.0151778
1 0.47072 0.85585 0.0108738 0.00322917
1 0.167236 0.951855 0.00866604 0.0238033
1 0.687773 0.800413 0.00958821 0.00326488
1 0.128209 0.0341832 0.00266701 0.00970337
1 0.683094 0.126996 0.0059104 0.0156726
1 0.558331 0.183038 0.00412037 0.0162165
1 0.465529 0.91973 0.0031606 0.00986268
1 0.0559151 0.170682 0.0134624 0.0422405
4 0.896637 0.68815 0.138339 0.134458
1 0.699555 0.131007 0.00924445 0.0260729
1 0.573002 0.70993 0.0056026 0.0154867
1 0.694527 0.964979 0.00938415 0.00283076
1 0.165805 0.98439 0.00532919 0.0173864
1 0.385307 0.127857 0.00566698 0.0182123
1 0.449971 0.0289636 0.00286065 0.00949644
4 0.295966 0.704401 0.175407 0.16934
1 0.553071 0.956698 0.00809541 0.00270224
1 0.449603 0.936452 0.00325644 0.00914833
1 0.812749 0.204583 0.00803325 0.0236585
1 0.493766 0.964652 0.0101877 0.00308596
1 0.449577 0.953401 0.00337357 0.0100648
1 0.341029 0.987334 0.00407972 0.0105042
1 0.208197 0.917979 0.0066811 0.0210969
1 0.730336 0.0313307 0.00272207 0.0094739
1 0.449544 0.990161 0.00263445 0.00949309
1 0.761818 0.130863 0.0115576 0.0265921
1 0.603799 0.190124 0.00482653 0.0149381
1 0.270199 0.923362 0.00323952 0.00838652
1 0.791869 0.831822 0.00842141 0.0027841
1 0.69176 0.723904 0.00306627 0.0086214
1 0.463534 0.885534 0.00461578 0.00941467
1 0.0531901 0.170564 0.0110564 0.0414254
1 0.442329 0.0896524 0.00430082 0.00941323
1 0.527648 0.967552 0.0147911 0.00615955
1 0.738673 0.686547 0.00388192 0.0111804
1 0.793803 0.731759 0.00956438 0.00395534
0 0.554998 0.226258 0.013485 0.00836185
1 0.693645 0.918607 0.0087521 0.0030799
1 0.0135323 0.12134 0.00521455 0.0149679
1 0.510365 0.771525 0.00420283 0.00899493
1 0.356998 0.12824 0.00540067 0.0146186
1 0.654564 0.127258 0.0055941 0.0147374
2 0.421449 0.188685 0.0691449 0.054362
1 0.00858174 0.959776 0.0166885 0.00619582
1 0.709781 0.0496106 0.0102365 0.00416103
1 0.486754 0.832257 0.00893368 0.00285558
1 0.760146 0.0883948 0.00434012 0.00928124
1 0.462838 0.0896489 0.00512148 0.00942937
1 0.3622 0.987199 0.00407266 0.0100548
0 0.990685 0.262367 0.0137383 0.0146176
1 0.270565 0.940037 0.00360267 0.00945357
1 0.788483 0.167796 0.00733404 0.0222603
0 0.437434 0.154886 0.0124937 0.00906922
1 0.73027 0.863553 0.00892589 0.00331453
