0 0.0281398 0.611845 0.0174791 0.0096333
0 0.385952 0.752136 0.0137941 0.0235913
0 0.651936 0.977002 0.0319617 0.0208132
0 0.787346 0.231107 0.027211 0.01468
0 0.904176 0.542085 0.0138247 0.0268993
2 0.895692 0.376078 0.0331502 0.0186787
0 0.346134 0.0329791 0.0159943 0.00784405
0 0.759766 0.20751 0.0263542 0.0147467
0 0.511297 0.443544 0.0145481 0.0244979
0 0.552858 0.758353 0.00846219 0.0166704
0 0.265751 0.0141315 0.0170854 0.00912151
0 0.346535 0.247009 0.0248969 0.0127287
0 0.51892 0.0531907 0.0248032 0.0124476
0 0.0823015 0.302449 0.0134167 0.023593
0 0.350437 0.058328 0.0314524 0.0190513
0 0.485846 0.207607 0.0210773 0.0349996
0 0.574562 0.726415 0.0325097 0.0210817
0 0.923563 0.954401 0.0330918 0.0202467
0 0.45988 0.693124 0.0151663 0.00908136
0 0.637479 0.737266 0.0335148 0.0208694
0 0.380174 0.712702 0.01676 0.0101772
0 0.295235 0.240099 0.0208029 0.0332336
0 0.0539157 0.250763 0.0140427 0.0275836
0 0.678611 0.86849 0.0210779 0.0269485
0 0.213197 0.243384 0.0202784 0.0344695
0 0.28807 0.175871 0.0129357 0.0244205
1 0.630804 0.976917 0.00846663 0.0232641
1 0.89631 0.392255 0.0117318 0.0128294
0 0.44815 0.397487 0.0268561 0.0146689
0 0.0279895 0.636181 0.023674 0.0130792
0 0.573466 0.68873 0.0152134 0.00738807
0 0.647775 0.868466 0.0213271 0.0296383
0 0.375587 0.785309 0.0150311 0.00786303
0 0.148889 0.759596 0.0125128 0.0250034
0 0.0805093 0.625778 0.0203644 0.0351097
0 0.715976 0.478807 0.00824237 0.015636
0 0.415291 0.0246458 0.0126985 0.0243979
1 0.355922 0.0328982 0.00302612 0.00978386
0 0.526021 0.216094 0.00968408 0.0162124
0 0.756379 0.618617 0.00961566 0.0173999
0 0.421583 0.606378 0.00836275 0.0158386
2 0.0600764 0.734308 0.0821381 0.0609425
0 0.186699 0.292242 0.0127484 0.0250387
1 0.901684 0.954087 0.00962373 0.0242379
0 0.831565 0.566588 0.0169044 0.00990983
0 0.532989 0.326452 0.0143091 0.0254441
0 0.346409 0.0140014 0.0158215 0.00812455
0 0.377126 0.498755 0.00809713 0.0147427
0 0.618872 0.412351 0.00757217 0.0156989
1 0.295117 0.261777 0.0225632 0.00803252
0 0.595751 0.789946 0.00856081 0.0152797
0 0.0756376 0.250446 0.0143776 0.0261805
1 0.885115 0.358245 0.0120879 0.0148322
0 0.399482 0.170342 0.0246053 0.0126779
0 0.068622 0.0263775 0.02543 0.0146532
0 0.496175 0.689594 0.0167266 0.00947646
0 0.52614 0.281157 0.0250759 0.0134519
1 0.485547 0.186026 0.0238369 0.00820374
0 0.162364 0.788856 0.0174026 0.00936239
0 0.380562 0.0151362 0.00854189 0.0157397
0 0.420591 0.495892 0.00811542 0.014233
0 0.442948 0.347008 0.0240335 0.013887
1 0.907381 0.359011 0.0112987 0.0136908
1 0.0799518 0.60378 0.0233175 0.00832605
1 0.943466 0.954035 0.00860421 0.0226603
0 0.359166 0.177345 0.0137733 0.0237471
0 0.425078 0.298977 0.0261785 0.0135568
0 0.447919 0.370013 0.0276324 0.0150558
0 0.0298032 0.250957 0.0136204 0.0270914
0 0.543181 0.212893 0.00985386 0.0159776
0 0.702897 0.553205 0.0143371 0.0077287
1 0.212454 0.264226 0.0225269 0.00767379
0 0.481593 0.351992 0.00927581 0.0157847
1 0.647783 0.889484 0.0236062 0.00998731
1 0.0822504 0.316715 0.0153368 0.00425173
1 0.647285 0.848152 0.0235524 0.0095525
0 0.422881 0.531897 0.00775659 0.0156985
1 0.295439 0.219284 0.0230306 0.00802908
1 0.67913 0.889412 0.0232151 0.0101759
0 0.116174 0.608364 0.024972 0.014918
1 0.370052 0.057821 0.00779511 0.0237776
0 0.119776 0.741223 0.00809834 0.01469
1 0.485572 0.2296 0.0232195 0.00735403
0 0.680302 0.792132 0.00833868 0.0149098
1 0.0805998 0.647467 0.0234169 0.00805114
1 0.511591 0.458383 0.015682 0.00449084
1 0.213307 0.221996 0.0219474 0.00761836
0 0.424032 0.26155 0.0267442 0.0141762
1 0.185947 0.277551 0.0160545 0.00414038
1 0.386354 0.738056 0.0158564 0.00480101
0 0.5687 0.36289 0.0240751 0.0121263
0 0.581667 0.0157305 0.00909399 0.0160149
0 0.508834 0.352253 0.0100822 0.0165464
0 0.374399 0.963326 0.0335055 0.0208383
0 0.845469 0.654395 0.0138681 0.0263858
0 0.406601 0.0619303 0.0152114 0.00774787
1 0.0423013 0.636296 0.0049313 0.0147092
0 0.649766 0.39045 0.00745592 0.014007
0 0.00549987 0.778948 0.00926463 0.0172851
1 0.432537 0.397099 0.00415111 0.0167853
0 0.238205 0.0287192 0.0166957 0.00947687
1 0.0928316 0.778446 0.010785 0.0291769
1 0.678411 0.848585 0.0225971 0.0094056
0 0.587931 0.399103 0.0155666 0.00828462
1 0.0493319 0.779119 0.0104522 0.0293498
1 0.35518 0.0141934 0.00278614 0.00880925
1 0.672567 0.976791 0.00842979 0.0233896
4 0.876617 0.826392 0.170973 0.17313
0 0.558219 0.33467 0.00831704 0.0146319
1 0.0286509 0.778408 0.0103597 0.0275995
0 0.704577 0.517654 0.00813975 0.0147807
1 0.236782 0.766063 0.0188741 0.00912425
0 0.553683 0.39526 0.0157209 0.00865248
1 0.415863 0.00956725 0.0149247 0.00545595
1 0.510979 0.280748 0.00391557 0.0152308
1 0.394587 0.962946 0.0079775 0.0231471
1 0.582226 0.363125 0.00382495 0.0141739
1 0.329991 0.0585222 0.00839555 0.0224027
0 0.407192 0.203056 0.0119891 0.0244279
1 0.680308 0.801536 0.00886692 0.00344611
1 0.755984 0.62886 0.0113413 0.00371883
1 0.504093 0.0533598 0.004781 0.0139773
1 0.658833 0.737104 0.00780031 0.0244481
1 0.904083 0.558225 0.0166899 0.0047054
1 0.0835547 0.0265459 0.00476271 0.0165565
1 0.557949 0.325026 0.00927522 0.00388133
1 0.704962 0.527121 0.00908723 0.00322173
1 0.464239 0.397458 0.00526656 0.0182118
1 0.457239 0.347063 0.00426668 0.0144864
1 0.0710946 0.779152 0.0104468 0.0292079
1 0.0129014 0.635693 0.00510051 0.015568
1 0.543229 0.222268 0.0112667 0.00370402
1 0.287755 0.16091 0.0149219 0.00450944
1 0.148501 0.743853 0.0155568 0.00565357
1 0.359164 0.191436 0.0142698 0.00375372
1 0.43985 0.299094 0.00466728 0.0150704
1 0.596604 0.727105 0.00846506 0.0244366
1 0.331579 0.246857 0.00388455 0.0138383
1 0.525792 0.205252 0.0108893 0.00476318
1 0.46399 0.369736 0.00427781 0.0170349
1 0.409741 0.298757 0.00398082 0.0166918
1 0.276418 0.0139001 0.00381376 0.0100207
1 0.553285 0.726857 0.00748131 0.0231693
1 0.619029 0.402966 0.00815463 0.00295436
1 0.186661 0.307168 0.0138897 0.00452839
1 0.0928158 0.684291 0.00945309 0.0300464
1 0.151467 0.788926 0.00404567 0.0108097
1 0.744025 0.208378 0.00501608 0.0166059
1 0.027681 0.684306 0.0114293 0.0317493
1 0.715949 0.488373 0.00931905 0.00306154
1 0.120187 0.731648 0.00796919 0.00402832
1 0.385825 0.767809 0.015114 0.00592935
1 0.370692 0.712701 0.00201153 0.0102044
1 0.770741 0.230924 0.00480608 0.0165528
1 0.287806 0.190436 0.013819 0.00400997
1 0.0525476 0.0257452 0.00611544 0.017489
1 0.533599 0.0534662 0.0049965 0.0151209
1 0.597232 0.399393 0.00321566 0.00885573
1 0.582595 0.688592 0.00264903 0.00844862
1 0.904247 0.525755 0.016454 0.00455806
1 0.00524638 0.768722 0.00969522 0.00328971
1 0.37739 0.489314 0.0097236 0.00381326
1 0.0298455 0.267471 0.017759 0.0058055
1 0.416823 0.0619043 0.00442658 0.00884198
1 0.533211 0.341016 0.0151402 0.00409508
1 0.0713808 0.68424 0.00966672 0.0295829
1 0.237063 0.748956 0.0185814 0.00865536
1 0.615272 0.736493 0.00817371 0.0237008
1 0.414588 0.0407489 0.0141371 0.00622618
1 0.151573 0.789162 0.00589852 0.0108346
1 0.130127 0.607851 0.00393599 0.0163507
1 0.380243 0.00440956 0.0101235 0.00349116
1 0.0495994 0.684181 0.0091711 0.0300393
1 0.350993 0.962551 0.00735283 0.0231321
1 0.508541 0.341236 0.0120732 0.00400234
1 0.40867 0.261651 0.0040554 0.0153769
1 0.421788 0.596445 0.00871561 0.00387329
1 0.0539864 0.26735 0.016515 0.00552728
1 0.385245 0.170397 0.00418438 0.0135168
1 0.511073 0.427974 0.0158367 0.00489544
0 0.665209 0.356602 0.00916447 0.0183772
1 0.361348 0.247247 0.00559866 0.0144197
1 0.533125 0.310782 0.0155344 0.00538047
1 0.775524 0.207428 0.00469283 0.0153815
1 0.553011 0.768498 0.00931643 0.00426039
1 0.237221 0.731935 0.0184315 0.00842879
1 0.481489 0.362196 0.00974727 0.00368284
1 0.508535 0.362503 0.00912879 0.00515056
1 0.846456 0.668856 0.0157454 0.00494485
1 0.450218 0.692831 0.00377733 0.0093033
1 0.431449 0.369725 0.00517845 0.0162083
0 0.478551 0.384731 0.00953255 0.0103357
