3 0.0650058 0.90672 0.0734776 0.0548627
2 0.501815 0.558654 0.0341448 0.0171055
1 0.0679439 0.628552 0.0120151 0.0147717
1 0.490321 0.574424 0.0101848 0.0140465
1 0.512685 0.574231 0.0106623 0.0137203
2 0.31806 0.592799 0.0647414 0.0860343
2 0.257294 0.420161 0.0654476 0.0836849
0 0.940773 0.277788 0.00917647 0.0166691
0 0.763763 0.25391 0.0145699 0.0262245
0 0.972982 0.85622 0.00917316 0.0158074
0 0.699642 0.419295 0.0100018 0.0162821
0 0.301194 0.766745 0.0334368 0.0212081
1 0.0521106 0.593427 0.0121829 0.0156134
0 0.831237 0.339449 0.0157823 0.00858713
0 0.163185 0.416253 0.0149576 0.0267037
0 0.723393 0.285796 0.0145983 0.026471
0 0.0991152 0.49581 0.0190432 0.033463
0 0.0462817 0.667451 0.0344041 0.0206361
0 0.40062 0.5354 0.0148538 0.0275481
2 0.0520333 0.611045 0.0464774 0.0204453
0 0.52921 0.981041 0.027609 0.014766
0 0.950189 0.856592 0.00836682 0.0149405
1 0.0358846 0.628972 0.0125373 0.0150554
0 0.792786 0.299046 0.0134154 0.0249955
0 0.740697 0.725516 0.0127728 0.0229104
0 0.232149 0.824842 0.0252526 0.0133258
0 0.186698 0.683322 0.0208349 0.0339663
0 0.716318 0.853731 0.0252118 0.0135891
2 0.377145 0.423912 0.0168672 0.0334429
0 0.643421 0.379951 0.0142241 0.0245186
0 0.120765 0.708147 0.0264556 0.0146797
0 0.646786 0.573535 0.013611 0.0243101
0 0.156432 0.682658 0.020921 0.0340302
0 0.279642 0.842784 0.0161983 0.00943781
0 0.727142 0.882155 0.0246329 0.0132649
0 0.347641 0.514635 0.0157172 0.0268896
0 0.766509 0.40391 0.0095687 0.0154166
0 0.881911 0.15089 0.00984436 0.0159441
0 0.919638 0.822499 0.0154266 0.00817583
2 0.902213 0.259538 0.0314932 0.0163927
0 0.6994 0.378501 0.0132921 0.0233113
0 0.674626 0.4194 0.0144397 0.0248891
1 0.156171 0.660749 0.0227268 0.00835537
0 0.721664 0.379951 0.0151238 0.0245279
0 0.599308 0.816912 0.0268032 0.0147364
0 0.23701 0.571553 0.013284 0.0238087
0 0.368018 0.454793 0.0166915 0.00979961
0 0.754204 0.965547 0.0325232 0.0198534
1 0.293745 0.888185 0.00948037 0.0146601
0 0.231718 0.974533 0.0169669 0.0101393
0 0.598665 0.715031 0.0141286 0.022455
0 0.617281 0.354553 0.0139042 0.0260675
1 0.0262875 0.847893 0.0144511 0.0117314
0 0.332795 0.417404 0.00777435 0.0167391
2 0.193514 0.893947 0.0618035 0.0818413
0 0.183719 0.391203 0.00823237 0.0162934
0 0.662292 0.526492 0.0251656 0.014275
0 0.595554 0.789502 0.0250746 0.0142546
0 0.669028 0.820296 0.0119107 0.0229084
0 0.71334 0.511086 0.0251424 0.0141425
0 0.733001 0.169348 0.0244577 0.0135658
0 0.640504 0.855958 0.0226177 0.0348642
0 0.940777 0.246301 0.00758837 0.0149411
0 0.687488 0.88052 0.0244248 0.0144186
1 0.151369 0.634318 0.0146876 0.0110558
1 0.187084 0.66087 0.0230618 0.00841235
0 0.635531 0.737338 0.0250637 0.0137594
0 0.666755 0.504122 0.0260195 0.0143478
0 0.777438 0.449834 0.00794533 0.0148705
0 0.61654 0.948947 0.0138617 0.0260837
3 0.410199 0.144197 0.0371829 0.0661313
0 0.950398 0.326284 0.0175669 0.0104668
0 0.105507 0.818697 0.0213382 0.0341681
0 0.586717 0.382976 0.0205636 0.0355313
0 0.712975 0.487934 0.0276804 0.0143144
0 0.786966 0.809224 0.0158523 0.00797078
0 0.259169 0.967195 0.00902356 0.016715
0 0.771619 0.880962 0.0253942 0.0133706
1 0.0189382 0.907202 0.0190013 0.0417115
0 0.793593 0.657225 0.00794533 0.0139201
0 0.749485 0.369463 0.0139398 0.0251222
2 0.284056 0.904083 0.0337853 0.0180376
0 0.677103 0.60331 0.0255318 0.013269
0 0.124373 0.664065 0.0215308 0.0352797
0 0.863402 0.355595 0.00713517 0.0157131
0 0.66311 0.785006 0.0253551 0.0150392
0 0.419204 0.365796 0.00881861 0.0164369
1 0.11062 0.907667 0.0186809 0.0411201
0 0.229255 0.491435 0.0345333 0.0213611
0 0.314698 0.656821 0.025609 0.0134981
0 0.787651 0.736223 0.0155423 0.00858288
0 0.300906 0.702493 0.0331785 0.0210545
0 0.571183 0.983253 0.0246868 0.0127876
0 0.271046 0.735521 0.0241508 0.0129145
0 0.0463969 0.70188 0.0342165 0.0206843
0 0.761413 0.447927 0.00938653 0.0164406
2 0.0435689 0.831021 0.0181806 0.0451276
0 0.664274 0.346814 0.0255113 0.0149408
0 0.814437 0.29879 0.0141071 0.0248477
0 0.780099 0.630586 0.0157723 0.00831698
1 0.674568 0.434348 0.0153174 0.0048703
0 0.829428 0.76679 0.0154219 0.00835187
1 0.250576 0.491208 0.00809593 0.0233514
2 0.376537 0.370048 0.0168774 0.0328184
0 0.188735 0.818271 0.0225506 0.0343076
0 0.0792407 0.548753 0.0150847 0.0266313
0 0.100612 0.546411 0.0116708 0.0227976
0 0.866457 0.106244 0.00912025 0.0158512
2 0.971046 0.259778 0.0323112 0.0185996
0 0.686665 0.0813807 0.0251398 0.0133114
0 0.788053 0.697055 0.016026 0.00856074
0 0.697912 0.33687 0.0141019 0.0257416
0 0.674272 0.850901 0.0256247 0.0134511
0 0.0693357 0.495529 0.021504 0.0352238
0 0.826263 0.365835 0.00910806 0.0174276
0 0.576169 0.62133 0.0318008 0.0201642
0 0.751493 0.295725 0.0147524 0.0246194
1 0.195028 0.135953 0.0405542 0.0191716
0 0.71328 0.654031 0.0142062 0.0231313
1 0.392652 0.381282 0.0153655 0.00782191
1 0.28378 0.919955 0.0108012 0.0131628
1 0.237275 0.556564 0.0152289 0.00562168
0 0.666911 0.303636 0.0145029 0.0250758
0 0.910908 0.302552 0.0150839 0.00797803
0 0.156765 0.819726 0.0200509 0.0347457
0 0.310943 0.861534 0.0166154 0.00937402
1 0.14317 0.904247 0.0303562 0.0122676
0 0.828997 0.785281 0.016143 0.00798966
1 0.151402 0.611868 0.0147855 0.0116448
0 0.773158 0.613696 0.0151262 0.00927034
0 0.672526 0.379451 0.0138814 0.0257796
1 0.699389 0.393321 0.0143901 0.00466206
0 0.699271 0.282757 0.0143861 0.0252076
1 0.333573 0.104932 0.0421785 0.0208909
0 0.149543 0.585685 0.0258765 0.014602
1 0.123939 0.685543 0.0226172 0.00743316
0 0.884034 0.84359 0.0186525 0.0308027
0 0.836525 0.250725 0.013828 0.0248577
0 0.0451365 0.177791 0.0325716 0.020802
0 0.886833 0.358648 0.0162416 0.00891829
0 0.787421 0.786336 0.0155617 0.00879575
1 0.271523 0.603573 0.0269282 0.0120023
0 0.70643 0.24179 0.0148498 0.0256484
0 0.719705 0.611682 0.0162382 0.00966425
1 0.271981 0.559889 0.0271584 0.0116868
1 0.640255 0.832619 0.0237841 0.00875479
1 0.394246 0.435508 0.0158289 0.00629903
2 0.050885 0.121501 0.0192452 0.049389
1 0.699701 0.409251 0.0113518 0.00396716
0 0.431489 0.403518 0.0148247 0.00836241
0 0.87463 0.328748 0.00867625 0.0154003
1 0.238905 0.904481 0.0272009 0.0112946
1 0.187224 0.704417 0.0233635 0.00751652
0 0.799059 0.375997 0.0141295 0.0257096
1 0.692342 0.60332 0.00435976 0.014879
0 0.787689 0.763632 0.0149884 0.00849508
1 0.616897 0.339144 0.0159013 0.00452336
1 0.883766 0.863054 0.0226439 0.00900781
1 0.123886 0.642112 0.0232721 0.00798153
1 0.156635 0.703957 0.0229039 0.00773333
0 0.835484 0.0788849 0.00892783 0.0163524
1 0.0339275 0.104221 0.01592 0.012049
0 0.828996 0.809005 0.01625 0.0076454
1 0.0694681 0.517778 0.023529 0.0082419
0 0.792017 0.407649 0.0153081 0.00863291
1 0.306068 0.388039 0.0286971 0.0116503
2 0.0436334 0.773855 0.0187303 0.0449457
1 0.156271 0.840106 0.0218153 0.00689816
0 0.684287 0.0437575 0.0157423 0.00838352
0 0.791694 0.427312 0.0153086 0.00867853
1 0.58626 0.36044 0.0228722 0.00818431
1 0.366609 0.559515 0.0268213 0.011971
1 0.238281 0.883613 0.0280771 0.0120696
1 0.237899 0.861847 0.0279923 0.0108962
0 0.814868 0.956765 0.0296141 0.0200272
1 0.0997061 0.474695 0.0213674 0.00808728
1 0.189016 0.840723 0.02367 0.00803625
1 0.143672 0.883237 0.0293985 0.0129026
1 0.144308 0.926583 0.0308575 0.0130419
0 0.995216 0.81492 0.00841854 0.0145016
1 0.246874 0.824524 0.00532613 0.0145943
1 0.0618014 0.772727 0.018118 0.0119156
1 0.156417 0.797159 0.0233473 0.00884222
1 0.721417 0.394965 0.0158806 0.00501279
1 0.0265451 0.756322 0.0157292 0.0109158
1 0.306149 0.409842 0.0278408 0.011712
0 0.395635 0.638097 0.00930883 0.0163314
1 0.105294 0.840266 0.022458 0.00877906
1 0.58679 0.403689 0.0226273 0.00666925
1 0.271923 0.581182 0.0267527 0.0118373
1 0.786277 0.880795 0.00426052 0.0148191
1 0.210162 0.388619 0.029331 0.0116602
0 0.971979 0.815253 0.00860477 0.0155104
1 0.0258876 0.789306 0.0151753 0.010275
1 0.306136 0.453465 0.0281823 0.0117693
1 0.032846 0.137239 0.0152033 0.0113822
1 0.400947 0.551684 0.0163729 0.00488044
0 0.31002 0.844305 0.0158966 0.00895191
1 0.395637 0.627073 0.0106636 0.00497837
1 0.210489 0.432165 0.0274023 0.0129032
1 0.27169 0.624872 0.0265909 0.0127144
1 0.501676 0.542101 0.0114637 0.015942
1 0.837628 0.284246 0.0151166 0.00450944
1 0.761153 0.457217 0.0111666 0.0034306
1 0.239411 0.92626 0.0274378 0.0115256
0 0.746691 0.689693 0.0152261 0.00787954
1 0.0671868 0.701374 0.00802005 0.0237777
0 0.843133 0.365743 0.00903158 0.0172166
1 0.0671987 0.666541 0.00773266 0.0231777
0 0.557902 0.587918 0.0238287 0.0135819
1 0.366791 0.581792 0.0277081 0.0103366
0 0.424496 0.436097 0.0096211 0.0144418
1 0.333872 0.193777 0.0404135 0.0211377
0 0.837261 0.29906 0.0150758 0.0241044
1 0.212289 0.453567 0.0251539 0.0108622
1 0.322158 0.76705 0.00768399 0.0220641
1 0.360432 0.381034 0.0155412 0.00707411
1 0.210266 0.409892 0.0277584 0.0115971
1 0.400821 0.519478 0.0154593 0.0037737
1 0.843351 0.355061 0.0104289 0.00372855
0 0.629685 0.484215 0.0144924 0.0238621
1 0.394403 0.424826 0.0154473 0.00566864
1 0.36701 0.603423 0.0278184 0.0116496
2 0.167523 0.623155 0.0178141 0.0344545
1 0.616007 0.932564 0.0179088 0.00481965
0 0.653721 0.468402 0.0149213 0.0235971
1 0.0610567 0.831004 0.0157475 0.0135295
0 0.550487 0.497929 0.0334728 0.0207212
1 0.409672 0.101174 0.0286214 0.0155724
1 0.72356 0.301719 0.0167498 0.00456844
0 0.719295 0.531839 0.0163145 0.00863854
1 0.73315 0.965543 0.00860295 0.0241144
1 0.815458 0.283932 0.0163035 0.00455203
1 0.37831 0.455199 0.00384803 0.0110868
1 0.0245992 0.701789 0.00769516 0.0229422
0 0.423058 0.787893 0.0347887 0.0223748
1 0.792582 0.284465 0.0151922 0.00426405
0 0.718824 0.549199 0.0162954 0.00851347
1 0.269251 0.842536 0.0034694 0.0108224
1 0.306425 0.431939 0.028232 0.0130888
1 0.394876 0.411955 0.0154845 0.00509287
0 0.890789 0.329368 0.00844061 0.016312
1 0.677429 0.526022 0.00526178 0.0154979
1 0.361774 0.435709 0.0148988 0.00820469
1 0.105276 0.797401 0.0246749 0.00832811
1 0.729969 0.611784 0.0032263 0.0106065
0 0.424114 0.821443 0.0346017 0.0221617
0 0.995077 0.857248 0.00904083 0.0166428
1 0.300473 0.861865 0.00285267 0.0102146
1 0.366219 0.624978 0.0277798 0.0108011
1 0.184009 0.62411 0.0143232 0.0101809
0 0.41543 0.0540757 0.0170386 0.00966691
1 0.730698 0.854136 0.00415039 0.0160595
1 0.195083 0.225045 0.039258 0.0182324
0 0.384038 0.668233 0.0247558 0.0147313
1 0.441059 0.403565 0.00318361 0.00973176
1 0.024289 0.667757 0.00770748 0.023375
0 0.360936 0.781341 0.0246995 0.0152445
1 0.749226 0.354581 0.0159068 0.00400793
1 0.88375 0.82148 0.0224297 0.0106493
2 0.333637 0.147861 0.0541767 0.0662886
1 0.82582 0.355074 0.0112748 0.00313853
1 0.763913 0.238661 0.0164512 0.00378967
1 0.101025 0.559262 0.012934 0.00449015
0 0.927264 0.858085 0.0140348 0.00792056
1 0.59848 0.62131 0.00700979 0.0218604
1 0.0688428 0.473649 0.02314 0.00713061
0 0.747687 0.641295 0.0152218 0.00809097
1 0.699553 0.268121 0.0154065 0.00433919
1 0.982272 0.276502 0.00700478 0.0140929
1 0.321798 0.702936 0.0078337 0.02351
1 0.775921 0.965105 0.00822305 0.0228214
0 0.858557 0.832195 0.00969602 0.0164311
1 0.163238 0.40117 0.0161315 0.00415183
1 0.642778 0.393888 0.0152463 0.00396972
0 0.75929 0.485809 0.0149684 0.0244039
1 0.024413 0.177968 0.00845045 0.0235391
1 0.913405 0.275747 0.00814869 0.014897
1 0.285406 0.735816 0.00514662 0.0141441
1 0.216273 0.824508 0.00461006 0.0149258
1 0.615555 0.816647 0.0054841 0.0164762
1 0.646974 0.588296 0.014202 0.00456106
1 0.143191 0.862072 0.028776 0.0132196
1 0.208071 0.49125 0.00673555 0.022932
1 0.723387 0.269731 0.0172076 0.00489094
0 0.127442 0.486535 0.0162271 0.0248285
1 0.271735 0.887288 0.00959625 0.0147872
1 0.97223 0.824341 0.00987144 0.00315044
1 0.221323 0.974359 0.00355594 0.0114534
1 0.764493 0.268669 0.0153567 0.00386691
1 0.882486 0.160902 0.0104934 0.00387293
1 0.834653 0.956841 0.00850677 0.0232967
1 0.0664738 0.178027 0.00818417 0.0215345
1 0.299283 0.656906 0.00483291 0.0159108
1 0.766337 0.394504 0.00968289 0.00347488
1 0.671897 0.364659 0.0155437 0.00443912
1 0.652018 0.50373 0.00398492 0.0154458
1 0.89179 0.275407 0.00814125 0.014197
1 0.598498 0.700576 0.0148282 0.00476249
1 0.0994159 0.518561 0.0225082 0.0076288
