0 0.075067 0.39486 0.014471 0.0247666
0 0.0834661 0.94149 0.0246787 0.0142062
0 0.720496 0.612634 0.00970778 0.016579
0 0.560336 0.977482 0.0172706 0.00954769
0 0.11411 0.33199 0.0144406 0.0249763
0 0.294165 0.449087 0.0162434 0.00910534
0 0.092361 0.134829 0.0138418 0.0074916
0 0.207086 0.466972 0.0143092 0.0241716
0 0.107413 0.5098 0.00940263 0.0165156
0 0.0384106 0.573308 0.0140309 0.0244978
0 0.738434 0.617837 0.0101359 0.0161781
0 0.0506817 0.47034 0.0141197 0.0250998
0 0.158686 0.386229 0.0151244 0.0262171
0 0.121045 0.744362 0.0131445 0.0252282
0 0.155551 0.731402 0.0149954 0.00814113
0 0.13525 0.972881 0.0254916 0.0138919
0 0.149328 0.816313 0.0127285 0.0230202
0 0.575336 0.0580146 0.00925671 0.0163397
0 0.0829002 0.509782 0.0141555 0.0242596
0 0.105985 0.427895 0.0138766 0.0263735
1 0.299221 0.364758 0.00810085 0.0151123
0 0.348842 0.368219 0.0091114 0.016436
0 0.194848 0.87642 0.0163159 0.00845074
0 0.129099 0.47067 0.0151725 0.025754
0 0.652775 0.748734 0.00945688 0.0154035
0 0.601474 0.906876 0.0165304 0.00875923
0 0.580817 0.112811 0.0101566 0.0163846
0 0.23979 0.509017 0.0168173 0.00913188
0 0.357176 0.946231 0.00865483 0.0156424
0 0.0773671 0.909988 0.0140964 0.0248599
0 0.702546 0.613411 0.00873209 0.016263
0 0.124813 0.943786 0.0247202 0.0133686
0 0.201062 0.389524 0.0123515 0.0246354
0 0.77449 0.285564 0.0212374 0.0329619
0 0.12799 0.702022 0.0167082 0.00970984
0 0.292132 0.932865 0.0194506 0.0297075
0 0.0955343 0.971336 0.0246035 0.0149884
0 0.195382 0.826835 0.0164126 0.00927046
0 0.403907 0.946592 0.00864051 0.0151527
1 0.773912 0.262911 0.0228702 0.00965489
0 0.12025 0.578087 0.0266618 0.0144
0 0.0437816 0.827078 0.0246626 0.0135367
0 0.271565 0.444985 0.00764537 0.0154733
0 0.0854033 0.694074 0.0259019 0.0132039
0 0.758789 0.571994 0.0150187 0.0247883
0 0.517321 0.139637 0.01669 0.00910098
0 0.380958 0.946474 0.00924633 0.015495
0 0.194946 0.89939 0.0168141 0.00872015
0 0.0709761 0.875301 0.0253144 0.0154836
0 0.222313 0.388757 0.0146768 0.0237668
0 0.32767 0.912254 0.0151225 0.00910162
0 0.199232 0.518332 0.0155278 0.00837135
0 0.154712 0.779875 0.0145115 0.00867162
0 0.45873 0.960066 0.00882471 0.0154352
0 0.805089 0.282914 0.0134377 0.024657
0 0.0708225 0.616504 0.0249753 0.014102
0 0.652344 0.704316 0.00885472 0.01677
0 0.120913 0.600842 0.02516 0.014519
0 0.187337 0.720841 0.0160378 0.00796665
0 0.131197 0.376615 0.0141552 0.0272387
0 0.563598 0.957119 0.0157013 0.00853467
0 0.234184 0.456191 0.00943589 0.0165712
0 0.185178 0.540314 0.008295 0.0145683
0 0.243771 0.169056 0.00973909 0.0163018
0 0.0947875 0.171752 0.0249123 0.0132801
0 0.771201 0.741974 0.00811123 0.0157568
1 0.0481821 0.923256 0.022754 0.00906303
0 0.107205 0.469399 0.0128044 0.0248221
0 0.74207 0.285657 0.0224198 0.0333756
2 0.742261 0.164343 0.0721755 0.05715
0 0.620402 0.855002 0.0156868 0.00773383
0 0.126986 0.639541 0.015166 0.00875892
0 0.728189 0.692853 0.0156407 0.00817527
0 0.236802 0.898871 0.0166028 0.0086346
2 0.31121 0.348503 0.0334229 0.0161501
0 0.172034 0.344502 0.0140152 0.0251343
0 0.244899 0.389013 0.015145 0.0232937
0 0.238912 0.430068 0.0161887 0.00847444
0 0.173863 0.494729 0.00871222 0.0150381
0 0.0486361 0.945247 0.0209742 0.0339081
0 0.080215 0.470498 0.0145169 0.026447
0 0.466395 0.933886 0.0152487 0.00787222
0 0.107385 0.37267 0.0139389 0.0258665
0 0.167324 0.575774 0.0147656 0.0232023
0 0.0749007 0.594886 0.0249045 0.0143171
0 0.282208 0.419418 0.00917882 0.0139525
0 0.180646 0.971183 0.0249614 0.0141749
0 0.317909 0.392872 0.0156172 0.00864382
0 0.0545234 0.66307 0.0138087 0.0273621
0 0.684999 0.613714 0.00869301 0.0159018
0 0.15713 0.460394 0.0143267 0.0259954
1 0.321508 0.365083 0.00804279 0.0139301
0 0.35839 0.416476 0.0178528 0.00980155
0 0.289473 0.241017 0.0100743 0.0162683
0 0.0252912 0.445121 0.0148642 0.0253346
2 0.378701 0.34979 0.0322353 0.0189783
0 0.749624 0.664715 0.0259273 0.0149598
1 0.246402 0.875269 0.00299096 0.00918404
0 0.0722396 0.437203 0.0255045 0.0142831
1 0.121101 0.729878 0.0149973 0.00366499
0 0.0617624 0.558733 0.0155371 0.0248623
0 0.250969 0.456084 0.00844252 0.0170239
1 0.689138 0.793306 0.018198 0.0102714
1 0.741832 0.262787 0.0235555 0.0100832
0 0.27274 0.240833 0.0081899 0.0154521
1 0.158109 0.40133 0.0163265 0.00479245
0 0.460154 0.915376 0.0141054 0.00765347
0 0.168804 0.537649 0.00961521 0.0162835
0 0.54659 0.0725706 0.00818359 0.0155602
0 0.59944 0.112515 0.00942199 0.0162428
0 0.702276 0.536114 0.00921418 0.0160637
0 0.633429 0.937704 0.0167176 0.00881389
0 0.24401 0.341928 0.0139755 0.0241803
0 0.547548 0.142479 0.0171063 0.00961879
0 0.236782 0.856806 0.0146435 0.00753822
0 0.621727 0.966042 0.00786791 0.0137076
0 0.127132 0.622248 0.0158748 0.00821173
0 0.601674 0.88985 0.0160756 0.00919273
1 0.0750202 0.379422 0.0165322 0.00487518
1 0.149099 0.800567 0.0156657 0.00507161
0 0.18114 0.704416 0.0158863 0.00911806
0 0.624488 0.872053 0.01491 0.00786397
1 0.0974979 0.94171 0.00387251 0.0151348
0 0.43299 0.927595 0.0138083 0.00757349
0 0.236319 0.875268 0.0167049 0.00866161
0 0.547266 0.105945 0.00814725 0.0159117
0 0.555007 0.905218 0.00860402 0.0160475
0 0.188053 0.0281997 0.00833285 0.0148883
1 0.74212 0.305944 0.0237061 0.00747706
1 0.24655 0.898941 0.00258314 0.00890901
0 0.201402 0.747383 0.00808821 0.0143914
0 0.298212 0.419806 0.00805001 0.0146934
1 0.107278 0.520182 0.0109579 0.00340571
1 0.159388 0.371354 0.015672 0.00398123
1 0.0483064 0.966476 0.0237055 0.00708127
1 0.284552 0.448973 0.00279999 0.0112929
0 0.196069 0.787342 0.0149929 0.00864923
0 0.195082 0.853609 0.015036 0.00738394
1 0.774295 0.306025 0.0227256 0.00801349
1 0.0767642 0.895117 0.0163293 0.00507824
0 0.736338 0.522894 0.00989914 0.0151346
0 0.199269 0.498076 0.0147187 0.00793529
0 0.274293 0.196553 0.00813234 0.0149109
1 0.244033 0.355374 0.0147754 0.00493612
0 0.139631 0.259258 0.0274037 0.0137165
1 0.702274 0.525647 0.0105072 0.0045954
1 0.0511228 0.455852 0.0152859 0.00362725
1 0.206885 0.481116 0.0151418 0.00381917
0 0.404058 0.9058 0.00790912 0.0153958
1 0.699751 0.163927 0.0157623 0.0409354
1 0.173766 0.50411 0.00963974 0.00360395
0 0.266301 0.923045 0.00925195 0.0163435
1 0.381131 0.956405 0.0103885 0.00434638
1 0.652515 0.714925 0.0099825 0.0030632
1 0.129266 0.455917 0.0157297 0.00424288
1 0.149088 0.830565 0.0155337 0.00557327
1 0.113796 0.317012 0.0148136 0.00422931
1 0.136336 0.622693 0.0029971 0.0112495
1 0.168678 0.527555 0.0101944 0.0032525
1 0.106234 0.601497 0.00451037 0.0173853
1 0.789635 0.163166 0.0204182 0.0418312
1 0.105346 0.577996 0.00346369 0.0164605
1 0.20594 0.898863 0.00372369 0.00978326
1 0.55006 0.977895 0.00279267 0.011323
0 0.771852 0.783308 0.00818015 0.0140631
0 0.380329 0.905416 0.00868725 0.0157621
1 0.29241 0.911869 0.0240056 0.00911237
1 0.621752 0.957656 0.00748444 0.00364091
1 0.136664 0.639046 0.00274658 0.0105691
1 0.737796 0.692847 0.00316939 0.00963843
1 0.75879 0.556672 0.016563 0.00507017
1 0.0562429 0.436988 0.00572626 0.0161245
1 0.0805539 0.971014 0.00514261 0.0170263
1 0.119924 0.972612 0.00416335 0.0147492
1 0.0752162 0.409462 0.0156172 0.00441945
0 0.348768 0.335412 0.0074138 0.0129145
1 0.167181 0.589831 0.0152975 0.00406515
1 0.201042 0.738207 0.00725549 0.0035134
1 0.0614039 0.544279 0.0168331 0.00451235
1 0.114398 0.346751 0.0158196 0.00435079
1 0.389298 0.366834 0.0063808 0.0122787
1 0.805149 0.267837 0.0157623 0.00534889
1 0.735788 0.512649 0.0108637 0.00433944
1 0.689335 0.734187 0.0188302 0.0101039
1 0.357523 0.956299 0.0107415 0.00402551
1 0.230581 0.50893 0.00217042 0.0104481
1 0.458434 0.949848 0.0096616 0.00384947
1 0.0828738 0.525344 0.0154217 0.00524415
1 0.0580194 0.826828 0.00419383 0.0145638
1 0.403715 0.956235 0.0102668 0.00385028
1 0.0596367 0.594141 0.00463656 0.0154673
1 0.289681 0.231087 0.0110778 0.0029555
1 0.599054 0.122314 0.0111078 0.00381711
1 0.379355 0.365867 0.00480627 0.0138135
1 0.546889 0.0823074 0.00936058 0.00377238
1 0.0896987 0.594891 0.00424134 0.0141494
1 0.191137 0.70433 0.00454107 0.00981309
1 0.184486 0.87715 0.0038359 0.0106572
3 0.690758 0.763078 0.0432994 0.049145
0 0.333573 0.947758 0.0159884 0.0077519
1 0.0779878 0.925995 0.0161951 0.00542525
1 0.136519 0.578159 0.00469681 0.0158645
1 0.282754 0.409924 0.0101329 0.00316145
1 0.206993 0.451455 0.0157581 0.00522964
1 0.456897 0.933981 0.00289442 0.00793444
1 0.558028 0.142938 0.00351527 0.0107788
1 0.105886 0.412357 0.0152703 0.00525628
1 0.52705 0.139478 0.00323299 0.0098902
1 0.573638 0.957289 0.00330997 0.00954031
1 0.367773 0.332499 0.00774049 0.0148141
1 0.348214 0.416755 0.00346559 0.0111034
1 0.643913 0.937487 0.00376104 0.0100945
0 0.35732 0.905729 0.00830044 0.0170519
2 0.690292 0.762814 0.0440199 0.0485499
1 0.348688 0.377911 0.0106176 0.00390034
1 0.0611336 0.573256 0.0164351 0.00490282
1 0.29855 0.410432 0.00825601 0.00283798
1 0.590881 0.907091 0.00344586 0.00997224
1 0.0378163 0.559008 0.0140603 0.00382208
1 0.245784 0.856791 0.00245809 0.00879463
1 0.234262 0.465512 0.010093 0.00317223
1 0.15056 0.972399 0.00523913 0.015506
1 0.135861 0.600401 0.00433934 0.0153277
1 0.221861 0.403776 0.013727 0.0064116
1 0.292787 0.95331 0.0229806 0.00905703
1 0.197833 0.721433 0.0042305 0.00749181
1 0.0835453 0.134407 0.00411172 0.00990009
1 0.1679 0.560811 0.0140936 0.00499563
1 0.308626 0.39305 0.00292969 0.00978529
1 0.188253 0.0193859 0.00858312 0.00226678
1 0.772008 0.792958 0.00920486 0.0031959
1 0.272436 0.231451 0.00923716 0.0033806
1 0.129485 0.486189 0.0151368 0.00560357
1 0.185248 0.826671 0.00476578 0.0110619
1 0.206436 0.786528 0.00312886 0.00909336
5 0.431885 0.682854 0.339864 0.345875
1 0.652939 0.738788 0.0101601 0.00293106
1 0.206275 0.826469 0.00417331 0.010919
0 0.181557 0.390444 0.00944078 0.0183681
7 0.43236 0.681202 0.337179 0.340923
1 0.554761 0.894758 0.0101576 0.00333167
1 0.243713 0.159173 0.0106832 0.00293083
1 0.805419 0.29865 0.0162442 0.00605227
1 0.0384554 0.588592 0.0167469 0.00461491
1 0.205486 0.876238 0.00437918 0.00974655
1 0.274811 0.206357 0.00956476 0.00375738
1 0.738493 0.627694 0.0108591 0.00376173
0 0.433259 0.950406 0.012721 0.00634766
1 0.736687 0.533119 0.01021 0.00497649
1 0.298994 0.331847 0.00550686 0.0157607
1 0.145236 0.731291 0.00305939 0.00924026
1 0.245132 0.373381 0.0171294 0.00549088
1 0.61222 0.907122 0.0039524 0.00990295
1 0.389782 0.332807 0.00749729 0.0153389
1 0.17652 0.721365 0.00372632 0.0087476
1 0.537 0.49762 0.00562143 0.0294029
1 0.471407 0.915556 0.00384199 0.00912882
1 0.18523 0.550426 0.00872954 0.00358106
1 0.14556 0.77959 0.00394493 0.0101288
1 0.322431 0.331835 0.00530706 0.0158399
1 0.0618183 0.574284 0.0153046 0.00466056
1 0.107628 0.387825 0.0154799 0.00522248
1 0.0826648 0.495659 0.015722 0.00355652
1 0.245908 0.875102 0.00333688 0.0109451
1 0.379812 0.895603 0.00915896 0.00372196
1 0.206329 0.897627 0.00409025 0.01055
1 0.245486 0.532237 0.0281362 0.00680998
1 0.52832 0.497528 0.00516279 0.0295315
1 0.081009 0.171557 0.00346282 0.0150655
1 0.770944 0.731006 0.00915121 0.00422406
1 0.184795 0.854319 0.0045961 0.0089681
1 0.441375 0.927705 0.00375354 0.00807046
1 0.738441 0.606516 0.0113451 0.0034361
1 0.0287739 0.826973 0.00478227 0.0156548
1 0.368249 0.365759 0.00650966 0.0135694
1 0.122714 0.259211 0.00488191 0.0160578
1 0.629208 0.855493 0.00395609 0.00880776
1 0.246067 0.831367 0.0274337 0.00559397
1 0.245969 0.634928 0.0290225 0.00574581
1 0.245682 0.540723 0.0290779 0.00588208
1 0.61456 0.549151 0.0288609 0.00549085
1 0.316833 0.912423 0.00333777 0.00929929
1 0.136927 0.640042 0.003445 0.00983754
1 0.167275 0.971197 0.00559973 0.0145821
1 0.309692 0.332291 0.00581813 0.0151997
1 0.245681 0.58352 0.0296026 0.00569559
1 0.614477 0.566253 0.0287532 0.00526978
3 0.0168218 0.885182 0.0194503 0.0275028
1 0.246204 0.669395 0.028492 0.00584193
1 0.614682 0.822322 0.0289159 0.0058373
1 0.614935 0.728728 0.0283227 0.0054881
1 0.0506057 0.486162 0.0154231 0.00526666
1 0.614629 0.643138 0.028467 0.00550817
1 0.758591 0.587754 0.0164283 0.00593379
1 0.245711 0.62623 0.0279637 0.00602753
1 0.121365 0.759646 0.0148646 0.00552762
1 0.545255 0.497473 0.00596787 0.029506
1 0.246218 0.677532 0.0285163 0.00573349
1 0.338626 0.911676 0.00459956 0.00998856
1 0.441808 0.931429 0.00457417 0.00760719
