0 0.167839 0.575119 0.015283 0.025667
2 0.743441 0.162301 0.0696614 0.0555285
0 0.722057 0.611958 0.0091841 0.0164761
0 0.0265341 0.442886 0.0150715 0.0246456
0 0.295354 0.447476 0.0168527 0.0101358
0 0.404372 0.945639 0.00904668 0.0156868
0 0.244946 0.339856 0.0143517 0.024737
0 0.63368 0.936636 0.0151754 0.00865317
0 0.115025 0.330709 0.0140957 0.0253696
0 0.150759 0.814414 0.0132679 0.0242732
0 0.359722 0.41532 0.0174117 0.00982391
0 0.0759332 0.39448 0.0137009 0.0269829
0 0.199923 0.517169 0.0151393 0.00836063
0 0.108501 0.508947 0.0094887 0.0171902
1 0.300506 0.363778 0.00822855 0.0150003
0 0.272374 0.444503 0.00768227 0.0147232
0 0.0955444 0.17038 0.024844 0.0131496
0 0.0844159 0.940847 0.0256611 0.0148701
2 0.310811 0.347839 0.0334879 0.0170331
0 0.290953 0.239734 0.0101668 0.0159099
0 0.19579 0.898892 0.0160546 0.00865842
0 0.237896 0.874021 0.0162406 0.00864592
0 0.3185 0.391666 0.0150299 0.007698
0 0.0441276 0.826142 0.0245906 0.0131069
0 0.775376 0.282974 0.0207231 0.034324
0 0.189397 0.719409 0.0155088 0.00838089
0 0.0970328 0.970383 0.0250846 0.0144797
0 0.381883 0.945631 0.00874591 0.0152745
0 0.108347 0.371475 0.0137311 0.0260225
0 0.740072 0.617091 0.00917422 0.0167937
0 0.602153 0.888959 0.0141458 0.00837995
1 0.322305 0.364172 0.00780368 0.0142618
0 0.106557 0.426069 0.0137245 0.0259032
0 0.0390126 0.57227 0.0138641 0.0257437
0 0.159302 0.384862 0.0149474 0.0253949
0 0.0633208 0.557567 0.0155981 0.0261989
0 0.602385 0.905617 0.016737 0.00929723
0 0.195728 0.825994 0.0154838 0.00844937
0 0.0934709 0.134022 0.0137751 0.00750162
0 0.207737 0.46549 0.0138095 0.0249256
0 0.581602 0.111873 0.00989614 0.0158448
0 0.556018 0.90413 0.0085261 0.0151372
3 0.691518 0.762117 0.0409929 0.0489202
0 0.12406 0.942493 0.02597 0.0140177
0 0.0788421 0.908627 0.0136228 0.0246483
0 0.200688 0.388236 0.0133017 0.025474
0 0.136237 0.971699 0.0254557 0.0140144
0 0.201014 0.746889 0.00815907 0.0156543
0 0.517881 0.138638 0.0168223 0.00969218
0 0.127724 0.621335 0.0159407 0.00873516
0 0.349356 0.367178 0.00922078 0.0161555
0 0.654154 0.747589 0.00989664 0.0174272
0 0.334917 0.947157 0.0151854 0.00838014
0 0.195687 0.875688 0.0154956 0.00824644
0 0.600267 0.111838 0.00966475 0.0165751
0 0.120611 0.577488 0.0247758 0.0145857
0 0.283281 0.418437 0.0100403 0.0161201
0 0.621261 0.85414 0.015992 0.00771926
0 0.576771 0.0560775 0.00860733 0.0167237
0 0.239808 0.429259 0.0163149 0.00961079
0 0.108469 0.469087 0.0123922 0.0245679
1 0.7422 0.261569 0.0242064 0.00916284
0 0.189078 0.0272737 0.00815285 0.0154019
0 0.358563 0.945609 0.00837123 0.0147113
0 0.173253 0.342538 0.0140522 0.0250294
0 0.805977 0.281302 0.013381 0.0244591
0 0.0721301 0.874166 0.0257722 0.0143111
0 0.186564 0.539175 0.00872484 0.0160177
0 0.653793 0.703722 0.00821736 0.0161312
0 0.0865719 0.693106 0.0244158 0.0135668
0 0.156053 0.730393 0.0159391 0.00801324
0 0.292516 0.931643 0.0199626 0.0303149
0 0.434928 0.926565 0.0155487 0.00789173
2 0.379448 0.348201 0.0322299 0.0169576
0 0.381404 0.904262 0.00860102 0.015648
0 0.54857 0.140983 0.0173576 0.00910094
0 0.129206 0.701292 0.0159297 0.00923569
0 0.182063 0.70207 0.0155737 0.00948265
0 0.121868 0.74355 0.0136952 0.0247416
0 0.19555 0.852526 0.0143428 0.00754291
0 0.180536 0.969734 0.0261372 0.0146421
0 0.200661 0.496224 0.0157217 0.00822639
0 0.0559177 0.66156 0.0141395 0.0254066
0 0.404361 0.904362 0.0081749 0.0146165
0 0.158588 0.458897 0.0151722 0.0247047
0 0.561586 0.976447 0.0169794 0.00958708
0 0.564591 0.955616 0.0155268 0.00853823
0 0.237761 0.85587 0.015926 0.0080013
0 0.071445 0.615951 0.023984 0.01342
0 0.155831 0.779038 0.0144554 0.00857069
0 0.742773 0.283377 0.0208614 0.034742
0 0.685131 0.611928 0.00860145 0.0159966
0 0.459096 0.959398 0.00980924 0.0144224
0 0.704377 0.611606 0.00827714 0.016421
0 0.131998 0.374472 0.0133292 0.0247994
0 0.750759 0.66357 0.0259064 0.0147676
0 0.0750616 0.59372 0.025454 0.0140123
0 0.237765 0.898119 0.0162247 0.00865317
0 0.0522595 0.468791 0.0135685 0.0249908
0 0.169903 0.536714 0.00928247 0.016553
0 0.13072 0.469193 0.0150579 0.025014
0 0.174657 0.494251 0.00889229 0.0156063
0 0.547962 0.104333 0.00820079 0.0152181
0 0.0491471 0.943885 0.0190652 0.0337031
0 0.299679 0.418348 0.00869513 0.0152146
0 0.0836819 0.509 0.0142883 0.0254115
0 0.328782 0.910877 0.0150967 0.0090362
0 0.251049 0.454981 0.0079859 0.0165193
1 0.0626387 0.542389 0.0171954 0.00479345
0 0.245053 0.168362 0.00918576 0.0166259
0 0.0725781 0.435899 0.0256998 0.0145211
0 0.625255 0.870495 0.0148345 0.00796846
0 0.128145 0.637913 0.0159881 0.00841328
1 0.774753 0.261879 0.0224826 0.00835539
0 0.222951 0.387773 0.0148607 0.0250323
1 0.0487875 0.965181 0.022271 0.00824963
0 0.12207 0.600331 0.0248594 0.0147737
1 0.737424 0.511545 0.0105793 0.00444209
0 0.234859 0.455038 0.00870878 0.0152902
0 0.435114 0.94909 0.0160208 0.00909955
0 0.703126 0.535137 0.00907942 0.017232
0 0.197078 0.785542 0.0160087 0.00755604
0 0.772302 0.782128 0.00811955 0.0156433
0 0.246782 0.388095 0.0146614 0.0229325
0 0.772523 0.741016 0.00839634 0.0153296
1 0.075384 0.377821 0.0172355 0.00535465
0 0.729357 0.691633 0.016097 0.00868331
0 0.139359 0.257565 0.02483 0.013711
1 0.106895 0.440858 0.0157602 0.00421855
1 0.0261441 0.458003 0.0169978 0.00461506
1 0.599996 0.121857 0.010794 0.00375439
1 0.292905 0.951679 0.0225173 0.00914664
1 0.207323 0.784998 0.00340837 0.00828196
1 0.167876 0.58977 0.0163865 0.0041876
1 0.106353 0.410992 0.0153034 0.00477897
1 0.368387 0.331798 0.00752021 0.0148971
1 0.743294 0.304978 0.0225525 0.00805598
0 0.737535 0.522037 0.00994417 0.0158739
0 0.622137 0.964499 0.00810742 0.0147698
1 0.285249 0.447329 0.00259352 0.0114466
1 0.251547 0.465075 0.0095647 0.00312042
1 0.121888 0.729288 0.0153774 0.00388142
1 0.151104 0.799069 0.0160181 0.00543607
1 0.168383 0.559986 0.016609 0.00377486
0 0.468469 0.932815 0.0141087 0.00791412
1 0.559355 0.141428 0.00381601 0.0099254
1 0.690138 0.792643 0.0182498 0.0101476
0 0.592481 0.933538 0.0149361 0.00776122
1 0.151297 0.971813 0.00441819 0.0160584
1 0.19183 0.701381 0.00330719 0.010938
1 0.246691 0.401994 0.0146874 0.00459211
0 0.34873 0.334577 0.00756645 0.0143119
1 0.223226 0.402395 0.0149438 0.00544939
0 0.759198 0.571378 0.0152779 0.0250292
1 0.207445 0.480421 0.0164065 0.00462907
1 0.685263 0.621373 0.00997637 0.00311185
1 0.0777239 0.893956 0.0155208 0.00459264
1 0.0762526 0.410077 0.0156845 0.00462729
0 0.267646 0.9213 0.0101289 0.0167124
1 0.158162 0.473556 0.0160764 0.00491774
1 0.114745 0.31513 0.015403 0.00425623
1 0.700823 0.1629 0.0181656 0.041459
0 0.274826 0.194743 0.00825338 0.0143439
1 0.653734 0.736697 0.0121312 0.00391413
1 0.245189 0.353765 0.0154241 0.00492731
1 0.292581 0.910791 0.0226121 0.0104316
1 0.0817892 0.970225 0.00487194 0.0166664
1 0.200604 0.403534 0.0149635 0.00403226
1 0.370397 0.415763 0.00442933 0.0111785
1 0.199134 0.719833 0.00282669 0.00859977
1 0.245289 0.325011 0.0158452 0.00397992
1 0.159708 0.37086 0.0156205 0.00337007
1 0.459116 0.948927 0.00980293 0.00418516
1 0.290961 0.229689 0.0107756 0.00388224
1 0.056831 0.873931 0.00462006 0.0175396
1 0.704288 0.621664 0.00930098 0.00347444
1 0.0986349 0.941548 0.00414181 0.0153401
1 0.048748 0.922229 0.0217879 0.00870695
1 0.112343 0.970645 0.00515919 0.0163226
1 0.108475 0.38778 0.0172427 0.00560807
0 0.0810979 0.468758 0.0142028 0.0246806
1 0.20801 0.450657 0.0146043 0.00394458
1 0.612843 0.906024 0.00325344 0.0103248
1 0.106053 0.577029 0.0038922 0.0166378
1 0.574402 0.955797 0.00279073 0.00985111
1 0.644071 0.935997 0.00340296 0.00963355
1 0.551277 0.976579 0.00290599 0.0108876
1 0.108578 0.519498 0.0110158 0.00355136
1 0.0561728 0.675876 0.0152644 0.0050304
1 0.206037 0.898583 0.00381857 0.0105581
1 0.789525 0.163261 0.0205257 0.041182
1 0.026486 0.427742 0.0163898 0.00495182
1 0.169649 0.526328 0.00950547 0.00364482
1 0.174515 0.503486 0.00979664 0.00367071
1 0.0812736 0.170491 0.0032606 0.0153286
1 0.30031 0.330968 0.0060916 0.0159871
1 0.322696 0.331108 0.00586022 0.0159056
1 0.158494 0.443551 0.0164082 0.00524186
1 0.581825 0.121236 0.0106378 0.00328707
1 0.0572448 0.436271 0.00429804 0.015139
1 0.136173 0.577998 0.0042968 0.0129767
1 0.229905 0.429447 0.00257558 0.0108096
1 0.338746 0.910828 0.00417197 0.00981959
1 0.267333 0.910515 0.0103723 0.00302912
0 0.358691 0.904251 0.00835312 0.0170726
1 0.107177 0.600462 0.00477588 0.0167548
1 0.0601816 0.593119 0.00508778 0.0152164
1 0.0903883 0.593924 0.00417831 0.014584
1 0.0836493 0.525169 0.0152807 0.0058106
1 0.740084 0.606316 0.010771 0.00322792
1 0.201347 0.737259 0.00851805 0.00422831
1 0.0630901 0.573151 0.0166611 0.00441598
1 0.108504 0.35671 0.0151521 0.00439144
1 0.775566 0.304302 0.0236206 0.00804157
0 0.54764 0.0711437 0.00730577 0.0144234
1 0.159495 0.400356 0.0162712 0.00557165
0 0.273972 0.239901 0.00812202 0.014443
1 0.0574978 0.826376 0.00411836 0.0148152
1 0.528142 0.138485 0.00350496 0.0114671
1 0.404601 0.955874 0.0100943 0.00414589
1 0.654037 0.71405 0.00912826 0.00386641
1 0.235008 0.465411 0.0097645 0.00442339
1 0.246046 0.373352 0.0173472 0.00559019
1 0.222746 0.373294 0.0160302 0.00519965
1 0.137371 0.621723 0.00368604 0.0108256
1 0.368341 0.364902 0.00651012 0.0149548
1 0.772517 0.730758 0.00920536 0.00414157
7 0.43419 0.679855 0.339185 0.340289
1 0.690368 0.73244 0.0185661 0.0109271
1 0.379671 0.365027 0.00507236 0.0146242
1 0.0576163 0.615952 0.00343417 0.0142583
1 0.548614 0.114095 0.00972942 0.00357345
1 0.38059 0.894925 0.0093608 0.00267004
1 0.153622 0.257486 0.00568396 0.0150641
1 0.425643 0.926472 0.00222594 0.00840215
1 0.324986 0.947403 0.00303409 0.0100665
1 0.722292 0.621693 0.0107531 0.0030118
1 0.471088 0.91277 0.0048669 0.0102027
1 0.206617 0.825575 0.00385409 0.00957514
1 0.137238 0.638109 0.0033493 0.00944075
1 0.206019 0.875869 0.0036635 0.00986387
1 0.75911 0.556816 0.0158429 0.004564
1 0.136059 0.600064 0.00372755 0.0160674
1 0.0633199 0.573822 0.0151602 0.00480583
1 0.151059 0.829975 0.0156394 0.0059388
1 0.173408 0.326333 0.0163894 0.00524171
1 0.0883123 0.43609 0.00493634 0.0158227
0 0.459579 0.913906 0.0102586 0.00839521
1 0.62195 0.973094 0.00857306 0.00288729
1 0.555854 0.89457 0.00933863 0.00240307
1 0.274115 0.230736 0.00879097 0.00312894
1 0.404719 0.894764 0.00901704 0.00251389
0 0.367787 0.215786 0.0112556 0.0207928
1 0.300363 0.409947 0.0086391 0.0038091
1 0.772233 0.79235 0.00913238 0.00343898
1 0.738412 0.69148 0.0027721 0.0102591
1 0.310625 0.331479 0.00573599 0.0152879
0 0.239871 0.508133 0.0136363 0.0090585
1 0.121293 0.971426 0.0041765 0.0153665
1 0.029257 0.825793 0.00473816 0.0148126
1 0.349143 0.415476 0.00426499 0.0106189
1 0.191983 0.496069 0.00366675 0.00890507
1 0.425178 0.948691 0.00287988 0.00959252
1 0.0386877 0.557333 0.0147472 0.00400806
1 0.564247 0.496765 0.00510338 0.0287936
1 0.458131 0.932632 0.00362152 0.00852566
1 0.0559277 0.646276 0.0167132 0.00440547
0 0.00654462 0.708655 0.0105889 0.0195519
1 0.145747 0.730119 0.00375974 0.00934551
1 0.206264 0.853109 0.0034964 0.00879976
1 0.580887 0.496396 0.00555683 0.0288448
1 0.582851 0.933775 0.00289879 0.00900981
1 0.173143 0.356183 0.01509 0.00457435
1 0.245752 0.898345 0.00317419 0.00876211
1 0.348536 0.325127 0.00780296 0.00319959
1 0.039245 0.588414 0.0180348 0.00504184
1 0.381898 0.955777 0.00945079 0.00474611
1 0.282883 0.409364 0.00988438 0.00361849
1 0.0879082 0.875005 0.00561598 0.016563
1 0.231849 0.508405 0.00369977 0.0101633
1 0.591538 0.905771 0.00494579 0.0109798
1 0.572609 0.496735 0.005311 0.028955
1 0.0840867 0.495214 0.0160852 0.00349617
1 0.349616 0.377217 0.01022 0.00452461
1 0.247244 0.557077 0.0297756 0.00546333
1 0.576924 0.0661689 0.00959753 0.00293968
1 0.579116 0.0657292 0.00786903 0.00365478
1 0.166669 0.730733 0.00398176 0.00974724
1 0.247433 0.69359 0.0293983 0.00556402
1 0.521277 0.496569 0.00559688 0.0298586
1 0.0729075 0.693169 0.00392543 0.0152363
1 0.333564 0.865324 0.00543547 0.0299967
