5 0.745847 0.508668 0.168754 0.165399
0 0.793899 0.903508 0.014374 0.0264475
0 0.925828 0.974926 0.0148552 0.0246391
3 0.537888 0.743422 0.0395346 0.0704355
0 0.825016 0.936487 0.013688 0.0240097
0 0.919225 0.897813 0.0130475 0.0246072
0 0.173966 0.775054 0.0360916 0.0231924
0 0.833272 0.840298 0.0139072 0.0246144
0 0.963287 0.676918 0.0100522 0.0163753
0 0.957818 0.93843 0.0170324 0.00945613
0 0.575468 0.445987 0.0171505 0.00962939
0 0.546064 0.964687 0.00939635 0.0163589
0 0.907409 0.537081 0.00746705 0.0152991
0 0.87788 0.894374 0.0157113 0.0260374
0 0.84987 0.885753 0.0139389 0.0245101
0 0.770052 0.977566 0.0136994 0.0243492
0 0.990591 0.954883 0.00870683 0.0153629
0 0.744714 0.951805 0.0152998 0.0247912
0 0.714212 0.9792 0.0204001 0.0347245
0 0.891145 0.851661 0.0138683 0.0256152
0 0.941291 0.897507 0.0151944 0.0241346
0 0.541778 0.637424 0.0171384 0.0101271
0 0.963127 0.851058 0.0144029 0.0259857
0 0.952764 0.964739 0.00877593 0.0166109
1 0.460898 0.702803 0.0409018 0.0203852
0 0.969625 0.964683 0.00805182 0.0170357
1 0.71372 0.957813 0.0219429 0.00875636
1 0.16021 0.735321 0.0141802 0.0104901
0 0.813226 0.679428 0.0243436 0.0130189
2 0.503973 0.967131 0.0168421 0.0335208
0 0.826867 0.978197 0.0131374 0.0245752
0 0.860014 0.767205 0.0246418 0.0142527
0 0.876346 0.968722 0.0150549 0.0266633
0 0.790203 0.945666 0.025229 0.0149472
0 0.964572 0.896832 0.0156827 0.0235429
1 0.321591 0.734869 0.0404692 0.0227599
2 0.473793 0.434686 0.101364 0.102839
1 0.557996 0.606152 0.0617716 0.0281992
0 0.150483 0.426206 0.0182335 0.00940592
0 0.81208 0.642935 0.0142605 0.00776322
1 0.460212 0.792167 0.0416689 0.0204096
0 0.541863 0.653258 0.0169545 0.0086169
0 0.799082 0.978982 0.014714 0.025496
0 0.848953 0.978341 0.0153198 0.0252941
0 0.605365 0.431078 0.00915427 0.0164763
0 0.163682 0.409511 0.0160936 0.00957852
0 0.15017 0.442723 0.0173678 0.00862569
1 0.55808 0.475955 0.0628378 0.0261357
1 0.537679 0.700637 0.0268855 0.0171381
0 0.826388 0.881574 0.0144778 0.0264256
1 0.769994 0.963136 0.0154392 0.00435426
1 0.793791 0.887311 0.0169122 0.0049551
1 0.794203 0.919498 0.0165195 0.00496355
3 0.322662 0.779613 0.0502538 0.0692909
1 0.322322 0.824234 0.0420911 0.0212065
2 0.177512 0.719905 0.017655 0.0495495
1 0.877299 0.909448 0.0163345 0.00497361
1 0.565027 0.446429 0.00342866 0.0110629
0 0.167331 0.512503 0.0094052 0.0161645
1 0.92575 0.989793 0.0161507 0.00447914
1 0.826821 0.963193 0.0149891 0.00453861
1 0.160997 0.702317 0.0148511 0.0110383
1 0.878338 0.879232 0.0160661 0.00402713
1 0.848797 0.963682 0.0161419 0.00450178
1 0.519915 0.956758 0.0143046 0.00630888
1 0.833339 0.854834 0.0156243 0.00405596
1 0.556545 0.395485 0.0587337 0.024805
1 0.487333 0.978573 0.0160058 0.00671743
0 0.991838 0.749051 0.00831598 0.0167336
1 0.194836 0.720023 0.0163057 0.0104113
1 0.151615 0.77573 0.00749547 0.0248549
1 0.555925 0.527394 0.0578266 0.0250301
1 0.182746 0.80679 0.00477977 0.0157075
0 0.99292 0.704148 0.00896691 0.0144371
1 0.925803 0.959275 0.0161565 0.0053534
1 0.850129 0.871485 0.0145781 0.00409104
2 0.299317 0.565808 0.104188 0.108439
1 0.520346 0.9792 0.0148608 0.00813318
1 0.410607 0.437784 0.0238978 0.0850357
1 0.605265 0.440957 0.0102937 0.00349583
1 0.487269 0.956112 0.0150077 0.00559998
2 0.473358 0.568456 0.104656 0.108565
1 0.552871 0.637273 0.00514459 0.0122621
3 0.461309 0.746951 0.0536559 0.0688136
1 0.799237 0.964527 0.0159669 0.00441004
0 0.74065 0.374722 0.0139377 0.00834184
1 0.825558 0.95016 0.0149227 0.00405277
1 0.842901 0.513758 0.0291166 0.00574637
1 0.963175 0.665959 0.0116146 0.00486374
1 0.644909 0.50543 0.0284975 0.00599111
1 0.551306 0.653305 0.00307421 0.0101051
1 0.537535 0.784967 0.0279368 0.0123207
1 0.799256 0.965125 0.0155323 0.00308265
1 0.645037 0.513739 0.0285475 0.00585103
1 0.843409 0.564738 0.0289647 0.00590659
2 0.46104 0.746711 0.0538377 0.0687194
1 0.167432 0.502543 0.0103095 0.00399077
1 0.644747 0.55652 0.028817 0.00587613
0 0.0139451 0.995772 0.0154223 0.00796903
1 0.908087 0.527832 0.00884653 0.00265422
1 0.991768 0.738473 0.00919367 0.00307921
1 0.363402 0.56209 0.0277676 0.0845821
1 0.84316 0.470731 0.0299294 0.00599452
1 0.7446 0.966018 0.0159948 0.0051626
0 0.197696 0.805781 0.0265598 0.0147665
1 0.645018 0.522078 0.0283965 0.00606975
1 0.844116 0.505048 0.0308094 0.00563084
1 0.963855 0.834685 0.0168838 0.00621889
1 0.160179 0.442341 0.00302427 0.00912454
1 0.645071 0.496792 0.0283346 0.00537616
1 0.644828 0.479952 0.0290375 0.005651
1 0.645205 0.565263 0.0281992 0.00537066
1 0.159515 0.426359 0.00291801 0.00911397
1 0.644781 0.471272 0.0291287 0.00536371
1 0.849929 0.900923 0.0160938 0.00520143
1 0.645436 0.573909 0.0270415 0.00511201
1 0.84296 0.462368 0.0292664 0.00596487
1 0.843307 0.573883 0.0297591 0.00581979
1 0.96456 0.881455 0.0172506 0.00590396
1 0.843578 0.479602 0.030345 0.0057999
1 0.645072 0.488049 0.0285314 0.00529599
1 0.799704 0.679445 0.00387548 0.014275
1 0.740224 0.609256 0.00577877 0.0299167
1 0.748428 0.608801 0.00577132 0.0300846
1 0.212822 0.806028 0.0056399 0.0147829
1 0.843194 0.556333 0.0293422 0.00580384
1 0.740164 0.409798 0.00577451 0.0283284
1 0.799222 0.995037 0.0175163 0.00636148
1 0.833117 0.825493 0.0141196 0.0041851
1 0.21529 0.470491 0.0668018 0.0278323
0 0.952879 0.967969 0.00907654 0.0112567
2 0.298765 0.434284 0.105571 0.110995
1 0.941296 0.910063 0.0154887 0.00474667
1 0.64453 0.462686 0.0292033 0.00584996
1 0.843591 0.487933 0.0306314 0.00556874
1 0.744499 0.935986 0.0171669 0.00551511
1 0.487148 0.967628 0.0139912 0.00672362
1 0.731302 0.609377 0.00519443 0.0301714
1 0.705873 0.409505 0.00479939 0.0285437
1 0.174357 0.409326 0.00374847 0.00914527
1 0.825195 0.920925 0.0149474 0.00639869
4 0.472403 0.568308 0.103041 0.10881
1 0.843596 0.496824 0.0308888 0.00554394
1 0.748243 0.409812 0.00582811 0.0275001
1 0.843584 0.522062 0.0302136 0.00586216
0 0.0559167 0.99533 0.0148712 0.00738807
