2 0.290419 0.847391 0.0332745 0.0177276
2 0.358944 0.84833 0.0341154 0.0174871
0 0.560952 0.611085 0.00991008 0.0165455
0 0.181279 0.887716 0.0128134 0.023848
0 0.232037 0.954266 0.00837875 0.0162883
0 0.298982 0.891458 0.0154216 0.007926
0 0.219116 0.928617 0.0151802 0.00893283
0 0.270458 0.739142 0.00994467 0.0160132
0 0.52837 0.640991 0.016073 0.00886079
0 0.0880953 0.967724 0.0145719 0.0244591
0 0.275137 0.947258 0.0169575 0.0097276
0 0.785535 0.781071 0.0130808 0.0236173
0 0.596935 0.421656 0.0125268 0.0234109
0 0.15315 0.842441 0.0147614 0.0247061
0 0.111882 0.874445 0.0147494 0.0263002
1 0.302304 0.863781 0.00874354 0.0143154
0 0.0561701 0.893712 0.0144239 0.0260394
0 0.187384 0.964624 0.0140005 0.0253509
0 0.0531645 0.935528 0.0243191 0.0142882
0 0.22465 0.840987 0.0138406 0.0251561
0 0.497631 0.356825 0.013372 0.0249823
0 0.278784 0.918311 0.00796377 0.0146756
0 0.33932 0.914988 0.0170734 0.0100771
0 0.579584 0.610824 0.00905084 0.01699
0 0.528778 0.604158 0.00840475 0.0154192
0 0.0754392 0.670035 0.0247487 0.0132478
0 0.0868876 0.926427 0.0147033 0.025272
0 0.564025 0.460063 0.0242691 0.0137006
0 0.49766 0.638579 0.0166047 0.00959302
0 0.214658 0.953938 0.0103089 0.0168354
0 0.563259 0.405615 0.0219705 0.0127571
0 0.139283 0.884703 0.0139498 0.0250377
0 0.329064 0.866361 0.00906385 0.0164332
0 0.203203 0.887334 0.014678 0.0242982
1 0.279713 0.863961 0.00845087 0.014813
0 0.566163 0.482935 0.0260079 0.0129314
0 0.0878967 0.87215 0.0136266 0.0255155
0 0.754482 0.782173 0.0215938 0.0350821
0 0.22528 0.888306 0.014575 0.0244434
0 0.562186 0.381847 0.023468 0.012714
0 0.137968 0.957992 0.0152724 0.0250254
0 0.255123 0.694871 0.00925469 0.0164789
0 0.562241 0.428151 0.0247326 0.0164492
0 0.073044 0.633483 0.0147426 0.00753153
1 0.722697 0.761206 0.0233469 0.00901738
0 0.251972 0.944523 0.00841331 0.0157935
0 0.110033 0.968985 0.0146211 0.0249443
0 0.727877 0.332149 0.0100466 0.0165596
0 0.562978 0.357869 0.0236437 0.0125248
0 0.120373 0.757871 0.0266676 0.0137684
0 0.0309481 0.968845 0.0132217 0.0258052
0 0.0951697 0.830987 0.0145937 0.0256552
1 0.754031 0.760641 0.0226565 0.00831029
1 0.285895 0.946954 0.00392032 0.0104772
0 0.253437 0.739496 0.00737959 0.0146255
2 0.724818 0.661653 0.0740584 0.0578845
0 0.556305 0.556135 0.00842022 0.0156904
0 0.263104 0.917879 0.0093789 0.0153987
0 0.0610556 0.968915 0.0142178 0.026892
1 0.370752 0.864706 0.00663019 0.0136187
0 0.722078 0.782759 0.0215547 0.0334603
0 0.328944 0.834494 0.00778342 0.0147447
1 0.0884256 0.887639 0.01699 0.005649
0 0.168763 0.526792 0.00766126 0.0153575
1 0.49763 0.371368 0.0160421 0.00437527
1 0.06781 0.935631 0.00462279 0.0153855
1 0.348056 0.831867 0.00769903 0.015216
1 0.225675 0.873015 0.0157748 0.00563424
1 0.138071 0.972522 0.0156686 0.00371458
1 0.181244 0.902384 0.013643 0.00460321
1 0.0861441 0.911229 0.0152904 0.00488375
1 0.680867 0.662416 0.0168674 0.0395468
1 0.187025 0.949819 0.0153156 0.00436364
1 0.139735 0.869996 0.016677 0.00458201
1 0.347999 0.864506 0.00616311 0.0139654
1 0.224871 0.855949 0.0161643 0.00447833
1 0.329324 0.856138 0.0103405 0.00323211
1 0.203317 0.872435 0.0159088 0.0047957
5 0.350273 0.512912 0.230969 0.230327
1 0.579649 0.620735 0.0103576 0.00349264
1 0.370905 0.831794 0.00651222 0.0147908
1 0.202935 0.902732 0.0156799 0.00514765
1 0.290824 0.830601 0.00613044 0.0148593
1 0.089564 0.670155 0.00439694 0.0150549
1 0.561242 0.620936 0.0106873 0.00324775
0 0.224281 0.667383 0.00891096 0.0161335
1 0.550413 0.483509 0.00507611 0.0153714
1 0.243891 0.374472 0.00700513 0.037696
1 0.487932 0.638345 0.00186617 0.0106199
1 0.287831 0.373835 0.00709871 0.0387994
2 0.7184 0.481563 0.153746 0.153604
0 0.527464 0.570715 0.00750495 0.0129505
1 0.0873671 0.94109 0.0165907 0.00385929
1 0.0561886 0.909587 0.0173573 0.00528767
1 0.224975 0.902597 0.0154297 0.00360014
1 0.722389 0.804083 0.0232184 0.00859439
1 0.254442 0.37447 0.00739623 0.0388168
1 0.23148 0.964553 0.00887298 0.00296314
1 0.518885 0.640913 0.00262235 0.00907623
1 0.0560719 0.878299 0.0157124 0.00426877
1 0.581455 0.482832 0.00427628 0.0145267
1 0.556432 0.566267 0.00986887 0.00351309
1 0.266397 0.373752 0.00755066 0.0392096
1 0.277656 0.373773 0.00719793 0.0389273
1 0.549891 0.459527 0.00453618 0.0160071
1 0.138255 0.943067 0.0153493 0.00410386
1 0.104811 0.75785 0.00390798 0.0161305
1 0.755001 0.804106 0.0236554 0.00846244
1 0.308475 0.89129 0.0029779 0.00890851
1 0.496962 0.341586 0.0155867 0.00498987
1 0.0876263 0.941792 0.015442 0.00456488
1 0.253215 0.730207 0.00874411 0.00292825
1 0.279457 0.830332 0.00544154 0.0158206
1 0.193888 0.682489 0.0153102 0.00445019
1 0.224746 0.825434 0.0146801 0.00509406
1 0.270349 0.72888 0.0104205 0.00438015
1 0.77082 0.661537 0.0174649 0.0430372
1 0.211618 0.407405 0.0372382 0.00887833
1 0.139449 0.900472 0.0155152 0.00569315
1 0.135526 0.758153 0.00443255 0.0154226
0 0.347254 0.715295 0.0107291 0.0212849
1 0.0944855 0.816558 0.013644 0.00339602
1 0.214477 0.964643 0.0109112 0.00409304
1 0.229288 0.928353 0.00356723 0.00930092
1 0.52862 0.614086 0.00972929 0.00339445
1 0.18788 0.978984 0.0151903 0.0046256
1 0.212584 0.485172 0.0400234 0.00747168
1 0.168666 0.535325 0.00800921 0.0026636
1 0.153472 0.826396 0.015605 0.00513783
1 0.301869 0.830397 0.00462294 0.0147261
1 0.487394 0.40689 0.0366122 0.00724042
1 0.112196 0.858256 0.0192922 0.00655415
1 0.1868 0.979648 0.0156245 0.00418053
1 0.212203 0.45185 0.038204 0.00699897
1 0.0815744 0.633479 0.00254196 0.00823975
1 0.717109 0.394582 0.0135753 0.0196358
1 0.212104 0.562951 0.0388276 0.00770688
1 0.22442 0.676556 0.010187 0.00309297
1 0.180763 0.872452 0.0152427 0.00372339
1 0.211889 0.540693 0.0382001 0.00763271
1 0.153695 0.856454 0.0155877 0.00366536
1 0.299824 0.374155 0.00793957 0.0383247
1 0.252787 0.933732 0.00848454 0.00278104
1 0.347604 0.666289 0.0635961 0.00772545
1 0.575547 0.381363 0.00382495 0.0132514
1 0.597343 0.435828 0.0129225 0.00564528
1 0.30082 0.650809 0.00800692 0.0391918
1 0.254839 0.684253 0.00910263 0.00296296
1 0.211747 0.418592 0.0385189 0.00715894
1 0.0878939 0.982058 0.0145484 0.00570153
1 0.211924 0.52968 0.037289 0.00733447
1 0.348355 0.645118 0.0647641 0.0413977
1 0.0603691 0.669391 0.00466494 0.0156808
1 0.487265 0.451352 0.0380928 0.00707579
0 0.194397 0.665858 0.0145522 0.0294438
1 0.288588 0.65107 0.00778752 0.0409054
1 0.48791 0.585026 0.0371984 0.00738988
1 0.211992 0.518609 0.0380686 0.00772298
1 0.212386 0.463 0.039053 0.00722325
1 0.0885177 0.856862 0.0157576 0.00392113
1 0.212155 0.473814 0.0386986 0.00627327
3 0.163371 0.987723 0.0199561 0.018971
1 0.486875 0.440308 0.0366166 0.0071857
1 0.278988 0.910553 0.00785221 0.00393714
1 0.487203 0.462552 0.0369226 0.00703662
1 0.761252 0.358965 0.026037 0.0940925
1 0.212554 0.585123 0.0387959 0.00738682
1 0.487158 0.540631 0.0371334 0.00682237
1 0.21219 0.441404 0.0379503 0.00628306
1 0.153435 0.855771 0.0158454 0.00398173
0 0.181838 0.99619 0.0131426 0.00540968
1 0.410334 0.374727 0.00688446 0.039426
1 0.410289 0.650352 0.00631911 0.0392312
1 0.262873 0.926232 0.0089432 0.00263477
1 0.487398 0.485138 0.0367502 0.00699565
1 0.212737 0.618254 0.0381786 0.0076903
1 0.329581 0.8252 0.00915881 0.00298266
1 0.211927 0.496609 0.0388936 0.00593323
1 0.487359 0.529368 0.0372484 0.00714743
1 0.487578 0.573446 0.0368518 0.00719583
