3 0.76033 0.95381 0.0698597 0.055837
5 0.626842 0.519412 0.111325 0.115161
0 0.779578 0.649383 0.0149032 0.00811455
3 0.107147 0.930686 0.0389012 0.0686497
0 0.370609 0.205175 0.0152074 0.0254875
0 0.878846 0.966569 0.0266103 0.0134264
0 0.307614 0.0529804 0.0133736 0.0236136
0 0.270238 0.720599 0.0148888 0.0257939
3 0.0450752 0.930875 0.038992 0.0693743
0 0.760105 0.0261681 0.032918 0.0206572
0 0.449758 0.40381 0.0257998 0.0146545
0 0.264302 0.0279938 0.00942777 0.0167052
2 0.306358 0.496206 0.0489652 0.0257189
0 0.628365 0.232252 0.0165944 0.00879167
0 0.651108 0.666585 0.00908967 0.0160633
0 0.576086 0.0435586 0.0253667 0.0140455
0 0.889127 0.931048 0.00981378 0.0177522
0 0.497397 0.42093 0.00851 0.0152962
0 0.3791 0.557138 0.0226967 0.0435448
0 0.448515 0.428181 0.0254826 0.0150732
0 0.4473 0.501136 0.0201422 0.0351392
1 0.0636466 0.498713 0.0153767 0.0117838
0 0.497174 0.386354 0.00832595 0.0152187
0 0.691074 0.420466 0.00804957 0.0158342
0 0.819195 0.0179666 0.0324216 0.0198088
0 0.307329 0.193612 0.0150785 0.0253311
0 0.837242 0.970154 0.0230562 0.0122616
0 0.565835 0.64962 0.0209875 0.0357895
0 0.234076 0.759976 0.0153963 0.00846838
0 0.775148 0.602354 0.0239849 0.0136749
0 0.634152 0.666771 0.0102799 0.0169827
0 0.937748 0.947626 0.0160023 0.0267882
0 0.303484 0.335441 0.00816101 0.0144835
1 0.409891 0.637489 0.0222566 0.00835756
1 0.063813 0.466353 0.01429 0.0121856
0 0.480586 0.0526144 0.0309647 0.0158449
0 0.359765 0.0584909 0.0256158 0.0141171
0 0.534145 0.0411863 0.027678 0.0144936
0 0.960997 0.959922 0.0148215 0.0257189
0 0.445937 0.557181 0.0214519 0.0376149
0 0.449258 0.378214 0.0264271 0.0148486
0 0.681482 0.684135 0.0265694 0.0139759
0 0.326964 0.0552494 0.0100828 0.0181937
0 0.378764 0.363838 0.0207711 0.0339886
0 0.820404 0.650905 0.0146163 0.00722929
0 0.40968 0.616115 0.0203048 0.0355425
1 0.0256409 0.633185 0.0195394 0.0419298
0 0.967858 0.923388 0.023984 0.0126817
2 0.330472 0.604699 0.0476148 0.0256303
1 0.591329 0.0434602 0.00522513 0.0157702
2 0.133895 0.748829 0.10498 0.104591
0 0.411906 0.555288 0.0217776 0.0400184
0 0.888704 0.868627 0.0159683 0.0082667
0 0.913942 0.953467 0.013855 0.0263892
0 0.35441 0.270214 0.0325749 0.0208392
0 0.476586 0.322102 0.0221882 0.0412299
0 0.531178 0.169641 0.0256689 0.015045
2 0.0465805 0.482234 0.0198647 0.0444155
1 0.446876 0.479423 0.022332 0.00899171
0 0.294749 0.395522 0.0152941 0.0258025
0 0.45301 0.226245 0.0139608 0.0251135
1 0.106169 0.887268 0.0296361 0.016165
0 0.360108 0.0815535 0.0248371 0.0140934
0 0.707916 0.441536 0.00744366 0.016356
2 0.0698949 0.632392 0.0717679 0.0565996
0 0.86267 0.601217 0.0279694 0.014247
0 0.415008 0.501121 0.0225247 0.0369518
0 0.534458 0.596403 0.01577 0.00835231
0 0.628234 0.215337 0.0159748 0.00859922
1 0.310618 0.246611 0.0228972 0.00743169
0 0.310632 0.267347 0.0204059 0.0323042
0 0.236683 0.0349807 0.0170879 0.00969835
0 0.585621 0.236637 0.0256335 0.015324
0 0.531184 0.651358 0.0221162 0.0382342
0 0.727535 0.300765 0.0168528 0.00817089
0 0.53738 0.238194 0.0352213 0.0209246
0 0.865533 0.651207 0.0148112 0.00768599
1 0.442209 0.638105 0.0225005 0.00807009
1 0.322255 0.517973 0.0109538 0.0204299
0 0.926899 0.917404 0.014733 0.0072665
0 0.377871 0.617704 0.0210284 0.0367148
0 0.285757 0.79026 0.0159852 0.0252647
0 0.738282 0.322264 0.0153767 0.0079548
1 0.307829 0.0679959 0.0145815 0.00564715
2 0.763032 0.797894 0.10578 0.111167
1 0.0286222 0.483577 0.0144116 0.0116559
2 0.0515662 0.562544 0.0199177 0.0472851
0 0.59599 0.0688025 0.016222 0.00898339
0 0.627341 0.412004 0.0150826 0.00826595
1 0.715561 0.955151 0.0189687 0.0414016
0 0.535195 0.203667 0.0341065 0.0220112
0 0.776993 0.138281 0.00900394 0.0155361
0 0.839301 0.777982 0.00856068 0.0157009
0 0.510538 0.321247 0.0222175 0.0391167
0 0.592734 0.690133 0.01718 0.00951098
0 0.382715 0.500414 0.0217716 0.0365896
1 0.760596 0.860546 0.0139647 0.0135761
1 0.321891 0.473204 0.0104997 0.0197712
1 0.888933 0.941575 0.0110147 0.00422787
0 0.441816 0.615149 0.0209079 0.0343361
0 0.717704 0.593504 0.0156906 0.00884853
1 0.0350616 0.560888 0.0144378 0.0112174
0 0.818202 0.601609 0.02614 0.0139567
1 0.636746 0.41199 0.00294582 0.00951467
1 0.38171 0.479073 0.0214223 0.00748634
0 0.737731 0.283221 0.0155221 0.00835143
0 0.8909 0.900466 0.0257101 0.013866
1 0.463768 0.378259 0.00512999 0.0163622
1 0.721005 0.885583 0.0268697 0.060404
1 0.414802 0.479009 0.02177 0.00805717
1 0.346534 0.626791 0.00994754 0.0180698
1 0.543619 0.596485 0.00306608 0.00933538
1 0.247229 0.0350104 0.00440522 0.0107657
1 0.295236 0.411252 0.0164774 0.00522701
0 0.519476 0.526822 0.00833202 0.0162833
0 0.326019 0.342481 0.0147934 0.0238676
0 0.42007 0.302947 0.0326831 0.0221667
1 0.370257 0.189973 0.0167766 0.00425845
1 0.605901 0.0685107 0.00298047 0.0112352
1 0.531042 0.628561 0.0245419 0.00793076
1 0.565361 0.628276 0.0234301 0.00745773
1 0.738675 0.0265564 0.00898286 0.024234
1 0.305434 0.473666 0.00947908 0.0189218
1 0.840327 0.0180908 0.00952961 0.0233366
0 0.167592 0.668557 0.0305487 0.0159204
0 0.615281 0.311851 0.0137071 0.0248179
1 0.32965 0.626488 0.0107482 0.0195519
1 0.804098 0.954595 0.0202222 0.041805
1 0.651552 0.676331 0.0115292 0.002933
1 0.0450362 0.888101 0.0276045 0.0147003
2 0.591991 0.81185 0.17169 0.117618
1 0.106776 0.974422 0.027528 0.017498
1 0.289439 0.473624 0.00996799 0.0192534
1 0.313505 0.626835 0.0106196 0.0190018
1 0.801762 0.952854 0.0150016 0.0443
1 0.289254 0.517393 0.0104293 0.0185809
1 0.377522 0.638689 0.023074 0.0067866
1 0.738061 0.30078 0.0027317 0.00909399
0 0.840871 0.835637 0.0154307 0.0248412
1 0.0686392 0.577347 0.0153111 0.0125362
1 0.558743 0.237342 0.00676321 0.0205154
1 0.306187 0.517954 0.0098145 0.0191936
1 0.294745 0.380284 0.0163147 0.00534955
1 0.49718 0.395043 0.00806902 0.00285596
1 0.213934 0.709871 0.0597117 0.0260882
1 0.55043 0.0419493 0.00355686 0.0168001
1 0.514413 0.238359 0.0083313 0.0232144
1 0.513686 0.203427 0.00817846 0.0245058
1 0.116132 0.631867 0.0178767 0.0398605
1 0.878577 0.869118 0.00339233 0.00962467
1 0.045375 0.974715 0.0274434 0.0172975
1 0.310893 0.288232 0.0232993 0.00949728
1 0.893732 0.966491 0.00470927 0.0154777
1 0.578889 0.447653 0.00817421 0.0285194
1 0.307518 0.209021 0.0166932 0.00542003
1 0.464531 0.403738 0.00464374 0.0163462
1 0.8236 0.969814 0.00406978 0.0145036
1 0.286135 0.806778 0.0182828 0.00548172
1 0.400585 0.302624 0.00855887 0.024433
1 0.780184 0.0251811 0.00805426 0.0227333
1 0.761065 0.734174 0.0918467 0.0235115
1 0.378505 0.386009 0.0225 0.00814188
1 0.41081 0.581065 0.0224345 0.00917503
1 0.800559 0.884502 0.0281565 0.0650332
1 0.445272 0.580093 0.0239272 0.00787591
1 0.476309 0.296088 0.0224764 0.00748822
1 0.864206 0.966551 0.00338176 0.0148482
1 0.776917 0.127814 0.00958771 0.00414676
1 0.918238 0.917686 0.00225974 0.00769162
1 0.345434 0.581318 0.00981687 0.0191421
1 0.445924 0.534253 0.0233921 0.00778248
1 0.0695851 0.545898 0.0144068 0.0113347
1 0.798228 0.0168643 0.00821286 0.0223243
1 0.270153 0.704416 0.0159869 0.00574062
1 0.43434 0.427592 0.00426724 0.0160047
1 0.441777 0.303043 0.00756089 0.0229841
1 0.0665939 0.752389 0.0314714 0.09827
1 0.637487 0.215214 0.00279261 0.00962245
1 0.557315 0.203882 0.00871058 0.0237339
1 0.463676 0.428115 0.00521635 0.0157833
1 0.497298 0.410772 0.00806521 0.0028695
1 0.270022 0.736393 0.0164541 0.00529192
1 0.555203 0.541 0.0307196 0.00713886
1 0.556418 0.485709 0.0290723 0.0090201
1 0.556596 0.526908 0.0305655 0.00916049
1 0.634842 0.446749 0.00660337 0.0271308
1 0.434453 0.377957 0.00436551 0.0159963
1 0.556083 0.512852 0.0301864 0.0089066
1 0.38128 0.524378 0.0237346 0.00835537
1 0.531623 0.672837 0.0230552 0.00735474
1 0.329621 0.581746 0.0105446 0.0197125
1 0.582811 0.690096 0.00268461 0.0111573
1 0.370458 0.220647 0.0165872 0.00571723
1 0.216134 0.788477 0.0613959 0.0256357
1 0.379716 0.581535 0.0229537 0.00755942
1 0.76153 0.602466 0.0040412 0.0155807
1 0.620374 0.44707 0.00769687 0.0269275
1 0.690747 0.410667 0.00905415 0.00376786
1 0.566056 0.671385 0.0239711 0.0077282
1 0.244368 0.760317 0.00449573 0.00974655
1 0.184229 0.668379 0.00430184 0.0162676
1 0.518273 0.0410323 0.00437724 0.0159327
0 0.419705 0.218127 0.0165806 0.00795883
1 0.334795 0.27009 0.00669708 0.0238673
1 0.746878 0.282889 0.0032475 0.00967564
1 0.877964 0.601123 0.0044203 0.016871
1 0.379259 0.3424 0.0232356 0.00885147
1 0.708186 0.593544 0.00433706 0.00975343
1 0.556503 0.471996 0.0299965 0.00990177
1 0.592545 0.447737 0.00729464 0.028525
1 0.606084 0.446954 0.00659661 0.0271691
1 0.69989 0.540562 0.024878 0.00757536
1 0.847656 0.60108 0.00241946 0.01557
1 0.327963 0.0656128 0.0100472 0.00375347
1 0.675204 0.447112 0.00794207 0.027587
1 0.769524 0.649622 0.00267723 0.00991133
1 0.376658 0.271635 0.00848386 0.0210478
1 0.413475 0.524931 0.0231954 0.00793982
1 0.556176 0.499397 0.0300857 0.00873184
1 0.326224 0.356216 0.0152919 0.00520065
1 0.223603 0.760467 0.003223 0.0093048
1 0.555682 0.527331 0.0304771 0.0062653
1 0.634261 0.677008 0.0106995 0.00385347
1 0.555624 0.567578 0.0295914 0.00877236
1 0.442755 0.594707 0.024415 0.00733685
1 0.463437 0.0533697 0.00410712 0.0180226
1 0.409824 0.5945 0.0225155 0.00860902
1 0.434845 0.403709 0.00458502 0.0166178
1 0.325911 0.326514 0.0168076 0.00601722
0 0.396028 0.212085 0.0090549 0.017512
1 0.313337 0.582009 0.00974489 0.0189789
0 0.331894 0.197065 0.00978445 0.0190261
1 0.556017 0.512131 0.0295436 0.00608516
1 0.377193 0.594993 0.0222361 0.00727938
1 0.889508 0.941015 0.0115631 0.00399711
1 0.346644 0.0816393 0.00495589 0.0155368
1 0.510274 0.296499 0.023006 0.00769418
1 0.982267 0.92297 0.00453993 0.0144975
1 0.666117 0.683988 0.00491214 0.0148476
1 0.69738 0.683653 0.00511451 0.0156788
0 0.479708 0.386588 0.00990283 0.0190134
1 0.699576 0.485638 0.0256917 0.00818515
1 0.583873 0.890935 0.0084226 0.0379661
1 0.5922 0.591213 0.00740276 0.0299666
1 0.579206 0.591567 0.00775196 0.0288868
0 0.479972 0.422415 0.00961079 0.0161685
1 0.556562 0.471785 0.0272973 0.00596178
1 0.571054 0.89044 0.00828283 0.0394173
1 0.331111 0.207551 0.00945366 0.00353083
1 0.327495 0.0441466 0.0110111 0.00427388
1 0.660769 0.446933 0.00680617 0.0270363
1 0.519611 0.535431 0.00791024 0.00254178
1 0.646567 0.447342 0.00696564 0.0281242
1 0.831576 0.600844 0.00306108 0.0160442
1 0.646915 0.59102 0.00727081 0.029833
0 0.627945 0.250763 0.018687 0.00881578
1 0.476887 0.34661 0.0247364 0.00492102
1 0.480094 0.411474 0.00777513 0.00423832
