2 0.291676 0.846429 0.0329356 0.0182099
0 0.220421 0.927764 0.0162157 0.00933694
2 0.725617 0.659957 0.0698794 0.0564246
0 0.786801 0.780394 0.0125699 0.0231316
0 0.225608 0.839639 0.0139318 0.0245288
0 0.232239 0.953716 0.00819314 0.0160339
0 0.0888222 0.870838 0.0141409 0.0271221
0 0.275909 0.946055 0.0177054 0.00926896
0 0.329741 0.865697 0.00919289 0.0161772
0 0.56552 0.48137 0.0255837 0.0136725
0 0.529056 0.602838 0.00816082 0.0171039
0 0.598216 0.420569 0.0125568 0.0234695
0 0.153201 0.840697 0.0148619 0.0262999
0 0.181657 0.886653 0.0131342 0.024708
0 0.0888257 0.967148 0.0137301 0.0244181
0 0.0877752 0.925231 0.0145641 0.0242892
0 0.112786 0.874426 0.014451 0.0243003
0 0.0756531 0.668657 0.0247299 0.0135941
0 0.0571064 0.892115 0.0138922 0.0265806
0 0.280145 0.916177 0.00853742 0.0146913
0 0.0531163 0.934931 0.0250132 0.0149126
0 0.563758 0.381487 0.0250344 0.0131092
0 0.498084 0.356071 0.0132473 0.024665
0 0.0324073 0.967415 0.0137472 0.024323
0 0.563558 0.35705 0.0243688 0.0124162
0 0.56345 0.404891 0.024214 0.0136002
0 0.756355 0.781392 0.0216904 0.0346156
0 0.203731 0.886515 0.0144731 0.0247254
0 0.119894 0.756244 0.0252943 0.0134576
0 0.264037 0.91647 0.00953685 0.0155232
1 0.723314 0.803812 0.0228927 0.00868963
0 0.138469 0.957459 0.014792 0.0260563
0 0.561718 0.610041 0.00974342 0.0163455
0 0.528992 0.639985 0.0168714 0.00932262
1 0.722634 0.760059 0.0240983 0.00864723
0 0.498163 0.638049 0.0162772 0.00891132
2 0.360444 0.846133 0.0331207 0.016858
0 0.271524 0.738191 0.0104671 0.0162015
0 0.227026 0.886651 0.0136781 0.0237574
0 0.215207 0.953444 0.00899613 0.0165403
0 0.562703 0.428094 0.027047 0.0151213
0 0.564941 0.460058 0.0247247 0.0134313
0 0.111234 0.967396 0.0144853 0.0244572
0 0.7288 0.331327 0.0100045 0.0165182
1 0.138207 0.942108 0.0159078 0.00471665
0 0.722435 0.782097 0.0215323 0.0330912
1 0.303142 0.863157 0.00778389 0.0148176
0 0.528327 0.570263 0.00793957 0.0148739
0 0.253437 0.943623 0.00776725 0.015343
0 0.580992 0.609582 0.00924895 0.0162852
1 0.756432 0.803215 0.0236227 0.00852654
0 0.140135 0.882891 0.0134385 0.0236659
1 0.75591 0.759509 0.0243972 0.00812224
0 0.32967 0.834221 0.00722407 0.0143992
0 0.556769 0.555638 0.00918504 0.015542
0 0.340486 0.914075 0.017307 0.00974605
1 0.226909 0.872055 0.0157795 0.00445625
0 0.255345 0.693353 0.00939071 0.0160271
1 0.681666 0.660753 0.0180314 0.0427896
0 0.254315 0.738452 0.00735491 0.0150169
0 0.155538 0.991696 0.00925547 0.0155698
1 0.204379 0.871664 0.015612 0.00460615
5 0.351639 0.512514 0.230353 0.231271
0 0.188715 0.963502 0.0148903 0.0243353
0 0.225494 0.667185 0.00898677 0.016058
1 0.0878859 0.910725 0.0147944 0.00455975
1 0.371306 0.863351 0.00746023 0.0156643
1 0.497882 0.340709 0.0149171 0.00510275
1 0.090495 0.6686 0.00523921 0.0152857
1 0.0886085 0.982012 0.0151237 0.00507811
1 0.0890353 0.88676 0.0172601 0.00551536
1 0.329902 0.855237 0.00994429 0.00321248
0 0.299452 0.889946 0.0152295 0.00830791
1 0.550519 0.481386 0.00499657 0.0155374
1 0.598215 0.434691 0.0141435 0.00476537
0 0.0956804 0.829518 0.0139274 0.0260369
1 0.264052 0.926391 0.0117483 0.00320397
0 0.0616212 0.968996 0.0139139 0.0238843
1 0.488137 0.638014 0.00197404 0.00996049
2 0.719277 0.477485 0.150265 0.153628
1 0.153943 0.855688 0.0163076 0.00443243
1 0.349076 0.863433 0.0053387 0.0155089
1 0.279922 0.925414 0.00961085 0.00267948
0 0.169344 0.526047 0.00751742 0.0145516
1 0.203844 0.90107 0.0153364 0.00472041
1 0.291991 0.829554 0.00501595 0.0149921
1 0.254971 0.683006 0.010212 0.00389693
1 0.225755 0.824394 0.0158666 0.00542137
1 0.0323601 0.982586 0.0153422 0.00523139
1 0.181507 0.871455 0.0156168 0.0037546
1 0.181686 0.90118 0.0145965 0.00436007
1 0.349176 0.830962 0.00695985 0.0146191
1 0.286687 0.946046 0.00390081 0.00979089
1 0.302452 0.82978 0.00525521 0.0140992
1 0.786329 0.795272 0.0144413 0.00631908
1 0.153665 0.825347 0.0162609 0.00422074
1 0.498532 0.370464 0.0154758 0.00435967
1 0.226632 0.901132 0.0129599 0.00435057
1 0.371805 0.830887 0.00591528 0.0146124
1 0.26677 0.372263 0.00698746 0.0404103
1 0.519606 0.639864 0.00305867 0.00949935
1 0.581462 0.481594 0.00513552 0.0148742
1 0.138438 0.972225 0.0164613 0.00444518
1 0.580831 0.619692 0.0100758 0.00454399
1 0.225684 0.676834 0.0108449 0.00382758
1 0.771351 0.66082 0.019237 0.0424172
1 0.0879075 0.94005 0.016439 0.00489463
1 0.0891875 0.85577 0.0151816 0.00346806
1 0.22638 0.854398 0.0165795 0.00508293
0 0.0736166 0.632461 0.0144475 0.00801512
1 0.188307 0.949542 0.0151539 0.00347012
1 0.277951 0.373194 0.00706829 0.0397476
1 0.550427 0.459366 0.00431705 0.0162568
1 0.0572801 0.908681 0.0162871 0.00538935
1 0.21347 0.461812 0.0400383 0.00756633
1 0.0674893 0.935257 0.00420835 0.0156079
1 0.244264 0.373969 0.00709257 0.0377779
1 0.255732 0.37397 0.00725687 0.038712
1 0.708712 0.692571 0.0117063 0.00765685
1 0.111308 0.982816 0.015529 0.00650262
0 0.180823 0.992806 0.0188769 0.0120741
0 0.177964 0.992877 0.0135581 0.0120629
1 0.229989 0.927523 0.00262947 0.0095136
1 0.104764 0.756139 0.00415084 0.0176667
1 0.330139 0.824837 0.00808872 0.00287697
1 0.528626 0.614201 0.00925683 0.00354435
1 0.729438 0.340897 0.0110934 0.00312414
1 0.300664 0.373909 0.00802606 0.0368633
1 0.212463 0.428679 0.0390955 0.00761032
1 0.350726 0.376481 0.0672606 0.0392015
1 0.280864 0.863119 0.00839781 0.0147944
1 0.54962 0.356589 0.0044894 0.0141212
1 0.488907 0.428205 0.0378257 0.00737565
1 0.423027 0.373486 0.00696551 0.0383172
1 0.308784 0.88949 0.00258946 0.009003
1 0.21232 0.450753 0.0395752 0.00719505
1 0.301701 0.649934 0.00834168 0.0386236
1 0.212853 0.595012 0.0387865 0.00754691
1 0.433509 0.373385 0.00710068 0.0381241
0 0.543851 0.603822 0.00821611 0.0195439
1 0.231917 0.963793 0.00906911 0.00369482
1 0.673818 0.359037 0.0276365 0.0948644
1 0.212886 0.439472 0.0391504 0.00724414
1 0.169166 0.535247 0.00826121 0.00294901
1 0.580137 0.458894 0.00598107 0.0157692
1 0.213136 0.617648 0.0365569 0.00781056
1 0.135351 0.756403 0.00485694 0.0140707
1 0.548961 0.404339 0.00533976 0.0165251
1 0.212531 0.506329 0.0390165 0.00734245
1 0.411409 0.373562 0.00618072 0.0388829
1 0.213407 0.539499 0.0385011 0.00760551
1 0.212573 0.417484 0.0394596 0.00692477
1 0.549491 0.380815 0.00447214 0.0152535
1 0.562195 0.619692 0.0109227 0.00428822
1 0.267561 0.649814 0.00689197 0.0388329
1 0.212437 0.573146 0.0383591 0.00761989
1 0.456918 0.649365 0.00702895 0.0385292
1 0.212289 0.58425 0.0387934 0.00720265
1 0.140564 0.869935 0.0149873 0.00522245
1 0.488668 0.4396 0.0385596 0.00644671
1 0.216471 0.942664 0.0114721 0.00356336
1 0.253643 0.933718 0.00837767 0.0027599
1 0.488292 0.517233 0.0368647 0.00680495
1 0.28022 0.829044 0.00654521 0.0155156
1 0.48882 0.417189 0.0361139 0.00683772
1 0.278833 0.649742 0.00728904 0.0391672
1 0.212823 0.51725 0.0394288 0.00751602
1 0.556889 0.565367 0.00993253 0.00409711
1 0.711521 0.692793 0.00949115 0.00756429
1 0.0616699 0.956817 0.0146759 0.00608275
1 0.58092 0.599581 0.00994529 0.00457839
1 0.253913 0.73202 0.00677603 0.00551318
1 0.456113 0.373041 0.00756079 0.0343988
1 0.214739 0.963905 0.00938498 0.00448133
1 0.212792 0.406464 0.0392901 0.00827717
1 0.488215 0.461659 0.0372186 0.00720609
1 0.212741 0.49525 0.0386829 0.00727879
1 0.212572 0.472924 0.0396463 0.00677096
1 0.348655 0.858798 0.0063536 0.0133382
1 0.289526 0.373343 0.00794398 0.0386471
1 0.444534 0.373805 0.00733588 0.0386631
1 0.719476 0.392866 0.0128932 0.0197862
1 0.111626 0.951968 0.0162633 0.00619857
1 0.488621 0.405407 0.0375335 0.0075698
1 0.488408 0.483819 0.0376041 0.00749338
1 0.212071 0.606572 0.0389805 0.0070615
1 0.36145 0.862974 0.00643993 0.0165265
1 0.245093 0.650315 0.00651754 0.0380003
1 0.155306 0.981854 0.0101903 0.00378874
1 0.232045 0.942726 0.00821418 0.00412438
1 0.28945 0.648931 0.00772511 0.0406005
1 0.212986 0.561845 0.0375491 0.00740508
1 0.488406 0.595154 0.0357007 0.00679973
1 0.488358 0.506053 0.0373431 0.00680254
1 0.256261 0.650078 0.00766867 0.0381482
