3 0.0673854 0.906425 0.0711429 0.0553569
0 0.667549 0.303091 0.0142931 0.0261342
0 0.767122 0.403215 0.00982522 0.0158177
2 0.903543 0.257185 0.0331101 0.0182791
1 0.491273 0.573519 0.00995945 0.0142977
0 0.700836 0.418644 0.00976406 0.0170828
2 0.0531332 0.610288 0.0464437 0.0197653
0 0.788293 0.735289 0.0151948 0.00817465
0 0.675968 0.417527 0.0151659 0.0255971
1 0.0533842 0.592159 0.0123256 0.0161738
0 0.721254 0.610643 0.0163961 0.00922169
0 0.713915 0.653392 0.0145507 0.0245075
0 0.39674 0.636812 0.00937734 0.0166401
0 0.0466753 0.700423 0.0341591 0.0200941
0 0.630714 0.481075 0.0136069 0.0249648
0 0.685536 0.0430829 0.0140343 0.00709622
0 0.643974 0.378353 0.0142687 0.0254561
0 0.700448 0.378208 0.013537 0.0226152
0 0.121112 0.707126 0.026786 0.0148644
0 0.974524 0.855426 0.00824925 0.015247
0 0.723949 0.284469 0.0145587 0.0241836
0 0.348671 0.513149 0.0151612 0.0264213
0 0.600202 0.713804 0.013943 0.023756
0 0.707044 0.240062 0.0143805 0.0252417
2 0.320037 0.590221 0.063183 0.0839857
1 0.5138 0.573085 0.0109289 0.0144181
0 0.951304 0.855387 0.00771888 0.015563
0 0.100055 0.495799 0.0193945 0.0358477
0 0.280535 0.84179 0.0158933 0.00945188
1 0.39361 0.379872 0.0144472 0.00799048
0 0.401828 0.534628 0.0158402 0.0278187
1 0.0691782 0.627122 0.0122855 0.0134802
0 0.0473044 0.666807 0.0329682 0.0195075
0 0.742369 0.723889 0.0132736 0.0229278
1 0.0367032 0.627448 0.0124206 0.0144196
0 0.941404 0.276825 0.00949309 0.0164231
0 0.30218 0.765411 0.0340215 0.0220069
0 0.259935 0.966217 0.00897051 0.0164237
0 0.187702 0.682633 0.0195959 0.0327663
0 0.885084 0.84152 0.0193896 0.031306
0 0.755458 0.964676 0.032085 0.019989
3 0.411265 0.14412 0.0382849 0.0672627
0 0.663402 0.525286 0.0236426 0.0146451
0 0.698867 0.335579 0.0144019 0.0253143
0 0.0475391 0.176132 0.0357974 0.0222025
0 0.415734 0.0368084 0.0172829 0.0101043
0 0.882539 0.149502 0.0104859 0.0169759
0 0.728179 0.881608 0.0247614 0.0135741
0 0.106001 0.817507 0.0209655 0.03467
0 0.420296 0.364596 0.00913795 0.0163739
0 0.764973 0.252101 0.014315 0.02587
0 0.333017 0.415248 0.00832689 0.0167025
0 0.716634 0.852579 0.0256845 0.013521
0 0.655386 0.467766 0.0157349 0.0249377
0 0.793203 0.297948 0.013321 0.0239557
2 0.501903 0.557272 0.0348677 0.0177066
0 0.941378 0.244746 0.00693656 0.0152401
0 0.778778 0.449109 0.00820116 0.0158356
2 0.284273 0.903128 0.0317628 0.0173097
1 0.111416 0.906738 0.0179955 0.0412354
0 0.164029 0.415621 0.015174 0.0273266
0 0.311895 0.860448 0.0170418 0.00968883
0 0.831705 0.338721 0.0165217 0.00922681
0 0.102339 0.544832 0.012912 0.0237913
0 0.571865 0.981879 0.025625 0.0131084
2 0.259117 0.418842 0.0677383 0.0815614
0 0.315217 0.655497 0.025413 0.0132867
1 0.10048 0.473325 0.0226514 0.00827917
0 0.597324 0.788581 0.0239234 0.0136773
0 0.830187 0.783969 0.0164273 0.00811574
0 0.951518 0.325511 0.0175335 0.00976481
1 0.0339197 0.136008 0.0164167 0.0119265
0 0.911049 0.30117 0.0150652 0.00736415
0 0.973515 0.814205 0.00784664 0.0146284
0 0.368997 0.453792 0.017677 0.0100153
1 0.284562 0.919246 0.0106917 0.0141361
0 0.588255 0.381017 0.0199997 0.0344553
0 0.748538 0.639574 0.0154269 0.00810285
1 0.33471 0.103492 0.0401309 0.0202424
0 0.92729 0.856584 0.0153279 0.0081158
1 0.187616 0.660269 0.0227729 0.00872109
0 0.837391 0.0776464 0.00943218 0.0170857
0 0.237177 0.570711 0.012976 0.0243941
0 0.747797 0.688747 0.0159881 0.00897098
0 0.67602 0.849729 0.0265355 0.0137787
0 0.230793 0.490207 0.0331758 0.0211546
2 0.37843 0.423565 0.0165572 0.0329825
0 0.774084 0.612058 0.0159694 0.00844693
0 0.0696779 0.494918 0.0207738 0.0368439
0 0.232496 0.82294 0.0241246 0.0129191
2 0.970692 0.257916 0.0320591 0.0181369
0 0.722989 0.378465 0.0152164 0.024449
0 0.668116 0.503144 0.0246746 0.0144155
2 0.0451483 0.772213 0.0197147 0.0442715
1 0.157546 0.658789 0.0225999 0.00798948
0 0.664467 0.345902 0.0247574 0.0145181
1 0.306662 0.452129 0.0283048 0.0121199
1 0.124352 0.641675 0.0225863 0.0081365
1 0.640438 0.831519 0.0223835 0.0088087
0 0.423367 0.786883 0.0346991 0.0213599
0 0.157332 0.817873 0.0224256 0.0340781
0 0.415781 0.0533146 0.0176258 0.00843733
0 0.788043 0.808493 0.0159705 0.0083293
0 0.732929 0.167535 0.0262542 0.0138403
0 0.271823 0.735366 0.0243932 0.0127524
0 0.618093 0.352874 0.014766 0.0255444
0 0.814731 0.9562 0.033831 0.0197571
0 0.713989 0.487206 0.0268526 0.0142143
0 0.669976 0.818508 0.0137563 0.0239937
0 0.184273 0.389555 0.00718636 0.015916
0 0.123943 0.663666 0.0204476 0.0323677
2 0.0447777 0.830168 0.0190262 0.0460875
0 0.189484 0.817607 0.0221733 0.0343575
0 0.0798701 0.547767 0.0143822 0.0264101
1 0.644301 0.363464 0.0157922 0.00378005
0 0.673298 0.378175 0.0142267 0.023836
1 0.212305 0.452299 0.0273878 0.0107018
1 0.0625837 0.771844 0.017437 0.012552
1 0.195342 0.135111 0.0404583 0.0210035
0 0.837202 0.249881 0.0137677 0.0252128
0 0.232583 0.973435 0.0173098 0.0100276
0 0.63631 0.735657 0.0253028 0.0136583
0 0.640841 0.853321 0.0205508 0.0333789
1 0.306877 0.386857 0.0279558 0.0115272
0 0.529667 0.97976 0.0274253 0.0146306
1 0.106177 0.83948 0.0242593 0.00896085
0 0.664394 0.784538 0.0250699 0.0147152
0 0.865198 0.354034 0.00737831 0.0145082
1 0.273223 0.558535 0.0276686 0.0118216
1 0.334729 0.192662 0.0410117 0.018782
0 0.568891 0.672928 0.0126798 0.0247103
1 0.0696193 0.472996 0.0233054 0.00777363
0 0.688297 0.88037 0.0250044 0.0149934
0 0.647873 0.570223 0.0136195 0.0243376
0 0.829887 0.808065 0.0168722 0.00829722
1 0.700172 0.36393 0.0155423 0.00418973
1 0.240042 0.882044 0.0284971 0.0118902
0 0.150948 0.585009 0.0253181 0.0139981
1 0.675797 0.433189 0.0165968 0.00501257
1 0.395357 0.411297 0.0149654 0.00503606
0 0.793006 0.426365 0.0153203 0.00842154
0 0.79363 0.656447 0.00885085 0.0143167
1 0.144673 0.881836 0.0300612 0.0117978
0 0.752432 0.294834 0.0149626 0.0241921
1 0.502856 0.540433 0.0110425 0.0165019
0 0.866489 0.104985 0.00917266 0.0156169
0 0.157841 0.680621 0.0219395 0.0369006
0 0.679057 0.602658 0.0247376 0.0128572
1 0.0618128 0.829774 0.0161359 0.0121928
0 0.750227 0.369298 0.0163328 0.0259918
0 0.700311 0.281017 0.0135319 0.0254441
1 0.588033 0.401647 0.0219541 0.00794583
0 0.76195 0.446427 0.00890113 0.0152405
1 0.240279 0.902883 0.0273095 0.0114465
0 0.891704 0.327181 0.00814294 0.0155642
0 0.558095 0.587231 0.0268192 0.0142188
2 0.168911 0.621733 0.0187397 0.0345435
0 0.601118 0.815858 0.0246725 0.0140953
0 0.30325 0.702298 0.0328341 0.0199231
0 0.919646 0.821063 0.015866 0.00804926
0 0.714721 0.510265 0.0249174 0.0155659
0 0.617428 0.948619 0.0141361 0.0229729
1 0.102071 0.559247 0.0139818 0.00508812
1 0.251466 0.4903 0.00727696 0.0217545
0 0.887318 0.356802 0.0168163 0.00908727
1 0.0673037 0.665977 0.00927642 0.0238345
1 0.700357 0.393177 0.0149027 0.00479961
0 0.687338 0.0798076 0.0247854 0.0135954
0 0.78168 0.629183 0.0158858 0.00791012
1 0.123973 0.684117 0.0215501 0.00676465
1 0.362991 0.412677 0.0150898 0.00789683
0 0.82713 0.364698 0.00859351 0.0162995
1 0.027646 0.78836 0.0148414 0.0102656
1 0.239746 0.860632 0.0284545 0.011605
0 0.760297 0.484869 0.0147438 0.0253285
1 0.295037 0.887087 0.00970531 0.0149677
2 0.377892 0.367432 0.0175599 0.0349088
1 0.189481 0.839889 0.0241927 0.00722554
1 0.891841 0.239731 0.00683669 0.0146041
1 0.723084 0.39304 0.0148888 0.00510682
0 0.79257 0.405916 0.0166617 0.00870211
1 0.152054 0.611417 0.0145787 0.0119538
0 0.720522 0.547819 0.0159409 0.0084353
1 0.419898 0.354765 0.0102282 0.00305392
1 0.272568 0.580613 0.0272891 0.0131187
1 0.273044 0.602022 0.0256523 0.0100539
1 0.144365 0.903477 0.0299512 0.0115337
0 0.5773 0.620509 0.0321417 0.0192984
0 0.799714 0.374894 0.0146442 0.0242323
1 0.892659 0.274223 0.00859257 0.0155859
1 0.368283 0.580077 0.0275588 0.012585
2 0.05206 0.120764 0.01936 0.0497298
1 0.0346686 0.102575 0.0154503 0.011561
0 0.788241 0.785509 0.0147926 0.00875829
0 0.790956 0.695098 0.0148183 0.00811217
1 0.0205561 0.90715 0.0199854 0.0424092
0 0.788082 0.76266 0.0146987 0.00794157
1 0.211471 0.430775 0.0284386 0.011746
1 0.411621 0.10071 0.0275161 0.0157445
1 0.599821 0.698746 0.0157263 0.00468801
1 0.144579 0.92534 0.0309776 0.0135806
1 0.272616 0.623566 0.026748 0.0116561
1 0.730384 0.547844 0.00340152 0.00889481
0 0.865815 0.149363 0.00799629 0.0156404
1 0.367461 0.623704 0.029257 0.0116439
1 0.0679625 0.700933 0.00751996 0.0235637
1 0.723068 0.363877 0.0160829 0.00494028
1 0.025493 0.700505 0.00859636 0.0235914
0 0.875809 0.327515 0.00959328 0.0151153
1 0.211067 0.408646 0.0284691 0.0111465
1 0.426538 0.0364285 0.00343066 0.0124663
1 0.380259 0.453608 0.00370998 0.010531
1 0.731246 0.611293 0.00336813 0.0110826
2 0.193746 0.89171 0.0596387 0.0812776
1 0.307088 0.430615 0.0286292 0.0113379
0 0.42629 0.81993 0.0357425 0.0227117
1 0.30661 0.408729 0.0270777 0.0123701
1 0.211565 0.387196 0.0269181 0.0101172
0 0.772786 0.879728 0.0244768 0.013751
1 0.742274 0.7385 0.015796 0.00493097
1 0.240081 0.925158 0.0284247 0.0117349
1 0.733871 0.964824 0.00876699 0.0243139
1 0.368249 0.601982 0.0276053 0.0108621
1 0.0699036 0.120006 0.0154063 0.0116257
1 0.184694 0.623036 0.0146133 0.0117059
1 0.690762 0.850343 0.00412175 0.0160305
1 0.333383 0.426512 0.00926137 0.00316582
1 0.151867 0.63235 0.0136785 0.00918104
1 0.401936 0.518416 0.0164472 0.00417828
1 0.751961 0.308598 0.016974 0.0047629
1 0.323362 0.765834 0.00781978 0.0234478
1 0.587043 0.358545 0.0223575 0.00816883
0 0.385302 0.667432 0.0243291 0.0150922
1 0.0276591 0.813304 0.0146787 0.0108668
1 0.300402 0.655734 0.00501895 0.0160466
1 0.157081 0.839783 0.024257 0.00771213
1 0.839626 0.783758 0.00283857 0.0100868
0 0.838264 0.297719 0.0156152 0.0239983
1 0.839637 0.808373 0.0026202 0.010052
1 0.348922 0.497343 0.0166073 0.00429272
1 0.394413 0.357509 0.014637 0.00658339
0 0.551514 0.496722 0.0329762 0.0211141
0 0.859445 0.830993 0.00939479 0.0166405
1 0.362638 0.433938 0.0149193 0.0080118
1 0.676078 0.403251 0.0164562 0.00362653
1 0.713493 0.667473 0.0148461 0.00402057
1 0.0255713 0.17659 0.00877248 0.0239862
1 0.246978 0.823229 0.00445008 0.0139039
1 0.667257 0.286814 0.0174299 0.00588351
1 0.367681 0.558244 0.0272659 0.0107162
0 0.361835 0.780034 0.0253736 0.0154247
1 0.767174 0.393555 0.0104099 0.00333858
1 0.776356 0.964164 0.00822711 0.0232916
1 0.360956 0.379258 0.0150394 0.00644277
1 0.156749 0.795832 0.0231682 0.0088067
1 0.79304 0.283794 0.0145645 0.00463848
1 0.643536 0.393284 0.0160664 0.00438381
1 0.0698509 0.517031 0.0229155 0.00732922
1 0.885354 0.862183 0.0233521 0.00963674
1 0.301297 0.860347 0.00399424 0.0104878
1 0.940859 0.25439 0.00878543 0.00361549
1 0.196061 0.224572 0.0398365 0.0194384
0 0.814928 0.297562 0.0156226 0.0229916
1 0.959935 0.241895 0.00783458 0.0147063
0 0.127729 0.485029 0.016301 0.0244758
1 0.713509 0.881273 0.00415539 0.0146144
1 0.738236 0.68925 0.00288035 0.0103102
1 0.0282286 0.846124 0.0125494 0.00967238
1 0.189083 0.795749 0.0232914 0.00887274
1 0.395155 0.434344 0.0148846 0.00601543
1 0.598679 0.619771 0.00884753 0.0223312
0 0.843884 0.364392 0.00822668 0.0157397
1 0.441366 0.403068 0.0028936 0.00816392
1 0.814383 0.284696 0.0136828 0.00375091
1 0.530214 0.496703 0.00771382 0.0236303
1 0.330692 0.65532 0.00449703 0.0155456
1 0.426318 0.0524974 0.00299788 0.0106649
1 0.447805 0.819178 0.00594996 0.0225055
1 0.699727 0.509873 0.00528192 0.0187256
1 0.323758 0.702206 0.00731312 0.0232057
1 0.97264 0.274189 0.00474204 0.0150378
1 0.0250298 0.666253 0.00766421 0.0226
0 0.311559 0.843313 0.0165197 0.00922538
1 0.260147 0.956335 0.0104603 0.00329565
1 0.273054 0.886637 0.0103462 0.0145611
1 0.673179 0.363971 0.0154419 0.00416074
1 0.286615 0.734737 0.00487256 0.0141945
1 0.187915 0.703681 0.0233669 0.00744085
1 0.882814 0.159911 0.0113542 0.0038242
1 0.884651 0.819556 0.0236652 0.0103915
1 0.136002 0.706652 0.00403898 0.0155042
0 0.432054 0.402742 0.0147939 0.00710422
1 0.765031 0.236659 0.0169258 0.00456261
1 0.145492 0.860313 0.0270936 0.0094223
1 0.917753 0.856484 0.00252076 0.00990839
1 0.630357 0.466414 0.0155323 0.00472259
0 0.720081 0.530774 0.0164435 0.00855586
1 0.0277722 0.755031 0.0148977 0.00882008
1 0.301398 0.842856 0.00351327 0.00897098
1 0.412182 0.186508 0.0282463 0.0138566
