5 0.626613 0.520467 0.112053 0.116493
3 0.759586 0.956791 0.0715587 0.0577207
3 0.044781 0.931778 0.0379434 0.0667713
0 0.26923 0.721093 0.0153805 0.0264711
3 0.105228 0.931966 0.0383357 0.0674866
0 0.509416 0.321938 0.0215848 0.0378138
0 0.409085 0.61593 0.0213119 0.0380967
0 0.326578 0.056849 0.00949347 0.0169826
0 0.496152 0.387806 0.00825823 0.0146494
2 0.3041 0.498505 0.0494171 0.0242526
0 0.44844 0.378776 0.0263269 0.0148656
0 0.878694 0.967754 0.0263235 0.0127355
0 0.369347 0.20666 0.0152654 0.0250408
2 0.329025 0.605386 0.0507286 0.0245719
0 0.836486 0.971123 0.0233185 0.0122163
0 0.263214 0.0292449 0.00898779 0.0169262
0 0.574965 0.0447424 0.02623 0.0135401
0 0.819525 0.0182583 0.0327085 0.0191639
2 0.133174 0.749452 0.10504 0.104089
0 0.650333 0.667109 0.00978013 0.0168693
0 0.476046 0.318582 0.0228487 0.0373748
0 0.376573 0.616107 0.021266 0.0384428
1 0.376312 0.638781 0.0227625 0.00809078
0 0.284725 0.790683 0.0159963 0.0258069
0 0.448422 0.40417 0.0256928 0.0131259
0 0.968107 0.923672 0.0225463 0.0127203
0 0.359308 0.0600028 0.0250836 0.0141373
0 0.448836 0.428413 0.0265635 0.0139359
0 0.888047 0.870304 0.015545 0.00770831
0 0.887758 0.93218 0.00917885 0.0169937
0 0.716598 0.594198 0.0156858 0.00856087
0 0.979776 0.530505 0.0385931 0.0530081
0 0.4135 0.501144 0.0202475 0.0336509
1 0.409174 0.638512 0.021425 0.00821617
0 0.913913 0.954618 0.0132843 0.0254976
0 0.564639 0.650248 0.0207741 0.0364042
0 0.838257 0.779372 0.00833499 0.0147371
1 0.508932 0.298098 0.023016 0.00929504
0 0.440977 0.616916 0.0202696 0.0344784
0 0.23597 0.0356604 0.0174142 0.00956714
0 0.410457 0.558303 0.0189435 0.0342088
1 0.441361 0.638952 0.0227649 0.00714849
0 0.381623 0.502339 0.0217202 0.0358038
0 0.759083 0.0271571 0.0333831 0.0195236
0 0.959848 0.961642 0.0144186 0.0268181
1 0.0628021 0.500493 0.0151765 0.0137084
0 0.167181 0.669906 0.0303072 0.0163908
0 0.530212 0.169988 0.0256037 0.0153012
0 0.44507 0.560652 0.0222259 0.0371706
0 0.533389 0.0422224 0.0259559 0.0139551
0 0.778712 0.65052 0.014471 0.00707145
0 0.530432 0.651055 0.0207167 0.0349179
0 0.306056 0.0549286 0.0127898 0.0233518
1 0.381732 0.480589 0.0232995 0.00795024
0 0.925396 0.917634 0.0144978 0.00747518
1 0.105014 0.888404 0.0289056 0.0164605
1 0.530531 0.629376 0.0239753 0.00885272
1 0.263573 0.0184297 0.0107416 0.00425448
0 0.359633 0.0818841 0.0252983 0.0145491
0 0.445883 0.503516 0.022242 0.0365215
0 0.306435 0.194568 0.0153314 0.0263763
0 0.862354 0.602479 0.024492 0.0140437
1 0.463247 0.379035 0.0052984 0.0158616
1 0.0253424 0.633669 0.0199887 0.0419216
0 0.584561 0.237058 0.0259836 0.014784
0 0.68915 0.422218 0.00789817 0.0157692
0 0.889657 0.901728 0.0261936 0.0142586
1 0.542897 0.598822 0.00310604 0.00928497
0 0.354642 0.271713 0.0319202 0.0210845
0 0.773224 0.603166 0.0256259 0.0141373
0 0.534295 0.239183 0.034176 0.0213272
0 0.633602 0.667739 0.00949478 0.0172028
1 0.445855 0.4809 0.0224166 0.008304
0 0.680653 0.685286 0.0251508 0.0141417
0 0.419091 0.303873 0.0344591 0.0216873
1 0.445435 0.536277 0.0241696 0.00816608
2 0.760857 0.797957 0.104486 0.112084
1 0.0634896 0.467696 0.0141942 0.0119059
0 0.377851 0.364672 0.0203819 0.033832
1 0.840095 0.0185218 0.00948309 0.0233783
1 0.0446029 0.888857 0.0269115 0.0166335
0 0.737004 0.323774 0.0156525 0.00789439
0 0.936351 0.94839 0.014773 0.02719
1 0.888031 0.942615 0.0113971 0.00398136
0 0.817121 0.602543 0.0277284 0.0147372
0 0.496233 0.422001 0.0084276 0.0150313
1 0.414326 0.481006 0.0215813 0.00698924
0 0.324948 0.343658 0.014653 0.0236757
0 0.378619 0.561469 0.0215259 0.0393822
1 0.0688256 0.577961 0.0144704 0.0139737
1 0.269144 0.704811 0.016539 0.00550917
0 0.614023 0.31311 0.0147245 0.026277
1 0.326921 0.0671038 0.0103161 0.00368297
1 0.246187 0.0360427 0.0032317 0.0101631
0 0.627348 0.216358 0.0163419 0.0085561
0 0.726984 0.301109 0.0165009 0.00806952
2 0.0506954 0.563688 0.0200784 0.0515988
1 0.475898 0.341888 0.0237235 0.00741261
1 0.30959 0.247195 0.0237474 0.00753695
0 0.451508 0.227474 0.0140859 0.0248222
0 0.839876 0.836125 0.0151104 0.0250604
1 0.714445 0.956143 0.0195734 0.0419998
0 0.627166 0.233771 0.0157584 0.00822253
1 0.320921 0.474748 0.0103527 0.0192986
0 0.594741 0.0699181 0.0167268 0.00953363
0 0.30926 0.268151 0.0213183 0.0318574
0 0.533768 0.598619 0.0159594 0.00772595
0 0.707002 0.442525 0.00840378 0.0156151
1 0.798132 0.885775 0.0265401 0.0616842
1 0.0281479 0.484445 0.0148293 0.0108541
1 0.495922 0.378451 0.00905103 0.00322173
0 0.626338 0.412944 0.0152597 0.00791828
1 0.804353 0.955929 0.0212235 0.0429911
1 0.115527 0.633247 0.0182528 0.0405145
2 0.590248 0.812429 0.174461 0.116045
1 0.287655 0.519123 0.0115687 0.0180614
1 0.738366 0.0271314 0.00828984 0.0225976
0 0.518933 0.528322 0.00886573 0.0156909
0 0.591977 0.690941 0.0163424 0.010468
2 0.0459835 0.485156 0.0201699 0.0460109
1 0.590094 0.0443978 0.00439491 0.0158188
1 0.379239 0.536668 0.0233458 0.00796871
1 0.760362 0.862607 0.0134654 0.0143278
0 0.776398 0.138598 0.00928022 0.0157856
0 0.820027 0.652586 0.0139906 0.00728107
1 0.63722 0.215714 0.00267492 0.0113281
1 0.442181 0.594985 0.0224147 0.00808109
0 0.29411 0.396626 0.0145044 0.0247366
1 0.719358 0.885987 0.0268903 0.0603895
0 0.302281 0.33579 0.00723016 0.0143737
1 0.369035 0.22148 0.015985 0.00543633
2 0.069426 0.633618 0.0686354 0.054398
0 0.535453 0.204397 0.0339788 0.0210686
1 0.978572 0.563802 0.0428567 0.010584
1 0.74644 0.284616 0.00295902 0.0103824
0 0.233199 0.760684 0.015392 0.00798629
1 0.288746 0.474677 0.010728 0.0199502
1 0.863611 0.968121 0.0040205 0.0143918
1 0.798005 0.0180635 0.00866343 0.0217082
1 0.440876 0.303715 0.00785124 0.0228125
1 0.10526 0.976665 0.0282328 0.0170735
1 0.294133 0.411581 0.015801 0.00527776
1 0.53107 0.672774 0.023836 0.0077651
1 0.779932 0.026907 0.00802712 0.0231659
1 0.0445471 0.975277 0.027463 0.0189273
1 0.746267 0.323779 0.00260206 0.00974333
1 0.0683378 0.546061 0.0144824 0.0122142
1 0.397583 0.303741 0.00802759 0.0237555
1 0.563997 0.629132 0.0236586 0.00770775
1 0.377565 0.386807 0.0219652 0.00793376
1 0.564541 0.672591 0.0227984 0.00799129
0 0.863931 0.652188 0.015261 0.00780818
1 0.913484 0.939518 0.0162337 0.00471647
1 0.328522 0.582907 0.00944916 0.0188141
1 0.312154 0.627555 0.0111249 0.0187995
1 0.269367 0.7368 0.0163248 0.00483059
1 0.759496 0.733482 0.0912497 0.0254129
1 0.214151 0.710784 0.06111 0.0258541
1 0.321484 0.519257 0.0110683 0.019798
1 0.369248 0.191919 0.0169321 0.00434771
1 0.344921 0.582768 0.00985014 0.0189948
1 0.433257 0.404093 0.00421024 0.0150065
1 0.981842 0.923509 0.00469802 0.0144777
1 0.305127 0.474703 0.00908805 0.0187514
1 0.433143 0.428652 0.00400865 0.0152029
1 0.893963 0.967277 0.00424338 0.015429
1 0.312176 0.582657 0.010628 0.0185557
1 0.97754 0.498739 0.0449207 0.0097034
1 0.463689 0.403994 0.00508271 0.0159633
1 0.43338 0.378744 0.00403501 0.0157119
1 0.183399 0.669667 0.00392675 0.0169813
0 0.737352 0.284644 0.0151796 0.00802625
1 0.513575 0.238291 0.00766792 0.0228366
1 0.0337978 0.561835 0.0147358 0.00995017
1 0.0655997 0.755209 0.0320324 0.0893752
1 0.555733 0.237217 0.00727532 0.0201884
1 0.877779 0.870425 0.00366642 0.00957095
1 0.619621 0.447765 0.00855205 0.0265775
1 0.758181 0.862011 0.0141883 0.0132957
1 0.832268 0.602247 0.00353685 0.0164013
1 0.409993 0.582344 0.0216184 0.0103364
1 0.37769 0.342951 0.0248145 0.00854789
1 0.4445 0.581453 0.0235329 0.00719252
1 0.776281 0.128513 0.00946107 0.00388933
1 0.284699 0.806733 0.0177852 0.00546171
1 0.410959 0.53665 0.0238823 0.00791919
1 0.554168 0.514437 0.0294044 0.00868056
1 0.495902 0.432668 0.00982582 0.00366783
1 0.848179 0.602252 0.00413513 0.0150716
1 0.463956 0.428239 0.0047851 0.0166973
1 0.604859 0.0696245 0.00354804 0.0108215
1 0.707288 0.594422 0.00273733 0.00922444
1 0.554273 0.527415 0.0289166 0.00916221
1 0.379989 0.525497 0.0219203 0.00797916
1 0.554249 0.555441 0.0277384 0.00837545
1 0.554913 0.486818 0.0297656 0.00921152
1 0.215494 0.788865 0.0630424 0.0263112
1 0.305465 0.519003 0.00988841 0.019464
1 0.591493 0.593642 0.00720521 0.0274494
1 0.513314 0.203936 0.00781928 0.0225675
1 0.718783 0.917766 0.0269879 0.00608726
1 0.636845 0.232973 0.00245141 0.00963885
1 0.582334 0.691144 0.00228438 0.0115164
1 0.55456 0.500471 0.0281222 0.00853682
1 0.412596 0.524868 0.0234312 0.00794777
0 0.39529 0.212018 0.00958174 0.0178913
1 0.513779 0.170517 0.0058328 0.0153956
1 0.636145 0.412558 0.0032697 0.00891901
1 0.309921 0.289758 0.0234176 0.00735774
1 0.674715 0.448254 0.00834468 0.027149
1 0.578561 0.448118 0.00790787 0.0275142
1 0.554206 0.542131 0.0303175 0.0083338
1 0.45154 0.212991 0.0146966 0.00493541
1 0.557136 0.236964 0.00623365 0.0186135
1 0.823488 0.97114 0.00393283 0.0136511
1 0.838264 0.769687 0.00814056 0.00265003
1 0.698218 0.567858 0.0256366 0.00844686
1 0.346244 0.627622 0.0109547 0.0201945
0 0.0466413 0.68513 0.0297967 0.0150662
1 0.553972 0.56889 0.0284721 0.00733404
1 0.69871 0.500939 0.0254484 0.00740905
1 0.802241 0.602087 0.00424119 0.0171073
1 0.591457 0.448257 0.0068295 0.0276816
1 0.056218 0.667392 0.00902344 0.00891926
1 0.698315 0.513076 0.0245168 0.0080018
1 0.560077 0.0439443 0.00443362 0.0156723
1 0.698713 0.541758 0.025356 0.00707364
1 0.698797 0.486441 0.0254038 0.00939685
1 0.519308 0.0425668 0.00420151 0.0156321
1 0.475696 0.294321 0.0243328 0.00564994
1 0.569631 0.89165 0.00865755 0.0402836
1 0.605621 0.593063 0.0077908 0.0265128
1 0.737926 0.300975 0.00328533 0.00924192
1 0.578531 0.594332 0.00804232 0.0270307
1 0.334015 0.271442 0.00692955 0.0233668
1 0.309439 0.287371 0.0231206 0.00700707
1 0.605995 0.447766 0.00722716 0.0271512
1 0.289331 0.519679 0.00970112 0.019818
1 0.706439 0.277953 0.00289398 0.00906069
1 0.554844 0.472432 0.0275646 0.00893224
1 0.960284 0.978331 0.016212 0.00565982
1 0.222735 0.761236 0.0022323 0.00712798
1 0.509654 0.345595 0.0242396 0.00613316
1 0.698138 0.555588 0.0244239 0.00711485
1 0.395181 0.22219 0.00910293 0.00365484
1 0.935974 0.93309 0.0158321 0.00384678
1 0.697555 0.472771 0.0252861 0.00930786
1 0.376507 0.272346 0.00827158 0.0216083
1 0.633797 0.447403 0.00720284 0.0265915
1 0.569263 0.726948 0.00766072 0.0375308
0 0.625972 0.199369 0.0156454 0.00802326
1 0.624164 0.890548 0.00772908 0.0362587
1 0.646393 0.44789 0.00709152 0.0264908
1 0.190259 0.75313 0.0121112 0.00830141
1 0.293712 0.381209 0.0156686 0.00584565
1 0.933376 0.917837 0.00298416 0.00820135
1 0.583176 0.891957 0.00865817 0.03806
1 0.698583 0.527308 0.0244401 0.00796887
1 0.557094 0.203978 0.00560635 0.023493
1 0.707372 0.433241 0.00975356 0.00352469
1 0.373268 0.272135 0.00651829 0.0215299
1 0.660452 0.447692 0.00822186 0.0272869
1 0.284755 0.775534 0.016299 0.00483772
0 0.478819 0.38849 0.0080881 0.0156157
1 0.619923 0.592746 0.00828934 0.027475
1 0.613964 0.329785 0.0167602 0.00562393
1 0.327987 0.627742 0.0107507 0.0183811
1 0.936101 0.964116 0.0157766 0.00523614
1 0.877517 0.60267 0.00484754 0.0170188
1 0.637726 0.891916 0.00840665 0.0375022
1 0.673812 0.593287 0.00839302 0.0280864
1 0.306225 0.0411045 0.0143905 0.00560494
