5 0.777456 0.515068 0.163732 0.165678
5 0.478969 0.51463 0.163795 0.165653
5 0.180596 0.515721 0.16311 0.165746
0 0.61528 0.379073 0.0254275 0.0494681
0 0.91564 0.409291 0.0255853 0.0504214
0 0.631773 0.644061 0.041488 0.0260693
0 0.570629 0.641315 0.0231451 0.0113837
0 0.914442 0.621069 0.0257293 0.0474794
0 0.314765 0.392759 0.0255362 0.0475422
0 0.712591 0.681542 0.0337965 0.0207458
0 0.272473 0.641075 0.0234794 0.0126173
0 0.520837 0.703679 0.0272841 0.0151577
0 0.0391452 0.547736 0.0142713 0.00823856
0 0.652595 0.602135 0.0149445 0.00792444
0 0.913109 0.553637 0.00824256 0.0159679
0 0.3323 0.643066 0.046022 0.0265813
0 0.353874 0.604393 0.0151465 0.00791137
1 0.915274 0.377667 0.0264152 0.0114886
0 0.871749 0.64076 0.0231675 0.0120797
0 0.342343 0.542917 0.0143325 0.00799285
0 0.0416781 0.580104 0.0152749 0.00806783
0 0.47567 0.720114 0.0276036 0.0144932
0 0.641539 0.705692 0.0197119 0.0328839
0 0.640809 0.545899 0.0151576 0.00936496
0 0.309664 0.555303 0.00827433 0.0151438
3 0.323619 0.702676 0.0688944 0.0554434
0 0.475408 0.696311 0.0260484 0.0145159
0 0.611941 0.553952 0.00822999 0.0148971
0 0.45649 0.740251 0.0147092 0.00830622
0 0.606615 0.72404 0.016226 0.00936677
1 0.367681 0.701616 0.019199 0.0405238
1 0.278897 0.70285 0.020414 0.0409034
1 0.615749 0.409518 0.026221 0.010054
1 0.914657 0.65161 0.0283449 0.011402
1 0.614643 0.346952 0.0285514 0.0103005
1 0.363123 0.604779 0.00341656 0.00943581
1 0.914983 0.441415 0.0268289 0.0108222
1 0.670652 0.718404 0.00658654 0.0237425
1 0.246926 0.418405 0.0083323 0.0281203
1 0.315649 0.361753 0.02882 0.0121819
1 0.845724 0.417125 0.00919036 0.0283095
1 0.166057 0.613705 0.00771182 0.0279832
0 0.693135 0.718752 0.0328366 0.0229336
1 0.914202 0.58919 0.027092 0.012673
1 0.736541 0.41671 0.00712767 0.0279603
1 0.777234 0.612985 0.00856293 0.0263755
1 0.714853 0.719334 0.00777223 0.0226586
1 0.722881 0.612645 0.00783839 0.0256345
1 0.791198 0.61201 0.00849195 0.0286014
1 0.0814658 0.461788 0.0278561 0.00802825
1 0.0815589 0.516255 0.0282219 0.00835215
1 0.874969 0.514578 0.0277023 0.00820613
1 0.816591 0.612588 0.0085221 0.0262726
1 0.276556 0.474452 0.027369 0.00650275
1 0.762577 0.6129 0.0077424 0.0263436
1 0.737056 0.612283 0.00756361 0.0277338
1 0.3803 0.459278 0.0272007 0.00804191
1 0.0815788 0.475004 0.0279322 0.00751376
1 0.424396 0.416786 0.00868119 0.0270682
1 0.11081 0.418553 0.00908113 0.029999
1 0.857531 0.640678 0.00544689 0.0141795
1 0.533549 0.417041 0.00795052 0.0276087
1 0.31513 0.420987 0.02699 0.00944184
1 0.362789 0.643404 0.0127596 0.0265236
1 0.381054 0.568819 0.026702 0.00840378
1 0.537522 0.703179 0.00607181 0.0171651
1 0.424922 0.612321 0.00785496 0.0282516
1 0.679235 0.514315 0.0295084 0.00786938
1 0.219899 0.613774 0.0077385 0.028739
1 0.679265 0.45979 0.0297329 0.00822127
1 0.680099 0.582458 0.0289733 0.00985837
1 0.380538 0.47274 0.0271245 0.0083202
1 0.380936 0.501314 0.0270886 0.00686236
1 0.166374 0.418515 0.00782724 0.0300648
1 0.874939 0.556039 0.0273713 0.00747299
1 0.0511215 0.580344 0.00286272 0.00876592
1 0.885957 0.64078 0.00447752 0.0132178
1 0.831914 0.612484 0.00863335 0.0266974
1 0.314902 0.422787 0.0257144 0.0100306
1 0.576406 0.47215 0.026936 0.00617146
1 0.332909 0.543511 0.00409186 0.0091559
1 0.220357 0.418341 0.00806302 0.0291463
1 0.874588 0.472858 0.0276151 0.00822414
1 0.722597 0.417292 0.00766429 0.0273524
1 0.641611 0.726088 0.0223911 0.00781782
1 0.276957 0.462855 0.027326 0.0064298
1 0.27716 0.516992 0.0274686 0.00692665
1 0.479362 0.612073 0.00765313 0.0278806
1 0.832127 0.417021 0.00867543 0.0278032
1 0.206558 0.614989 0.00771618 0.0266991
1 0.0812994 0.529414 0.0281367 0.00732803
1 0.707563 0.417857 0.00738507 0.0256537
1 0.0817487 0.556905 0.0290669 0.00967739
1 0.0811296 0.584214 0.0267839 0.00704481
1 0.276757 0.529255 0.0275032 0.00690391
1 0.152334 0.614668 0.0080206 0.0258578
1 0.380834 0.513982 0.027204 0.00740145
1 0.0817942 0.447961 0.0288848 0.00870633
1 0.450526 0.612529 0.00753209 0.0266095
1 0.519704 0.416996 0.00799848 0.0274714
1 0.663852 0.644587 0.0108833 0.0284643
1 0.276512 0.447927 0.0271453 0.00891457
1 0.707626 0.612697 0.00773802 0.0261609
1 0.533982 0.611897 0.00800536 0.0289381
1 0.679415 0.446047 0.0282884 0.00839496
1 0.123913 0.61406 0.00680869 0.027318
1 0.233481 0.418691 0.00804717 0.0282149
1 0.381323 0.582496 0.0277945 0.00950841
1 0.912898 0.543506 0.00932262 0.00271419
1 0.137218 0.418785 0.00694828 0.0288878
1 0.576556 0.446096 0.0277936 0.00842441
1 0.51952 0.612856 0.00786137 0.0268898
1 0.0813901 0.488419 0.028207 0.00765281
1 0.505203 0.612619 0.00722482 0.0289132
1 0.46478 0.61275 0.00717785 0.0256637
1 0.277105 0.558248 0.0277598 0.00612371
1 0.60664 0.644223 0.00709971 0.0276921
1 0.0812085 0.542752 0.0276228 0.00777773
1 0.178456 0.614313 0.00715173 0.0275175
1 0.438235 0.612249 0.00792181 0.0280754
1 0.679334 0.568802 0.029691 0.00807046
1 0.41017 0.416049 0.0104378 0.0278799
1 0.576661 0.488103 0.0272965 0.00693987
1 0.875269 0.542181 0.0274347 0.00762533
1 0.27659 0.571719 0.0267009 0.00665333
1 0.874786 0.568856 0.0276593 0.00725424
1 0.5764 0.459922 0.0287199 0.00737547
1 0.380572 0.556149 0.0280187 0.00668716
1 0.0812198 0.570991 0.028353 0.00806952
1 0.275992 0.584329 0.0268829 0.0080764
1 0.576707 0.556546 0.0259293 0.00642645
1 0.875105 0.501388 0.0269241 0.00760128
1 0.576548 0.569153 0.0276404 0.00750038
1 0.611815 0.543876 0.00898023 0.00357437
1 0.87484 0.446268 0.0268883 0.00815413
1 0.233032 0.614006 0.0082606 0.0270228
1 0.844595 0.611826 0.00828277 0.0271722
1 0.68012 0.472872 0.028332 0.00892936
1 0.576474 0.514518 0.0273753 0.00746896
1 0.577259 0.501203 0.0258124 0.00740086
1 0.151926 0.418733 0.00714887 0.0295626
1 0.438447 0.416493 0.00756132 0.027128
1 0.380868 0.527575 0.0270776 0.00687874
1 0.791535 0.416525 0.00638874 0.0300413
1 0.874291 0.582168 0.0281627 0.00756586
1 0.137556 0.614448 0.00828724 0.0258856
1 0.596748 0.724154 0.00306883 0.0107632
1 0.817502 0.417074 0.00725337 0.0282263
1 0.691427 0.681461 0.00666259 0.0224904
1 0.803855 0.612836 0.00788354 0.0281037
1 0.3804 0.487371 0.0277453 0.00697374
1 0.679242 0.501667 0.0287623 0.00677074
1 0.875215 0.487643 0.0280998 0.00770581
1 0.380294 0.446455 0.0271753 0.00772773
1 0.246589 0.614281 0.00718751 0.0259398
1 0.874919 0.527507 0.0282286 0.00775791
1 0.733551 0.680778 0.00813456 0.0223653
1 0.277109 0.488487 0.0272667 0.0067779
1 0.874695 0.460004 0.0278142 0.00754209
1 0.276889 0.503083 0.0283259 0.00736237
1 0.40972 0.612256 0.0081284 0.027519
1 0.464875 0.739911 0.00257945 0.0100716
1 0.505547 0.416691 0.00748087 0.0286492
1 0.191529 0.614557 0.00805295 0.0264859
1 0.479028 0.416692 0.00754247 0.0275189
1 0.206812 0.417981 0.00786268 0.0291148
1 0.309587 0.565517 0.0090095 0.00342597
1 0.749006 0.612912 0.0072785 0.0276157
1 0.0817494 0.502856 0.0289853 0.00851834
1 0.0287018 0.547939 0.00442287 0.00950241
1 0.110898 0.613746 0.00775639 0.026968
1 0.576012 0.582419 0.026511 0.00790449
1 0.300044 0.643917 0.0075915 0.028615
1 0.679927 0.487929 0.0287631 0.0077635
1 0.492949 0.611986 0.00778423 0.0287528
0 0.332877 0.840263 0.00665361 0.00940967
1 0.679646 0.555813 0.0294608 0.00865867
1 0.492998 0.416394 0.0071907 0.0282853
1 0.285935 0.640482 0.00461506 0.0163202
1 0.380731 0.542492 0.0278181 0.00658723
1 0.276765 0.54248 0.0269695 0.00606062
1 0.67932 0.528012 0.028909 0.00771404
1 0.17881 0.41845 0.00799442 0.029199
1 0.409883 0.416701 0.00749135 0.026691
1 0.575507 0.526594 0.0242645 0.00606205
1 0.191704 0.418545 0.00692041 0.0289518
1 0.763079 0.416576 0.00676415 0.0281747
2 0.323553 0.70206 0.0685721 0.0553377
1 0.465071 0.41673 0.00722754 0.0278029
1 0.750823 0.612395 0.00703218 0.027302
1 0.547073 0.61135 0.00807046 0.0273795
1 0.67947 0.556999 0.0302691 0.00606968
1 0.776864 0.416759 0.00786303 0.0279714
1 0.451107 0.416914 0.00717485 0.0279987
1 0.679175 0.543189 0.0301232 0.00771876
1 0.307706 0.643033 0.00569684 0.0266921
1 0.576009 0.542753 0.0286753 0.0072119
1 0.6802 0.472176 0.0283955 0.00549926
1 0.557929 0.64158 0.00347044 0.0134031
1 0.124336 0.419194 0.0084078 0.0287783
1 0.547469 0.416979 0.008677 0.0257171
1 0.6304 0.5452 0.0046146 0.0096767
