2 0.846859 0.48024 0.0817234 0.0609373
0 0.90388 0.354923 0.0256491 0.01457
0 0.150508 0.424609 0.0125531 0.0238334
0 0.185068 0.30884 0.0122323 0.0225021
0 0.848218 0.142016 0.0134905 0.0232481
0 0.184713 0.425035 0.0126968 0.0232136
0 0.866959 0.374618 0.0208113 0.0363521
0 0.150751 0.560869 0.0125015 0.0233683
0 0.184108 0.561414 0.012006 0.0226786
0 0.303563 0.466259 0.0221784 0.0127346
2 0.357987 0.378507 0.0210586 0.0456939
0 0.302447 0.136832 0.023978 0.0126104
0 0.304951 0.397094 0.0209489 0.0119481
0 0.184267 0.654231 0.01239 0.0224399
0 0.150116 0.349906 0.0122787 0.0234604
0 0.631184 0.296826 0.0213871 0.0325452
0 0.184815 0.222193 0.0122865 0.0233899
0 0.976905 0.110548 0.0174336 0.00982344
1 0.374434 0.394487 0.0151435 0.0131101
0 0.597042 0.297509 0.0207417 0.032759
0 0.150843 0.520149 0.0123693 0.0218521
0 0.150715 0.651067 0.0129621 0.0232708
0 0.150558 0.308643 0.0126557 0.0230339
0 0.184695 0.465754 0.0117225 0.0218184
0 0.03354 0.137604 0.0244118 0.0127415
1 0.385382 0.49827 0.0146292 0.0106196
0 0.15146 0.60695 0.0123996 0.0221251
0 0.295229 0.253061 0.0117315 0.0233076
0 0.0340839 0.817288 0.0244954 0.0124959
0 0.18329 0.152915 0.0123252 0.021782
2 0.37345 0.448808 0.0182503 0.0471289
0 0.824572 0.121297 0.0139474 0.0233656
0 0.150094 0.220022 0.0126604 0.0231978
0 0.0338246 0.222765 0.0241928 0.0125495
0 0.29519 0.294255 0.0125888 0.0241566
0 0.0333683 0.393759 0.023325 0.0125586
0 0.860011 0.173715 0.0223214 0.0119831
0 0.150394 0.264543 0.0123344 0.0224716
0 0.184533 0.350587 0.0122928 0.0231702
0 0.645773 0.0157468 0.0239816 0.0132566
0 0.30431 0.42873 0.0233879 0.0120721
0 0.301939 0.690568 0.0221976 0.0130939
0 0.814201 0.357445 0.0169165 0.00878003
0 0.0341289 0.521706 0.0241894 0.0122929
0 0.0336801 0.605143 0.0241922 0.0125095
0 0.365156 0.326852 0.0240631 0.013311
0 0.184784 0.901891 0.0118562 0.0220955
0 0.295251 0.212249 0.012298 0.0238019
0 0.0331713 0.0439075 0.0236692 0.0121701
1 0.355745 0.431868 0.0151597 0.0116592
1 0.630783 0.27559 0.022733 0.00808072
0 0.662934 0.296754 0.0208859 0.0346685
0 0.184976 0.819727 0.0119976 0.0227312
0 0.793083 0.52635 0.00953956 0.0167787
0 0.03428 0.264303 0.0241591 0.0122159
0 0.184974 0.263427 0.0116531 0.0214771
0 0.184517 0.0522368 0.012313 0.0238725
0 0.564745 0.297003 0.0187925 0.0278672
0 0.301385 0.775676 0.0231928 0.0123511
0 0.883833 0.13997 0.0211949 0.0116791
0 0.15663 0.698305 0.0111131 0.0228098
0 0.150155 0.465948 0.0123983 0.0236098
0 0.156838 0.831927 0.0119855 0.023024
0 0.302161 0.813965 0.0240801 0.0134038
0 0.158765 0.79007 0.012345 0.0240982
0 0.815024 0.382334 0.024209 0.0128702
0 0.156659 0.385508 0.0224147 0.0114468
0 0.302057 0.09654 0.0233338 0.0122923
0 0.301696 0.360562 0.0230431 0.0119987
0 0.183996 0.103032 0.012902 0.0237921
0 0.15444 0.0536989 0.0122035 0.023422
0 0.0335611 0.479283 0.0236714 0.0125094
0 0.0338136 0.691445 0.024565 0.012795
0 0.301956 0.955891 0.0242755 0.0132563
0 0.154483 0.0948361 0.0116093 0.0231904
0 0.948488 0.535597 0.0162068 0.00948546
0 0.935571 0.505906 0.012141 0.0252988
0 0.0342463 0.095052 0.0231039 0.0126199
0 0.309642 0.911081 0.0242672 0.0125847
0 0.0334802 0.649637 0.024115 0.0121489
1 0.649009 0.215906 0.0227397 0.00815784
0 0.77867 0.0346217 0.0217157 0.0339495
0 0.869008 0.0485085 0.013522 0.0248205
1 0.184266 0.846753 0.0141373 0.00464605
0 0.184063 0.7378 0.0120623 0.0231943
0 0.710177 0.347872 0.0341449 0.019233
0 0.838219 0.237538 0.0172187 0.00897586
0 0.184707 0.860842 0.0122923 0.0230761
1 0.778738 0.0133169 0.0232673 0.0079915
0 0.184406 0.98282 0.0236148 0.0124691
0 0.183904 0.612103 0.0129866 0.0225446
0 0.152144 0.135741 0.0122973 0.0226873
0 0.550739 0.473226 0.0213485 0.0366152
0 0.912505 0.108366 0.0236998 0.013152
0 0.0336822 0.436041 0.0240978 0.0123818
0 0.708651 0.277996 0.0318794 0.0201247
0 0.302711 0.860762 0.0234222 0.0128758
0 0.184238 0.697367 0.0115663 0.021137
0 0.301853 0.649376 0.0235832 0.0128641
0 0.0336156 0.179246 0.0238578 0.0125116
0 0.302055 0.0540081 0.0235133 0.0127239
0 0.30202 0.733325 0.0231187 0.0124267
0 0.0334987 0.77488 0.0250692 0.0127244
0 0.0337999 0.307308 0.0247612 0.0129412
0 0.0340291 0.562172 0.0242026 0.0132167
1 0.184096 0.0669686 0.0144904 0.00565842
0 0.184908 0.779324 0.0117881 0.0210465
0 0.0342068 0.733527 0.02401 0.0124501
0 0.87214 0.272564 0.0249653 0.0128359
0 0.649557 0.237532 0.0209815 0.033192
0 0.953912 0.33718 0.0252018 0.0135827
0 0.397536 0.796738 0.0282369 0.0151368
1 0.355046 0.464831 0.0151888 0.0129465
0 0.0342446 0.351885 0.0245892 0.0126872
0 0.295112 0.171591 0.0121119 0.0233706
0 0.870618 0.111559 0.0237395 0.0134815
0 0.156939 0.739406 0.0124824 0.0222907
1 0.663153 0.276455 0.022897 0.00792707
2 0.368251 0.51594 0.0189357 0.0464212
1 0.564823 0.316338 0.0210247 0.00972867
1 0.631195 0.31842 0.0236964 0.00791618
0 0.82307 0.283449 0.0144292 0.00731324
0 0.702016 0.0297836 0.0243056 0.0128746
0 0.176197 0.186891 0.0246542 0.0132852
1 0.824887 0.357358 0.00399993 0.0106727
0 0.848691 0.295141 0.00798841 0.0156106
0 0.97389 0.039778 0.013824 0.0257093
1 0.295513 0.238398 0.0135853 0.00457251
1 0.385778 0.53167 0.0151434 0.0119266
1 0.597702 0.27615 0.0222633 0.00758027
1 0.317361 0.956176 0.00562715 0.0146816
0 0.660826 0.355168 0.0223965 0.0359407
1 0.59707 0.318021 0.0236172 0.00718295
1 0.151111 0.636634 0.0151435 0.00500013
1 0.824066 0.135503 0.0150912 0.00564825
0 0.765545 0.110129 0.0131898 0.0250366
1 0.183824 0.6829 0.0137345 0.00537178
1 0.848275 0.128235 0.0153926 0.0036391
1 0.183565 0.0880329 0.0150236 0.0054754
1 0.183833 0.597642 0.015045 0.00469971
1 0.149924 0.363963 0.0138389 0.0047927
1 0.183821 0.724197 0.0144739 0.00482966
1 0.0190372 0.817127 0.00488836 0.0145051
1 0.551156 0.494708 0.0214439 0.00696348
1 0.550506 0.450414 0.0228936 0.0076782
0 0.904836 0.297032 0.0248215 0.0139115
1 0.918172 0.35498 0.00400424 0.0155878
1 0.317232 0.137083 0.00522338 0.0146391
1 0.152621 0.121335 0.0146712 0.00400242
1 0.151458 0.6201 0.0136879 0.00513796
1 0.157233 0.753499 0.0141153 0.0051277
1 0.295472 0.19823 0.0141112 0.0044899
1 0.374768 0.363056 0.0139397 0.0135855
1 0.184711 0.887613 0.0135781 0.00470402
1 0.73092 0.347844 0.00736043 0.0232384
1 0.156279 0.683616 0.0141272 0.00533176
1 0.0185379 0.0436459 0.00500911 0.0144938
1 0.86715 0.394582 0.0241198 0.00766279
1 0.184276 0.364516 0.0141518 0.00460384
1 0.662428 0.377075 0.0235467 0.00775625
1 0.150503 0.206043 0.015389 0.00507533
1 0.150963 0.574621 0.014128 0.00449815
1 0.150951 0.410086 0.0143843 0.00475824
1 0.824543 0.106735 0.0158555 0.00505406
0 0.708674 0.311748 0.0318957 0.0201768
1 0.351117 0.514443 0.0137374 0.0101397
1 0.0192204 0.521912 0.00509215 0.0139117
1 0.0187634 0.137303 0.00467682 0.0147384
1 0.324579 0.911405 0.0056919 0.0135441
1 0.0195312 0.264685 0.00466724 0.014092
1 0.159016 0.775875 0.0132369 0.00423757
1 0.80055 0.382251 0.00429466 0.0147522
1 0.150361 0.480204 0.0145649 0.0054023
1 0.316483 0.690981 0.00634756 0.0140633
1 0.0189151 0.691528 0.00487013 0.0149226
1 0.0187462 0.436199 0.00503094 0.0144781
1 0.31676 0.0965695 0.00538873 0.0139903
1 0.0188306 0.605004 0.00467569 0.0140606
1 0.0189383 0.351666 0.00522668 0.0151402
1 0.184178 0.575559 0.0135427 0.00508449
1 0.793139 0.53666 0.0111242 0.0040519
1 0.154374 0.0802212 0.0142 0.00512397
1 0.857586 0.526237 0.0108482 0.0290248
1 0.317252 0.860426 0.0056995 0.0133339
1 0.340072 0.378547 0.0149403 0.0114582
1 0.0192263 0.0948365 0.00531948 0.0144154
1 0.880121 0.525419 0.0103443 0.0283702
1 0.184173 0.916044 0.015267 0.00573405
1 0.184112 0.207817 0.0143469 0.00432094
1 0.15771 0.817521 0.0142817 0.00459577
1 0.778728 0.0563402 0.0243074 0.00780785
1 0.565166 0.276898 0.0214078 0.0103057
1 0.184018 0.752543 0.0137196 0.00513771
1 0.0187689 0.307747 0.00472288 0.0147154
1 0.926988 0.108618 0.00542475 0.0134578
1 0.0190259 0.733949 0.00526992 0.0141318
1 0.150668 0.533951 0.014058 0.00466487
1 0.66054 0.0158321 0.00588858 0.0154507
1 0.866638 0.350581 0.0227259 0.00869382
1 0.729619 0.242376 0.00910687 0.0233279
1 0.18313 0.166745 0.0135394 0.00473147
1 0.316183 0.732757 0.00550426 0.0143886
1 0.31568 0.775561 0.00551499 0.0136843
1 0.0186976 0.2225 0.0049363 0.0143623
1 0.317014 0.813664 0.00623953 0.0147581
1 0.836257 0.5257 0.0101478 0.0286124
1 0.0189865 0.17932 0.0059773 0.015965
1 0.379713 0.32672 0.00574018 0.0159206
1 0.018854 0.561881 0.00538293 0.0158329
1 0.15218 0.592164 0.0148568 0.00593304
1 0.018156 0.775143 0.00524388 0.0150769
0 0.7078 0.241692 0.0343424 0.02099
1 0.716658 0.0295505 0.00502202 0.0145146
1 0.286889 0.860182 0.0069915 0.0139526
1 0.156689 0.846602 0.0145434 0.00554932
1 0.869205 0.0330445 0.0153985 0.00549736
1 0.151074 0.294204 0.0148419 0.0045494
1 0.18385 0.667754 0.0135791 0.00477913
1 0.879155 0.430649 0.0102809 0.0295838
1 0.150197 0.277584 0.013141 0.00439669
1 0.814383 0.430866 0.0119915 0.0322593
1 0.0188021 0.393856 0.00451738 0.0142297
1 0.661643 0.331957 0.0235978 0.00698108
1 0.814695 0.525697 0.0119838 0.0280542
1 0.0186661 0.649625 0.00474193 0.014628
1 0.295182 0.308555 0.0145357 0.00498969
1 0.857801 0.430691 0.0108116 0.0298401
1 0.151025 0.322774 0.0143514 0.00456225
1 0.184586 0.276502 0.0127242 0.00525068
1 0.142686 0.385608 0.00517124 0.0137505
1 0.18477 0.410599 0.0145634 0.00475214
1 0.316731 0.0541157 0.00543726 0.0139553
1 0.151183 0.505822 0.0149482 0.00514018
1 0.0188199 0.479482 0.00473527 0.0143428
1 0.184716 0.322765 0.0142616 0.00486471
1 0.154861 0.0669011 0.0129411 0.00396927
1 0.884567 0.111308 0.00555708 0.0147782
1 0.630766 0.0153767 0.0051202 0.0154611
0 0.57766 0.597401 0.0303068 0.022125
1 0.73067 0.27844 0.00812599 0.0229237
0 0.593402 0.477422 0.0139777 0.0253992
1 0.286716 0.955836 0.00582873 0.0149614
1 0.935617 0.521412 0.0140238 0.00516879
1 0.886689 0.272299 0.00405008 0.0150328
1 0.184492 0.294693 0.0142785 0.0050323
1 0.316838 0.466435 0.00626748 0.0132992
1 0.152478 0.150198 0.0149265 0.00597644
1 0.649643 0.25878 0.0217895 0.00765716
0 0.905954 0.487718 0.00767061 0.0158171
1 0.149869 0.334606 0.0129141 0.00576379
1 0.161284 0.187245 0.00501257 0.0139675
1 0.150323 0.665985 0.0148446 0.00600884
1 0.184781 0.8328 0.0133877 0.00408173
1 0.199014 0.983063 0.00537494 0.0141556
1 0.730793 0.312606 0.00855586 0.0228947
1 0.150765 0.439827 0.0151128 0.00479811
1 0.286922 0.0539615 0.00576566 0.0133852
1 0.316626 0.649336 0.00527782 0.0133299
1 0.150612 0.54539 0.0139319 0.00573286
1 0.847774 0.237726 0.00207444 0.0106878
1 0.849111 0.285584 0.00853266 0.00225664
1 0.184312 0.792337 0.0128284 0.00457457
1 0.390056 0.44807 0.0157423 0.0124981
1 0.191213 0.187245 0.00577009 0.0149352
1 0.987301 0.110577 0.00403976 0.0107961
1 0.286713 0.813724 0.00691914 0.0146099
1 0.184397 0.479649 0.0136466 0.00533782
1 0.286658 0.360335 0.00553381 0.0130161
1 0.286879 0.649159 0.00713539 0.0145461
1 0.157341 0.72436 0.0145814 0.00447189
1 0.286445 0.775163 0.00604986 0.0140712
1 0.184741 0.236696 0.0137361 0.00510729
1 0.597747 0.597718 0.00726881 0.0212068
1 0.836353 0.431065 0.0108259 0.0307779
1 0.856868 0.272776 0.00498362 0.0149294
1 0.357083 0.496796 0.00648445 0.00415958
1 0.28732 0.733028 0.00615705 0.0135277
1 0.317751 0.39784 0.00523126 0.011282
1 0.31563 0.360468 0.00458336 0.0132625
1 0.846607 0.17405 0.00461791 0.0141505
1 0.0490118 0.223003 0.00570722 0.014128
1 0.888309 0.354381 0.0050192 0.0151023
1 0.0492117 0.817378 0.00550747 0.014698
1 0.831687 0.283796 0.00276591 0.00711347
1 0.856468 0.111188 0.005098 0.0152212
1 0.150447 0.53502 0.013432 0.00495673
1 0.150551 0.450538 0.0139532 0.00452889
1 0.048974 0.605098 0.00556344 0.0146863
1 0.687998 0.348157 0.00869726 0.0217953
1 0.295578 0.279208 0.01419 0.00523711
1 0.287031 0.690045 0.00667972 0.0144834
1 0.184666 0.440001 0.0143998 0.0050535
1 0.295583 0.267932 0.0145064 0.0048522
1 0.662549 0.319409 0.0225321 0.00747515
0 0.66596 0.99496 0.0109279 0.00844336
1 0.287173 0.136304 0.00571535 0.0145864
1 0.183651 0.037329 0.0145942 0.00516658
1 0.28719 0.0962512 0.00580878 0.0135815
1 0.183768 0.639539 0.0144125 0.00625466
1 0.0488343 0.691316 0.00570708 0.0137121
