0 0.755255 0.571353 0.0155031 0.0082949
0 0.260899 0.761935 0.0244116 0.0128881
0 0.24838 0.949377 0.0122698 0.0233412
0 0.400344 0.770218 0.0238196 0.0127537
0 0.26357 0.666864 0.0224254 0.0123594
0 0.908717 0.500742 0.0153717 0.00849324
0 0.130238 0.989559 0.0234899 0.0121849
0 0.856227 0.319061 0.0240806 0.0124943
0 0.267661 0.693066 0.0244012 0.0125122
0 0.27903 0.948879 0.013282 0.0227501
0 0.399078 0.907044 0.0242319 0.0133046
0 0.419218 0.86855 0.012959 0.0235233
0 0.279338 0.725999 0.0129289 0.0242421
0 0.12716 0.614021 0.024032 0.01299
0 0.130262 0.950929 0.0245053 0.0122359
0 0.125918 0.675697 0.0233697 0.012641
0 0.716387 0.585182 0.0260551 0.0134683
0 0.799348 0.588281 0.0258434 0.013278
0 0.394127 0.846565 0.012552 0.0227997
0 0.303693 0.580895 0.0240091 0.0127169
0 0.401268 0.676292 0.02518 0.0128929
0 0.85245 0.586487 0.0235048 0.0125222
0 0.276678 0.82271 0.0128254 0.0222378
0 0.720148 0.303313 0.0174493 0.00888812
0 0.400527 0.617071 0.0244911 0.0126539
0 0.248377 0.901286 0.0124606 0.0229361
0 0.129779 0.855019 0.023883 0.012226
0 0.401722 0.989385 0.0251039 0.0127175
0 0.249162 0.851961 0.0119161 0.0238138
0 0.910737 0.533659 0.0158246 0.00808259
0 0.128201 0.796408 0.0239717 0.0129012
0 0.12705 0.734769 0.0245112 0.0129111
0 0.225104 0.573159 0.023543 0.0122808
1 0.276602 0.808175 0.0146882 0.00495554
0 0.130244 0.904975 0.0236123 0.012857
0 0.797107 0.63742 0.051379 0.0388122
0 0.262396 0.788186 0.0246711 0.0132117
0 0.400798 0.795453 0.0250663 0.0136992
1 0.248123 0.88658 0.0150321 0.00463842
0 0.280029 0.900897 0.0125692 0.0228575
2 0.794533 0.45464 0.171803 0.115561
2 0.352796 0.42385 0.216429 0.11611
0 0.40111 0.949496 0.0251435 0.0141256
1 0.419033 0.85404 0.0151333 0.00491621
1 0.29837 0.342808 0.0107188 0.037689
1 0.385876 0.769909 0.00461028 0.0149587
1 0.277835 0.667121 0.00501811 0.0141511
1 0.319612 0.343367 0.0105755 0.038548
1 0.38557 0.795248 0.00494766 0.0155179
1 0.252032 0.692633 0.00617892 0.014934
1 0.239658 0.573412 0.00544584 0.0142888
1 0.113676 0.796773 0.00552088 0.0150633
0 0.692959 0.980418 0.0130675 0.023084
1 0.386065 0.676087 0.00470161 0.0150607
1 0.826901 0.637142 0.0123512 0.0497318
1 0.24876 0.916291 0.0136336 0.00569741
1 0.245683 0.761823 0.00474054 0.0148161
1 0.145354 0.989041 0.00619274 0.0142446
1 0.744967 0.570932 0.00402282 0.00925908
1 0.393754 0.83247 0.0147068 0.00424526
0 0.333462 0.550386 0.0170955 0.00830078
1 0.319395 0.506291 0.0105324 0.0362935
1 0.14482 0.855226 0.00632954 0.014401
1 0.918115 0.500968 0.00337982 0.0087012
1 0.276457 0.343745 0.0110931 0.0380306
1 0.385949 0.61683 0.00494216 0.0151141
1 0.363396 0.506127 0.0102878 0.0355595
0 0.487423 0.40373 0.0092855 0.0155856
1 0.278871 0.964593 0.0170032 0.00765754
1 0.145353 0.950755 0.00567986 0.0136809
1 0.276829 0.788278 0.00523936 0.0142615
1 0.248555 0.934479 0.0144299 0.00530599
1 0.247063 0.788242 0.00567741 0.0149489
1 0.840953 0.31946 0.00481096 0.0141261
1 0.111574 0.734635 0.00592611 0.0150469
1 0.34124 0.343868 0.0107471 0.0378699
1 0.385141 0.505986 0.0102403 0.0351704
1 0.341145 0.506208 0.0104438 0.0358024
1 0.427815 0.343277 0.00964165 0.0362558
1 0.279034 0.886667 0.015469 0.00439916
1 0.731218 0.585246 0.00443624 0.0141239
1 0.363634 0.34353 0.011271 0.0382229
1 0.112098 0.613586 0.00528103 0.0143972
1 0.275468 0.762017 0.00590515 0.0146117
1 0.318458 0.581192 0.00511923 0.0148649
1 0.249027 0.964436 0.015173 0.00546452
1 0.298634 0.505938 0.0109249 0.0354746
1 0.700632 0.585062 0.00445138 0.0155413
1 0.276785 0.505998 0.0117116 0.0356099
1 0.405692 0.506291 0.0102672 0.0360239
1 0.385175 0.343303 0.0106331 0.0371231
1 0.783569 0.588721 0.00525715 0.0145877
1 0.276832 0.837728 0.0147873 0.00594136
1 0.254472 0.506354 0.0124942 0.0368459
1 0.449627 0.343898 0.0118837 0.0390819
1 0.730153 0.303275 0.00286077 0.0101825
1 0.111558 0.675711 0.00501146 0.0142909
1 0.278782 0.935026 0.0141361 0.00526641
1 0.449568 0.506558 0.0109452 0.0347914
1 0.870304 0.319022 0.00478075 0.0147129
1 0.427758 0.506983 0.0112493 0.0329927
1 0.254468 0.344052 0.012411 0.0376118
1 0.144932 0.905259 0.00644563 0.0148811
1 0.406804 0.343695 0.00968051 0.0383407
1 0.280196 0.916252 0.0131542 0.00588689
1 0.115358 0.989066 0.00560753 0.0140717
1 0.385402 0.988856 0.00402641 0.0144157
1 0.814477 0.58827 0.00533132 0.0148352
1 0.115127 0.905075 0.00619086 0.0140448
1 0.487099 0.393085 0.0106131 0.0045045
1 0.248565 0.66679 0.00665638 0.0145766
1 0.83853 0.586062 0.00443593 0.0149884
1 0.394076 0.861 0.0147448 0.00640969
1 0.209507 0.57299 0.00605857 0.0138967
1 0.869054 0.533419 0.00862722 0.0338879
1 0.828473 0.532104 0.00822824 0.0365801
1 0.114876 0.854748 0.0054923 0.0141029
1 0.814875 0.532876 0.00809078 0.035841
1 0.115046 0.950625 0.00601694 0.0144694
1 0.76479 0.638202 0.0108368 0.0447743
1 0.416291 0.676714 0.00515747 0.0131171
1 0.385425 0.949196 0.00544179 0.0164249
1 0.143577 0.796212 0.00576207 0.0153367
1 0.249436 0.838237 0.0138682 0.0046705
1 0.41612 0.795336 0.00575397 0.0151811
1 0.766791 0.637631 0.0111922 0.0442988
1 0.90337 0.533798 0.00459577 0.00810786
1 0.384957 0.907446 0.00449421 0.0145943
1 0.8009 0.533474 0.00746799 0.0348185
1 0.416251 0.616954 0.0053659 0.0136852
1 0.287756 0.580507 0.00678807 0.0145726
1 0.774037 0.53203 0.00767555 0.0377852
1 0.814835 0.36943 0.00871683 0.0399096
1 0.416155 0.989793 0.00533604 0.0128381
1 0.841874 0.532258 0.00882865 0.0359251
1 0.855447 0.532886 0.00900244 0.0356834
1 0.415509 0.769524 0.00630898 0.0145011
1 0.760271 0.532679 0.00806121 0.0359502
1 0.692839 0.965604 0.014032 0.0039232
1 0.787334 0.532966 0.00798153 0.0357194
