2 0.476353 0.32523 0.104244 0.103075
0 0.786216 0.534914 0.0258059 0.0151699
0 0.770589 0.684896 0.0252257 0.0133229
0 0.721265 0.885827 0.0153029 0.0261798
0 0.166839 0.201503 0.0121147 0.0233034
0 0.198097 0.0256051 0.013067 0.0238541
0 0.584489 0.714189 0.0129271 0.0232654
0 0.166812 0.379121 0.0126562 0.0221429
0 0.180809 0.0886973 0.0235605 0.0122233
0 0.16742 0.515157 0.0117074 0.0223477
0 0.19805 0.467351 0.0128148 0.0233073
0 0.166418 0.249468 0.01164 0.0227324
0 0.197875 0.557784 0.0128089 0.0229511
0 0.229962 0.9104 0.0242197 0.0126858
0 0.317665 0.418816 0.0233886 0.0129452
0 0.318338 0.597158 0.0226416 0.0129328
0 0.696822 0.743366 0.014072 0.0255485
0 0.197798 0.514866 0.0122674 0.0225015
0 0.197869 0.378782 0.0124835 0.0224265
0 0.166705 0.426872 0.0125338 0.0222813
0 0.167313 0.557563 0.0123214 0.0226104
0 0.319074 0.0956961 0.0237573 0.0128937
0 0.0468643 0.0968786 0.0229652 0.0115636
0 0.197345 0.337568 0.0124787 0.0236135
0 0.337925 0.169226 0.012944 0.0233286
0 0.198349 0.201241 0.0122932 0.0236692
0 0.0492937 0.417987 0.0243872 0.0132344
0 0.167467 0.152018 0.0124074 0.0230135
0 0.16744 0.337677 0.0125644 0.0235592
0 0.31691 0.503425 0.0233018 0.0130727
0 0.609916 0.713314 0.0156476 0.0246103
0 0.222292 0.630875 0.0233766 0.0118915
0 0.768283 0.489047 0.0193132 0.0305274
0 0.19764 0.426392 0.0129389 0.0211162
0 0.0487733 0.376113 0.0244779 0.0125444
0 0.167687 0.46776 0.0125266 0.0225927
0 0.167522 0.607823 0.0129654 0.0237277
0 0.317245 0.206698 0.0233623 0.0124371
0 0.0448958 0.0348664 0.023625 0.0126666
0 0.039756 0.820709 0.0233263 0.0119563
0 0.0486304 0.597801 0.0233968 0.0127355
0 0.0488143 0.205401 0.0240354 0.0124441
0 0.318288 0.377063 0.0228874 0.0129884
0 0.623929 0.747666 0.0276313 0.0145558
0 0.312441 0.146604 0.0122295 0.0234067
0 0.317641 0.546038 0.023381 0.01278
0 0.374468 0.919211 0.0202578 0.0331421
0 0.0488953 0.461022 0.0243 0.0129138
0 0.048964 0.333901 0.0242885 0.0123838
0 0.855015 0.97607 0.0149157 0.0269615
0 0.0491996 0.289396 0.0234253 0.0125328
0 0.0481489 0.504071 0.0239903 0.0130643
0 0.31888 0.335018 0.0236922 0.0126545
0 0.570708 0.339132 0.0159972 0.00856237
0 0.19502 0.123282 0.0125623 0.023303
0 0.197585 0.248908 0.0124508 0.0233831
0 0.732455 0.696539 0.021869 0.0347142
0 0.197599 0.290168 0.0125598 0.023973
0 0.230358 0.822651 0.0243096 0.0127912
0 0.0488784 0.250998 0.0233459 0.012531
0 0.179114 0.062019 0.024213 0.0125767
0 0.878523 0.720424 0.0327994 0.0202066
0 0.717268 0.982633 0.0249667 0.0127149
0 0.317278 0.461226 0.0239034 0.0134046
0 0.0491528 0.154792 0.0245725 0.0121366
0 0.658086 0.676336 0.0208558 0.0336075
0 0.31936 0.249227 0.0235343 0.0126822
1 0.167718 0.323222 0.0151264 0.00512498
0 0.0483649 0.545923 0.0234115 0.0124586
0 0.318607 0.0701881 0.0245626 0.0133877
1 0.584109 0.698996 0.0153496 0.00519011
1 0.33734 0.18332 0.0142702 0.00490761
0 0.970118 0.706739 0.0155176 0.00743197
1 0.198361 0.0113012 0.0151598 0.00476657
1 0.197709 0.322561 0.0150908 0.00584043
0 0.871088 0.750605 0.0253421 0.0145045
1 0.16726 0.216033 0.0140112 0.00500965
0 0.877329 0.976681 0.0148618 0.0268597
1 0.198305 0.481221 0.014256 0.00413091
1 0.801093 0.534617 0.00455944 0.0164639
0 0.830795 0.976151 0.0146377 0.0268595
0 0.878366 0.685394 0.0323341 0.0205395
1 0.197439 0.363722 0.0148561 0.00476981
1 0.167828 0.543576 0.015184 0.00437496
1 0.0596944 0.0348601 0.00518342 0.0143082
1 0.374229 0.940342 0.0233616 0.00822374
1 0.721271 0.869893 0.0164707 0.00483585
0 0.970071 0.690339 0.0155852 0.0075157
4 0.577076 0.546602 0.171494 0.168826
0 0.319523 0.28985 0.0230348 0.0121409
1 0.167605 0.481666 0.0138401 0.00456882
1 0.19508 0.138102 0.0141333 0.00511124
1 0.332129 0.418828 0.00563134 0.0141841
1 0.33199 0.206785 0.00556642 0.014626
0 0.840146 0.435716 0.0163661 0.00963974
1 0.197358 0.543609 0.0147669 0.00447358
0 0.868629 0.652059 0.0254407 0.014683
1 0.332505 0.597273 0.00544107 0.0147636
1 0.167259 0.440566 0.0152619 0.00468176
1 0.167456 0.364434 0.0158516 0.00550974
0 0.611743 0.359614 0.0132968 0.0234805
1 0.33198 0.503759 0.00547534 0.0148784
0 0.843201 0.535112 0.00870608 0.0169058
1 0.584482 0.72934 0.0160169 0.00569747
1 0.167506 0.137139 0.0146421 0.00439972
0 0.167373 0.289782 0.0122094 0.0236307
1 0.88641 0.751027 0.0055804 0.0179508
1 0.197536 0.43994 0.0142005 0.004987
1 0.16765 0.166333 0.0157934 0.00577134
1 0.166807 0.393305 0.0141536 0.00551927
1 0.0343801 0.250625 0.00505213 0.0148639
0 0.611896 0.279464 0.0132052 0.0224017
1 0.0341461 0.154738 0.00512473 0.0140085
1 0.855629 0.750253 0.0055063 0.0173088
1 0.312411 0.161086 0.0131718 0.0051939
1 0.785617 0.684558 0.00427077 0.016616
1 0.198403 0.215504 0.0138422 0.00449259
1 0.0341314 0.334257 0.00498372 0.0137211
1 0.658006 0.696534 0.0227318 0.0074451
1 0.166651 0.411656 0.0137532 0.00509296
1 0.244761 0.910577 0.00580525 0.0148918
1 0.165768 0.0888178 0.00588239 0.0149961
1 0.244767 0.823501 0.00541193 0.0154814
1 0.198 0.412335 0.0146739 0.00570744
1 0.609945 0.69919 0.0159304 0.00387692
1 0.197865 0.27673 0.0142275 0.00353891
1 0.197969 0.392996 0.014672 0.00537003
1 0.0341989 0.417851 0.00496405 0.0148733
1 0.0338157 0.460787 0.00528449 0.0157041
1 0.721089 0.901127 0.0167599 0.00475824
1 0.0340703 0.546263 0.00504664 0.0137694
1 0.73254 0.676387 0.0231085 0.00598689
1 0.167652 0.528638 0.0134257 0.00451579
1 0.197842 0.0408211 0.015105 0.00582327
1 0.333816 0.0957134 0.00516497 0.0154208
1 0.333982 0.070108 0.00576807 0.0156163
1 0.19776 0.528559 0.0136233 0.00469352
1 0.302299 0.461069 0.00631939 0.0146696
1 0.198008 0.572434 0.0148423 0.00564838
1 0.215164 0.910318 0.00431467 0.0150628
1 0.197534 0.262417 0.0138804 0.00416471
1 0.333621 0.33473 0.00526322 0.0143031
1 0.732072 0.982486 0.00519849 0.0138016
2 0.820157 0.482425 0.0443852 0.0241714
1 0.768832 0.510199 0.0222716 0.00908042
1 0.167377 0.572151 0.0147804 0.00598932
1 0.732769 0.718424 0.0245156 0.00924045
1 0.770922 0.534623 0.00447007 0.0165508
1 0.302639 0.545883 0.0059104 0.0146094
1 0.656893 0.653461 0.0225654 0.00781037
1 0.333318 0.376637 0.00623994 0.0143108
1 0.0341795 0.205389 0.00470951 0.0142824
1 0.576334 0.448789 0.0225375 0.0187523
1 0.0252876 0.820504 0.00555316 0.0152694
1 0.33202 0.545871 0.00573361 0.0142474
1 0.557541 0.284702 0.0607574 0.0241
1 0.215836 0.822886 0.00482977 0.0148962
1 0.581181 0.339231 0.00408867 0.00950172
1 0.0339094 0.597749 0.00491808 0.0144267
1 0.0335713 0.375792 0.00522135 0.0153623
1 0.167688 0.276159 0.0141916 0.00393155
1 0.302593 0.503603 0.00590515 0.0153849
1 0.0343169 0.288594 0.00493354 0.0150399
1 0.857355 0.719889 0.00862409 0.0233123
1 0.166823 0.262875 0.012866 0.00431908
1 0.331959 0.461429 0.00562358 0.0135436
1 0.167414 0.186325 0.0158162 0.00623747
1 0.611104 0.292077 0.0136027 0.00418604
1 0.609838 0.728872 0.0159315 0.00548122
1 0.856548 0.685556 0.00842623 0.0253809
1 0.606826 0.747964 0.0053457 0.0166993
1 0.166902 0.441812 0.0152144 0.0049723
1 0.207777 0.631164 0.00527352 0.0136385
1 0.830973 0.50269 0.0235873 0.014524
1 0.0335627 0.503833 0.00480595 0.0145196
1 0.854641 0.959164 0.0163388 0.00573018
1 0.407405 0.326601 0.0318816 0.0956329
1 0.768404 0.46952 0.0221199 0.00887786
1 0.697043 0.728756 0.0150484 0.00467394
1 0.197213 0.441066 0.0138662 0.00544751
1 0.374463 0.897303 0.0224278 0.0105172
1 0.899252 0.685521 0.00722316 0.0205567
1 0.302435 0.205797 0.00662194 0.0142586
1 0.167635 0.623194 0.0140392 0.00597544
1 0.029311 0.0344761 0.00620539 0.0145698
1 0.830621 0.959348 0.016547 0.00560548
1 0.302807 0.417941 0.00670039 0.0151407
1 0.236642 0.630757 0.00486393 0.0134382
1 0.97926 0.690003 0.00432637 0.00906003
1 0.197741 0.305824 0.0156362 0.00700463
1 0.30295 0.596714 0.00632877 0.014252
1 0.557851 0.363149 0.0616097 0.0256108
1 0.805753 0.503186 0.00924733 0.0156119
1 0.338312 0.15417 0.0151701 0.00567968
1 0.899566 0.718479 0.00734592 0.0216371
1 0.303455 0.0950198 0.00700331 0.0144979
1 0.767801 0.467817 0.0239153 0.0092432
1 0.0336327 0.0971636 0.00441703 0.0132821
1 0.193456 0.0616534 0.0049342 0.0139439
1 0.194748 0.107896 0.0143996 0.00571496
1 0.697511 0.759459 0.0171045 0.00563012
1 0.334125 0.289287 0.0056611 0.0139139
1 0.334707 0.249548 0.00685798 0.01435
1 0.9793 0.706721 0.00375929 0.0091741
1 0.852944 0.652235 0.00579584 0.0158796
1 0.87715 0.959358 0.0156301 0.00574512
1 0.0647589 0.417904 0.00562851 0.0143975
1 0.701531 0.98237 0.00565369 0.0149843
1 0.82171 0.462274 0.0120309 0.0149832
1 0.754987 0.684821 0.00424526 0.0140324
1 0.303392 0.334058 0.00627518 0.0143808
1 0.197697 0.233251 0.0147259 0.00687743
1 0.301813 0.204454 0.00680311 0.014076
1 0.196682 0.306614 0.0129479 0.00672462
