2 0.847182 0.479984 0.0818149 0.0614543
0 0.0346358 0.605993 0.0243839 0.0128083
0 0.848626 0.142345 0.0129086 0.0236363
0 0.815037 0.358278 0.0165644 0.0088889
0 0.151203 0.651696 0.012617 0.0228995
0 0.150757 0.425251 0.0125691 0.0231355
0 0.903898 0.355309 0.0256071 0.0144777
0 0.949297 0.536265 0.0163851 0.0100038
0 0.184926 0.309692 0.012079 0.0217613
0 0.185245 0.654461 0.0124672 0.0225815
0 0.18345 0.153671 0.0127574 0.0231488
0 0.883498 0.141104 0.0228266 0.0118516
0 0.150692 0.350352 0.0126329 0.0233049
2 0.358606 0.378214 0.0219775 0.0456551
0 0.03413 0.692576 0.0245578 0.0124088
0 0.184848 0.425434 0.012676 0.02318
0 0.150975 0.309662 0.01227 0.0216154
0 0.185011 0.820182 0.0122099 0.0233416
0 0.0339507 0.65071 0.0234619 0.01292
0 0.977843 0.111051 0.0170286 0.0102385
0 0.825385 0.122436 0.0129379 0.0228911
0 0.152686 0.606109 0.0123202 0.0223833
0 0.185058 0.222689 0.0126141 0.0219262
1 0.38645 0.498887 0.0148738 0.0108009
0 0.869252 0.0490348 0.0136873 0.025282
0 0.0340338 0.222905 0.0247978 0.0128651
0 0.157893 0.698442 0.0126719 0.0234191
0 0.295095 0.253283 0.0123855 0.0228622
1 0.630884 0.276579 0.0241105 0.00765347
0 0.0347055 0.818025 0.0243527 0.0120026
0 0.184515 0.104291 0.0128426 0.0233934
0 0.86044 0.174314 0.0226571 0.0121881
0 0.150411 0.22033 0.013331 0.0237116
0 0.0338706 0.137566 0.0240443 0.0121606
0 0.150533 0.561649 0.0122084 0.0226246
0 0.157156 0.386089 0.0219622 0.0115734
0 0.30191 0.775359 0.0216515 0.0117583
0 0.30987 0.912024 0.0236876 0.0118792
0 0.1849 0.738831 0.0124422 0.022925
0 0.185279 0.350234 0.0123079 0.0232656
0 0.302853 0.814723 0.024533 0.0136178
0 0.15224 0.135902 0.0121001 0.0232444
0 0.597152 0.29774 0.021312 0.0334505
0 0.867698 0.373711 0.021678 0.0351158
0 0.302196 0.69128 0.0239443 0.013299
0 0.0338502 0.307692 0.0241929 0.0125279
0 0.18508 0.780328 0.0123457 0.0233888
0 0.663599 0.297497 0.0213894 0.0370948
0 0.185327 0.263748 0.0122108 0.0219374
0 0.302655 0.861531 0.0226143 0.0125939
0 0.03383 0.479823 0.0239902 0.012196
0 0.0337433 0.0450844 0.0242032 0.01196
0 0.184002 0.612218 0.0124524 0.0225242
0 0.550948 0.473897 0.0204191 0.0346313
0 0.157787 0.832085 0.0134501 0.0230949
0 0.0336608 0.394325 0.0241596 0.012736
0 0.815246 0.38184 0.023854 0.0118149
0 0.302451 0.0965875 0.022365 0.0121556
0 0.295835 0.294497 0.0122402 0.024406
0 0.87122 0.112259 0.0227837 0.0122359
0 0.649943 0.238082 0.0211127 0.0343078
0 0.15115 0.465657 0.012593 0.0239648
0 0.183701 0.697717 0.0120323 0.0227986
1 0.184394 0.846976 0.0145984 0.00475055
0 0.302339 0.956148 0.0240579 0.0131394
0 0.304472 0.466774 0.0207817 0.0116067
0 0.302261 0.732711 0.023742 0.0122616
0 0.185468 0.0526472 0.0123432 0.0228499
0 0.302622 0.0534227 0.0237757 0.0126875
0 0.184896 0.901608 0.0128064 0.0218587
0 0.0335777 0.522539 0.0242142 0.0123385
0 0.0342849 0.776481 0.0248635 0.0130385
0 0.564947 0.297004 0.0189438 0.0283319
0 0.294968 0.212449 0.0123428 0.0232311
0 0.631137 0.297219 0.0209739 0.0332977
0 0.702988 0.0303214 0.0235324 0.0117482
0 0.154314 0.0539623 0.0126681 0.0233663
0 0.0338038 0.094731 0.0230513 0.0123747
0 0.304661 0.428391 0.0220212 0.0111673
0 0.0345223 0.436753 0.0243896 0.0125611
0 0.848811 0.295192 0.00739651 0.0145644
0 0.153957 0.0951854 0.0124382 0.0223008
0 0.645301 0.015632 0.0248122 0.0134845
0 0.0343987 0.180499 0.023222 0.0123964
0 0.912851 0.109003 0.0233674 0.0118549
0 0.185074 0.561657 0.0124226 0.0227673
0 0.184838 0.860883 0.0124875 0.022671
0 0.301669 0.360245 0.0233115 0.0122808
0 0.779043 0.0351744 0.0211749 0.0327511
0 0.0336555 0.735086 0.023806 0.013215
0 0.0336676 0.264973 0.024232 0.0126443
1 0.37487 0.395284 0.0146054 0.0134185
0 0.15077 0.520856 0.0133102 0.0225005
0 0.302832 0.136844 0.0235689 0.012557
0 0.793425 0.526853 0.00944519 0.0165785
0 0.708999 0.349702 0.0330192 0.0209305
0 0.185038 0.983364 0.0235707 0.0127423
0 0.0341442 0.563533 0.0242681 0.0123511
0 0.176328 0.187915 0.0239761 0.0128248
0 0.365607 0.327362 0.0239518 0.0130248
0 0.973845 0.0401345 0.0132424 0.0245589
0 0.0337518 0.351588 0.023971 0.013005
0 0.95429 0.336818 0.0251288 0.0125557
0 0.935914 0.506937 0.0124093 0.0246928
0 0.158456 0.790459 0.0123368 0.0227923
0 0.184564 0.466142 0.0115182 0.0233332
0 0.295619 0.171846 0.012273 0.0231686
1 0.91819 0.355522 0.00457132 0.0160371
0 0.710364 0.278489 0.0344021 0.020389
0 0.872082 0.272834 0.0259396 0.0134006
0 0.302284 0.649867 0.0240599 0.0129234
1 0.649513 0.216368 0.0222519 0.00763876
0 0.766069 0.11034 0.0125537 0.0239942
1 0.184125 0.0889407 0.015781 0.00525972
1 0.386498 0.5325 0.0152299 0.0125281
2 0.36897 0.516033 0.0191938 0.0466562
2 0.372657 0.448926 0.0189389 0.0478139
0 0.397573 0.797122 0.0279922 0.0148409
1 0.317714 0.95649 0.00557115 0.0148955
0 0.662825 0.356141 0.0208101 0.0349221
1 0.779499 0.057141 0.0239372 0.00816471
0 0.157899 0.740488 0.0126509 0.0226283
1 0.564927 0.276927 0.021887 0.00972107
1 0.564998 0.316687 0.0216308 0.00996708
0 0.906803 0.488324 0.00778992 0.0159016
1 0.150788 0.364493 0.0141137 0.00495976
1 0.825235 0.357996 0.00338076 0.0102321
0 0.838256 0.237698 0.0166334 0.00896355
1 0.375255 0.363003 0.0134145 0.0134934
1 0.596741 0.318445 0.0227909 0.00898002
0 0.709386 0.311543 0.0313669 0.0182819
1 0.184077 0.598044 0.0146571 0.00397516
1 0.153792 0.0811067 0.0146381 0.00464851
1 0.0191183 0.6925 0.00494201 0.0142207
1 0.019553 0.818095 0.00506835 0.0137041
1 0.869758 0.0327599 0.0163175 0.00578071
1 0.355696 0.464693 0.0140717 0.0120651
1 0.185061 0.365127 0.0139502 0.00559478
1 0.316784 0.861573 0.00582398 0.0131762
1 0.151033 0.323324 0.0136076 0.00462973
1 0.295295 0.239002 0.0140403 0.00476199
1 0.158603 0.817501 0.0156041 0.00521219
1 0.317368 0.69136 0.00558919 0.0146362
0 0.824458 0.283923 0.0146818 0.00706394
1 0.183968 0.683557 0.0142876 0.00503334
1 0.867837 0.394385 0.0233922 0.0082767
0 0.593642 0.47754 0.0122536 0.0241147
1 0.157795 0.754477 0.0142477 0.00537059
1 0.152574 0.121758 0.0144315 0.00412145
1 0.597771 0.275938 0.0233595 0.00751305
1 0.0190527 0.0449576 0.00499834 0.0137184
0 0.905651 0.297357 0.024895 0.0130937
1 0.550598 0.451169 0.022737 0.00803256
1 0.31786 0.814601 0.00568552 0.0148873
1 0.295424 0.19866 0.0141432 0.00453585
1 0.1514 0.480354 0.0147215 0.00520218
1 0.551097 0.494998 0.0228135 0.0070687
1 0.151869 0.637011 0.0153729 0.00512945
1 0.355992 0.432129 0.0138222 0.0107295
1 0.339863 0.378844 0.015531 0.011736
1 0.660585 0.0157812 0.00614973 0.0157045
1 0.730857 0.313028 0.00849033 0.0227134
1 0.0191712 0.52243 0.00551093 0.0139329
1 0.800475 0.381765 0.00457276 0.0145876
1 0.779313 0.0139917 0.0246503 0.00772982
1 0.0192275 0.137391 0.00445859 0.0141902
1 0.663606 0.276613 0.022212 0.00732231
1 0.0192725 0.265025 0.00496539 0.014052
1 0.150589 0.534849 0.0135014 0.00409536
1 0.157194 0.846723 0.0143186 0.00539667
1 0.150753 0.206844 0.0151759 0.00435085
1 0.662934 0.377195 0.0238711 0.00738507
0 0.304217 0.39731 0.0222288 0.0114839
1 0.0190253 0.222802 0.0047182 0.0149014
1 0.018949 0.479708 0.00502439 0.0139786
1 0.157487 0.683712 0.0141399 0.00488975
1 0.158799 0.776728 0.0135907 0.00399518
1 0.629954 0.0154513 0.00460159 0.0155579
1 0.185188 0.0671054 0.0140596 0.00576158
1 0.0199518 0.180151 0.00512214 0.0148242
1 0.152404 0.592001 0.0149085 0.00561786
1 0.316781 0.732632 0.00550483 0.0135678
1 0.185035 0.668427 0.0142867 0.00522563
0 0.708926 0.242394 0.0341644 0.0214759
1 0.0189896 0.735079 0.00530003 0.0150749
0 0.151133 0.26476 0.0124121 0.0209212
1 0.184922 0.753051 0.0145081 0.0047019
1 0.649578 0.259502 0.0214191 0.00783812
1 0.31714 0.0537192 0.00517867 0.0141348
1 0.296136 0.309088 0.0149814 0.00522398
1 0.316726 0.096584 0.00544432 0.0140182
1 0.150561 0.575233 0.01354 0.00481221
1 0.848174 0.128595 0.0145721 0.00311511
1 0.151851 0.295201 0.015217 0.005759
1 0.150782 0.666474 0.0150837 0.00607681
1 0.0188603 0.351703 0.00479872 0.0140004
1 0.143497 0.386015 0.00500724 0.014083
1 0.31696 0.137099 0.00500407 0.0144782
1 0.185162 0.277369 0.0141054 0.00541912
1 0.184909 0.57624 0.0142735 0.00594986
1 0.185085 0.888053 0.0138965 0.00451591
1 0.973555 0.0258923 0.0150995 0.00409288
1 0.0192871 0.437071 0.0048926 0.0143738
1 0.0191084 0.30765 0.00454886 0.0139347
1 0.184716 0.794509 0.0144111 0.00488844
1 0.858052 0.52622 0.00996687 0.0295158
1 0.867179 0.350623 0.0213532 0.00782882
1 0.731418 0.34972 0.0083847 0.0234604
1 0.765941 0.0960095 0.0131619 0.00473645
0 0.576968 0.597906 0.0304927 0.0226883
1 0.662399 0.333039 0.0240848 0.00950585
1 0.824891 0.136097 0.0140033 0.00494575
1 0.688489 0.349322 0.00770106 0.0223906
1 0.184783 0.323516 0.0137972 0.00446148
1 0.0192991 0.776639 0.00501025 0.0146162
1 0.351167 0.514521 0.0149534 0.0099572
1 0.0192531 0.605886 0.00490513 0.0147784
1 0.184568 0.916313 0.015071 0.00570722
1 0.729894 0.243207 0.00820185 0.0231228
1 0.183364 0.167446 0.0134983 0.00438726
1 0.184498 0.295392 0.0146675 0.00606527
1 0.151317 0.410536 0.0149068 0.00534236
1 0.15234 0.620038 0.0139285 0.00513596
1 0.814849 0.431025 0.0115789 0.0314846
1 0.847146 0.174809 0.00443587 0.0138167
1 0.884956 0.112026 0.0047765 0.0132639
1 0.87971 0.430724 0.0104179 0.0291852
1 0.858214 0.430993 0.0112959 0.0299877
1 0.856961 0.112204 0.00514271 0.0146342
1 0.836886 0.525989 0.010643 0.0295026
1 0.151267 0.440178 0.015331 0.00469614
1 0.151189 0.277178 0.0128845 0.00406184
1 0.199556 0.982946 0.00563536 0.0140915
1 0.32486 0.912067 0.00574403 0.0134974
1 0.887168 0.272586 0.00372696 0.0151159
1 0.0191847 0.0943493 0.00527494 0.0148884
1 0.152448 0.150608 0.014834 0.00579929
1 0.0190115 0.394286 0.00461181 0.0146305
1 0.317593 0.649561 0.00588345 0.0145144
1 0.824683 0.107769 0.0153779 0.00559786
1 0.879959 0.525858 0.0112526 0.0286185
1 0.184968 0.236622 0.0139273 0.0052908
1 0.987757 0.110996 0.00360176 0.0109162
1 0.0189935 0.650725 0.00510173 0.0143423
1 0.0194894 0.563478 0.0043971 0.0147347
1 0.157923 0.713128 0.0143525 0.00495979
1 0.295855 0.26775 0.014778 0.00502389
1 0.73176 0.278891 0.00758118 0.023159
1 0.161596 0.188013 0.00525836 0.0137929
1 0.380504 0.32763 0.00599217 0.0157765
1 0.927076 0.108782 0.00536984 0.013148
1 0.184684 0.410689 0.0149565 0.00543779
1 0.154543 0.0676634 0.013511 0.00447739
1 0.315611 0.775243 0.00486971 0.0130927
1 0.184397 0.119008 0.0146698 0.00605185
1 0.390505 0.448125 0.0168604 0.013734
1 0.868644 0.0646646 0.0159444 0.00519795
1 0.593472 0.463159 0.0147439 0.00464558
1 0.630929 0.319231 0.0228654 0.00792141
1 0.287036 0.956334 0.00605417 0.0151904
1 0.286948 0.0539865 0.00583608 0.0141096
1 0.183269 0.139354 0.0156566 0.00613239
1 0.184647 0.724805 0.0145042 0.00550723
1 0.84755 0.238277 0.00199634 0.00999641
1 0.28739 0.732514 0.00632608 0.0142271
1 0.0489933 0.606032 0.00572083 0.014465
1 0.857205 0.273049 0.00516866 0.0147522
1 0.287143 0.649791 0.00680279 0.013917
1 0.836956 0.431221 0.0106091 0.0314108
1 0.286868 0.814812 0.00628084 0.0154917
1 0.287099 0.360163 0.00599705 0.0135802
1 0.317736 0.466985 0.00612224 0.0121436
1 0.0489317 0.222657 0.00574039 0.0149145
1 0.0491086 0.776673 0.00551149 0.0148766
1 0.0489605 0.307923 0.00565428 0.0147533
1 0.597692 0.598271 0.00803444 0.0217302
1 0.0492378 0.818144 0.00529593 0.0135393
1 0.190849 0.187828 0.00532447 0.013944
1 0.15039 0.235879 0.0143708 0.00597763
1 0.0490082 0.479865 0.00590429 0.0144422
1 0.870589 0.140835 0.00369825 0.0130503
1 0.815302 0.526158 0.0106222 0.0291145
1 0.287087 0.690964 0.00622512 0.0146796
1 0.287383 0.86124 0.00678156 0.0136502
1 0.150668 0.536024 0.0134345 0.00477112
1 0.0492171 0.264676 0.00530189 0.014596
3 0.347158 0.990706 0.0269116 0.0145235
1 0.38001 0.797346 0.0055744 0.0173941
1 0.315698 0.360272 0.0040574 0.0133786
1 0.0489569 0.137744 0.00571038 0.0140272
1 0.688789 0.278071 0.00812268 0.0222039
1 0.169904 0.983929 0.00598546 0.0139986
1 0.0491919 0.692573 0.0056275 0.0137701
1 0.150739 0.450638 0.0141439 0.00478144
1 0.830333 0.381835 0.00553194 0.0145626
1 0.286877 0.775078 0.00647057 0.0133002
0 0.957814 0.508553 0.00917209 0.0195216
1 0.295219 0.91198 0.00606815 0.0139382
1 0.415378 0.798861 0.00706863 0.0185454
1 0.184519 0.479943 0.0125906 0.00429819
