0 0.46037 0.936224 0.0150696 0.00886536
0 0.13834 0.0338782 0.0160355 0.00858573
0 0.154737 0.767337 0.00836271 0.016129
0 0.0297096 0.120966 0.0258643 0.0129938
0 0.455818 0.755762 0.0247856 0.0126276
0 0.730783 0.130373 0.0399491 0.0261161
0 0.0824664 0.917396 0.0250592 0.0138755
0 0.494491 0.973872 0.00881386 0.015845
0 0.748233 0.854763 0.00921368 0.0155818
0 0.0088355 0.975377 0.0144071 0.0248943
0 0.0800355 0.722068 0.0191602 0.0296303
0 0.453129 0.884495 0.0155655 0.0080669
0 0.79571 0.74124 0.00879775 0.0147345
0 0.0824438 0.119289 0.0238626 0.0131556
0 0.970129 0.126554 0.0224543 0.0114834
0 0.710352 0.0391545 0.00802662 0.0153432
0 0.0979427 0.767434 0.0258473 0.0151927
0 0.559328 0.70967 0.0239031 0.0126326
0 0.0444918 0.928366 0.0201787 0.0332735
0 0.740363 0.189772 0.0212952 0.0353585
0 0.705157 0.208937 0.0164287 0.00880734
0 0.457025 0.919099 0.015331 0.00860546
0 0.772068 0.781179 0.0093617 0.0159438
0 0.729068 0.704322 0.0164501 0.00983823
0 0.433822 0.128333 0.0432063 0.0248969
0 0.809336 0.838762 0.00943325 0.0154836
0 0.441169 0.0283005 0.0156485 0.00816001
0 0.183388 0.983266 0.0267375 0.0140286
1 0.377131 0.188032 0.0188995 0.0405676
3 0.421945 0.188766 0.0706663 0.0557352
0 0.731237 0.854671 0.00776397 0.0151377
0 0.371428 0.126674 0.023685 0.0127614
0 0.669128 0.126935 0.0221085 0.0121611
0 0.61963 0.189226 0.0266876 0.0151423
0 0.45313 0.0897917 0.0154817 0.00818348
0 0.459315 0.990023 0.0156345 0.0082183
0 0.528836 0.982873 0.0127982 0.0238814
0 0.734073 0.612817 0.0122379 0.0235013
0 0.460058 0.971188 0.0164322 0.00849339
0 0.696596 0.861063 0.0152087 0.00777917
0 0.554998 0.225394 0.0150173 0.00871438
0 0.456459 0.90197 0.0156418 0.00826007
0 0.352174 0.986684 0.0168703 0.00927522
0 0.500372 0.770313 0.0142361 0.00793282
0 0.460397 0.952724 0.0148945 0.00829284
0 0.34283 0.895449 0.0170372 0.00880757
0 0.862071 0.861158 0.0168278 0.00901438
0 0.281431 0.939366 0.0158802 0.00800861
0 0.180748 0.884866 0.0254189 0.0148897
0 0.591217 0.78823 0.00853398 0.0161085
0 0.57429 0.204723 0.0272447 0.0148938
0 0.574934 0.181325 0.0255945 0.0138216
1 0.0445319 0.908733 0.022896 0.0066497
1 0.73388 0.597848 0.0150507 0.00529317
0 0.140536 0.0659681 0.0149063 0.00731801
0 0.844854 0.80145 0.0142884 0.0231483
0 0.577743 0.920899 0.0084069 0.015162
0 0.19032 0.952184 0.0343708 0.0211581
1 0.715014 0.208993 0.00287484 0.0101974
1 0.154455 0.777567 0.00910571 0.00324037
0 0.409132 0.0408359 0.00795211 0.0145919
1 0.80945 0.848596 0.0109039 0.00351215
0 0.810315 0.166372 0.0351846 0.0208991
0 0.455411 0.846146 0.00869463 0.015269
0 0.470839 0.845405 0.00859314 0.0153375
0 0.487446 0.841833 0.00961638 0.0149527
0 0.791689 0.204216 0.0325844 0.0215198
0 0.702234 0.723252 0.0150905 0.00800442
0 0.380056 0.972476 0.0163453 0.0094223
0 0.190658 0.918392 0.0319784 0.0204593
0 0.281489 0.922472 0.0145508 0.008145
0 0.553935 0.965598 0.00858613 0.015957
1 0.590273 0.205249 0.00403426 0.0164512
0 0.151978 0.668268 0.0159761 0.00904058
0 0.792469 0.839085 0.00767061 0.0149891
0 0.729387 0.685901 0.0160436 0.00915777
1 0.0446555 0.950374 0.0244317 0.00859114
1 0.739466 0.704104 0.0040736 0.0100563
1 0.832528 0.166699 0.00803394 0.0230405
2 0.132814 0.71462 0.0460334 0.0245361
0 0.695478 0.974282 0.00832367 0.0154801
1 0.845147 0.815562 0.0155482 0.00464655
1 0.0973825 0.917004 0.00422826 0.0160284
1 0.466949 0.186274 0.0183201 0.0414045
1 0.738313 0.685854 0.00277541 0.0104067
1 0.167419 0.9829 0.00457254 0.0167092
0 0.739872 0.0310179 0.0147956 0.00849371
1 0.956769 0.126674 0.00426102 0.0137172
1 0.441485 0.755678 0.00426364 0.0147088
1 0.097085 0.119672 0.00546011 0.0151923
0 0.750878 0.0876999 0.0148644 0.00758228
1 0.740346 0.169354 0.0222127 0.00674695
0 0.693417 0.928263 0.00851372 0.0144474
1 0.748105 0.863976 0.0092689 0.00272557
1 0.112676 0.767428 0.00462305 0.0173863
1 0.589474 0.181377 0.00419867 0.014811
1 0.0678487 0.119204 0.00546901 0.014848
1 0.362681 0.986729 0.00364157 0.00998019
1 0.494234 0.963761 0.00966491 0.00357962
1 0.0827927 0.766449 0.00393123 0.0168928
1 0.0797531 0.742653 0.0219214 0.00836107
1 0.872171 0.861349 0.00362803 0.0106573
1 0.740799 0.2119 0.0237026 0.00804806
0 0.870372 0.800775 0.0144384 0.0248711
1 0.573844 0.709512 0.00562862 0.0147347
1 0.558863 0.204522 0.00349789 0.0165969
0 0.687965 0.790591 0.00773739 0.014247
1 0.128394 0.033912 0.00290575 0.010273
1 0.455313 0.855841 0.00963999 0.00359294
1 0.870523 0.816123 0.0158558 0.00463135
1 0.0449932 0.120911 0.00526543 0.0149726
1 0.332423 0.895321 0.00398204 0.0102545
1 0.370175 0.972849 0.0031187 0.0100443
1 0.770821 0.203983 0.00629969 0.024243
1 0.341101 0.987053 0.00462504 0.0102114
1 0.706143 0.86137 0.0038065 0.00844862
4 0.297627 0.705933 0.176402 0.169726
1 0.471084 0.855004 0.0100309 0.0041392
1 0.487261 0.83173 0.00978292 0.00397323
1 0.463724 0.884628 0.00404536 0.009228
1 0.0796423 0.700512 0.0219631 0.00867844
1 0.198226 0.983156 0.00455228 0.0172073
1 0.636326 0.189216 0.00548503 0.017382
1 0.687763 0.800256 0.00910049 0.00357794
1 0.731029 0.863654 0.00858288 0.00263633
1 0.591159 0.777796 0.00862071 0.00399568
1 0.528507 0.967507 0.0147829 0.00613835
1 0.693432 0.918504 0.00892996 0.00355649
1 0.544751 0.70987 0.00560548 0.013827
1 0.408418 0.128556 0.00732666 0.0257982
1 0.169229 0.95222 0.0075533 0.0233323
1 0.733954 0.627456 0.0143117 0.00533195
1 0.471002 0.75581 0.00483638 0.0137018
1 0.143212 0.734528 0.025032 0.0165071
1 0.38585 0.127212 0.0058782 0.0173922
1 0.554014 0.956007 0.00837614 0.00355411
2 0.421842 0.188365 0.0703357 0.0558315
1 0.730355 0.0308969 0.00258336 0.00912486
1 0.211289 0.951451 0.00748967 0.0219955
1 0.70534 0.129423 0.00714687 0.0284014
1 0.68357 0.126707 0.00534889 0.0152911
4 0.897984 0.683155 0.142644 0.134107
1 0.560009 0.181332 0.00467613 0.0159225
1 0.449788 0.989551 0.00320516 0.00991903
1 0.168652 0.918636 0.00846428 0.0240681
1 0.795359 0.731795 0.00969102 0.00385378
1 0.812859 0.204423 0.0080507 0.0231397
1 0.133892 0.694395 0.0108942 0.0152091
1 0.772308 0.770899 0.0101121 0.00395203
1 0.510459 0.770322 0.00417009 0.00843154
1 0.149913 0.694602 0.00852417 0.0145068
1 0.695557 0.964708 0.00902632 0.00313018
1 0.462226 0.129578 0.0123401 0.0281824
1 0.754764 0.130213 0.00964093 0.0259858
1 0.449775 0.970993 0.00298428 0.0105394
1 0.0673966 0.917169 0.00419506 0.0146424
1 0.0800056 0.741197 0.0225377 0.00780343
1 0.211174 0.919132 0.0077211 0.0191667
1 0.116247 0.694502 0.00741056 0.0140577
1 0.76096 0.0877052 0.003474 0.00979492
1 0.577893 0.911266 0.00945707 0.00357193
1 0.692241 0.723297 0.00383521 0.00823237
1 0.168954 0.777294 0.00704604 0.00699709
1 0.442671 0.089683 0.00410152 0.00980541
1 0.291186 0.922804 0.00484526 0.00870257
1 0.409178 0.0503033 0.00872731 0.0032765
1 0.132072 0.694476 0.00997829 0.0159753
1 0.792368 0.848531 0.00953568 0.0038576
1 0.11769 0.735201 0.00891088 0.0157814
1 0.772076 0.791389 0.0102677 0.00502539
1 0.00903678 0.959594 0.0170619 0.00596331
1 0.0138766 0.121111 0.00547609 0.0148561
1 0.380079 0.0949689 0.0166015 0.021002
1 0.699572 0.129543 0.00896285 0.02913
1 0.787805 0.165438 0.00632077 0.0208801
1 0.529207 0.996947 0.0135272 0.00556721
