5 0.201516 0.467293 0.11172 0.112624
0 0.38598 0.752756 0.0130677 0.0227573
0 0.0282908 0.611567 0.0173161 0.00971009
2 0.895458 0.37592 0.033251 0.0177822
0 0.346529 0.0325238 0.0160748 0.00815564
0 0.511246 0.443375 0.0149941 0.0248997
0 0.0729627 0.427393 0.022625 0.0127162
0 0.084328 0.364494 0.0224374 0.0137262
0 0.923579 0.954961 0.0342214 0.0203756
0 0.904329 0.542115 0.0138852 0.0266031
0 0.574047 0.688298 0.0155066 0.0077636
0 0.760739 0.207583 0.0266499 0.0146553
0 0.678969 0.868828 0.0208876 0.0280387
0 0.347486 0.247039 0.0262861 0.0135456
0 0.519664 0.0533262 0.0242641 0.012687
0 0.266838 0.0140952 0.0168199 0.00917444
0 0.0371536 0.537235 0.0140194 0.00757405
0 0.787436 0.230807 0.0274016 0.014825
0 0.652358 0.977185 0.0309622 0.0196358
0 0.533489 0.326057 0.0145023 0.0252928
0 0.213736 0.243328 0.0199218 0.0343457
0 0.167645 0.590462 0.0259255 0.0132337
0 0.380642 0.712199 0.0159052 0.00982885
0 0.26223 0.594647 0.0131751 0.0233395
0 0.0808331 0.625798 0.0213992 0.0357151
0 0.637614 0.737335 0.0334487 0.021131
0 0.364223 0.417954 0.0240496 0.0130265
0 0.289584 0.353008 0.0172366 0.00986587
0 0.756727 0.618232 0.00930048 0.0167115
0 0.552838 0.758813 0.00814219 0.0152175
0 0.415449 0.0245946 0.0128328 0.0241687
0 0.0759975 0.251495 0.0141357 0.0262842
0 0.375497 0.785314 0.0148133 0.00808753
2 0.0608968 0.733664 0.0818084 0.0614494
0 0.460832 0.692516 0.0146172 0.00874379
0 0.209692 0.599749 0.0244169 0.0127156
0 0.0382047 0.374905 0.0134763 0.0230733
0 0.346521 0.0136247 0.0153584 0.00857999
0 0.486534 0.208322 0.0202491 0.0347921
0 0.1491 0.759728 0.0128741 0.0257528
0 0.190778 0.363902 0.0166779 0.00956345
0 0.186921 0.292781 0.0137195 0.025839
0 0.647924 0.869913 0.0211978 0.0285492
0 0.029509 0.250766 0.014248 0.0269107
0 0.0538828 0.251326 0.0140631 0.0273433
0 0.028217 0.636159 0.0228107 0.0123605
1 0.90263 0.954477 0.0094874 0.0244619
0 0.288356 0.175351 0.0132723 0.0241143
0 0.117045 0.608121 0.0248932 0.0142196
0 0.35899 0.176918 0.0126315 0.022664
0 0.350566 0.0588603 0.0305265 0.0190696
1 0.8968 0.392025 0.0110084 0.0136175
0 0.0619461 0.396181 0.0127339 0.022852
0 0.0821476 0.301976 0.0128584 0.0229838
0 0.296113 0.241353 0.0203829 0.0318704
0 0.526514 0.215631 0.00964262 0.0154651
0 0.442239 0.346328 0.0253908 0.0133197
0 0.421023 0.496205 0.00813378 0.0147516
0 0.831931 0.566428 0.0164835 0.00970052
0 0.369576 0.365103 0.0096439 0.0164057
1 0.885614 0.35831 0.0119599 0.0156948
1 0.679536 0.889517 0.0230471 0.0095919
0 0.619224 0.412295 0.00827289 0.01548
0 0.322441 0.428879 0.0163815 0.00963652
0 0.425257 0.261528 0.0283054 0.014225
0 0.845514 0.654177 0.0144906 0.0274853
0 0.290072 0.566524 0.0094138 0.0168214
0 0.380868 0.0148438 0.00822861 0.0162298
0 0.234541 0.576824 0.00840714 0.0159554
0 0.39982 0.170609 0.0241713 0.012089
1 0.659183 0.737016 0.00877043 0.0251469
0 0.119752 0.74106 0.00778088 0.0144276
1 0.296506 0.261832 0.0232204 0.00719952
0 0.426019 0.298339 0.0253195 0.0138868
1 0.511356 0.458086 0.0162378 0.00462842
1 0.295883 0.220346 0.0234857 0.00781411
0 0.423119 0.532338 0.00761223 0.015599
0 0.406251 0.0614649 0.015223 0.0082114
0 0.595969 0.790172 0.00839302 0.0150657
1 0.486443 0.229912 0.0233172 0.00779415
1 0.356146 0.0324935 0.00295542 0.00949486
0 0.00643922 0.779213 0.0093446 0.0178024
0 0.085291 0.52549 0.02378 0.012448
1 0.648137 0.889946 0.0233541 0.00954212
0 0.649546 0.391374 0.00774002 0.0149022
0 0.376393 0.49845 0.00812237 0.0149899
1 0.0810704 0.604706 0.0228203 0.00878237
1 0.21359 0.222706 0.0227613 0.00711638
1 0.944151 0.954209 0.0101362 0.0237601
0 0.0965884 0.393174 0.0235025 0.0122829
1 0.378638 0.417772 0.00453474 0.0144088
0 0.716487 0.478962 0.00809185 0.0159018
0 0.118634 0.550511 0.0248516 0.0126691
1 0.213994 0.26426 0.0226889 0.0070752
1 0.236966 0.749289 0.0185353 0.00936064
0 0.162507 0.789115 0.0173708 0.00953343
0 0.703412 0.553613 0.0147235 0.00806665
0 0.57615 0.726339 0.030845 0.0206119
0 0.0694828 0.0258008 0.0258475 0.0150482
0 0.543567 0.212967 0.0100453 0.0153664
0 0.525766 0.281011 0.0245671 0.012783
1 0.369825 0.0581622 0.00804745 0.0230022
1 0.0926108 0.778798 0.0110147 0.0294652
1 0.26216 0.580211 0.0149134 0.00530649
0 0.558314 0.334686 0.00853635 0.0150438
0 0.680207 0.792075 0.00832104 0.0146925
1 0.237132 0.766095 0.0185534 0.00952699
0 0.509341 0.352548 0.00991177 0.0166139
0 0.4965 0.689516 0.0153657 0.00918173
0 0.421718 0.6065 0.00825335 0.0157867
1 0.485322 0.186234 0.0231264 0.00828385
1 0.186683 0.277418 0.0160997 0.00456122
0 0.374944 0.962314 0.0346531 0.0206811
0 0.0518281 0.490922 0.0160677 0.00941051
1 0.908013 0.358201 0.0105453 0.0143101
1 0.0985741 0.363932 0.00558102 0.0143311
0 0.238819 0.0283151 0.0165197 0.00894152
0 0.58236 0.0160438 0.00892045 0.0157201
1 0.415927 0.00956742 0.0147576 0.00550048
4 0.877029 0.82587 0.170484 0.173925
1 0.386552 0.7384 0.0154548 0.00463605
1 0.331732 0.0589691 0.00812268 0.0224124
1 0.362533 0.247074 0.00522126 0.0155305
1 0.679106 0.848702 0.0233247 0.0089985
1 0.235202 0.393913 0.00818378 0.0269263
1 0.457416 0.346517 0.00429313 0.0146801
1 0.0501268 0.77882 0.0104957 0.0294888
0 0.407727 0.202472 0.0121745 0.0232302
0 0.482012 0.351694 0.00902879 0.0155204
0 0.125636 0.361257 0.0211488 0.0115317
1 0.062006 0.409361 0.0136471 0.00457829
1 0.27704 0.0138688 0.00393389 0.0103687
1 0.533652 0.341521 0.0165322 0.00482275
0 0.569345 0.36264 0.024417 0.0121362
1 0.081762 0.315885 0.0141802 0.00443299
1 0.395323 0.962405 0.00804482 0.0228228
1 0.248535 0.394224 0.00878281 0.0257931
1 0.0928589 0.683617 0.0110246 0.0292067
1 0.369381 0.355438 0.0100246 0.00356984
1 0.128009 0.446092 0.0275251 0.00879847
0 0.588088 0.398897 0.0152814 0.0084454
1 0.272758 0.458951 0.0268871 0.00740183
0 0.704789 0.517458 0.00796271 0.0142359
1 0.597193 0.72712 0.00808572 0.0232637
1 0.705373 0.526692 0.0085735 0.00391482
1 0.0715649 0.778926 0.0106537 0.0295478
1 0.370685 0.712432 0.00230955 0.0103054
1 0.904696 0.558349 0.017374 0.00535177
1 0.631628 0.976985 0.00814144 0.0228228
1 0.745283 0.208217 0.00457082 0.0164509
1 0.0280018 0.684041 0.0109593 0.031179
1 0.355313 0.01365 0.00264318 0.00936135
1 0.672602 0.976931 0.00857019 0.0228466
0 0.480289 0.382935 0.00862659 0.0150571
0 0.554051 0.39481 0.0152357 0.00862935
1 0.0593232 0.42731 0.00483648 0.0150474
1 0.680267 0.801331 0.00892376 0.00321435
1 0.151621 0.789304 0.0039269 0.0109541
1 0.187201 0.30734 0.0151742 0.00475883
1 0.0827553 0.392995 0.00469002 0.0137335
1 0.441268 0.261546 0.00325644 0.0155725
0 0.280369 0.393586 0.0119714 0.00686924
1 0.558349 0.726665 0.00646404 0.0220695
1 0.148963 0.74375 0.0161058 0.00609651
1 0.756446 0.628242 0.0102265 0.00387986
1 0.237659 0.731521 0.0173019 0.0102177
1 0.410614 0.298116 0.00400715 0.0170919
1 0.904137 0.52554 0.0169725 0.00503052
1 0.359216 0.190976 0.0139966 0.00397778
1 0.0812508 0.647727 0.0235331 0.00760056
1 0.128523 0.513899 0.0279657 0.00868225
1 0.224688 0.599535 0.00540358 0.0150422
1 0.0417764 0.636561 0.00494872 0.0137978
1 0.180594 0.39383 0.00823449 0.0274122
1 0.776068 0.207467 0.00420023 0.0153788
1 0.421717 0.596542 0.00888693 0.00370119
0 0.382928 0.438374 0.017574 0.0100109
1 0.333027 0.428746 0.004023 0.0109494
1 0.182905 0.590544 0.00398469 0.0147235
1 0.128741 0.432654 0.0274585 0.00849686
1 0.272844 0.513712 0.0279661 0.00830757
1 0.0496438 0.684176 0.00995494 0.0304388
1 0.0717663 0.683878 0.0105975 0.0295905
1 0.543617 0.222417 0.0113024 0.0040102
1 0.558135 0.325202 0.00898361 0.00338936
1 0.440135 0.298102 0.00426133 0.0148437
1 0.193914 0.394188 0.00800925 0.0270662
1 0.153327 0.589983 0.00385485 0.0148834
1 0.0283116 0.778226 0.00940942 0.0277007
1 0.51104 0.280782 0.00378821 0.0152569
1 0.299926 0.35248 0.00391257 0.0110006
0 0.666155 0.356838 0.0100099 0.0184977
1 0.128624 0.500882 0.0280136 0.00828662
1 0.193671 0.539005 0.00712484 0.0272277
1 0.272537 0.446359 0.0256333 0.00712073
1 0.119813 0.731575 0.00795785 0.00372389
1 0.12908 0.486699 0.0277296 0.00875973
1 0.167056 0.539403 0.00801491 0.0267309
1 0.271961 0.417084 0.0250839 0.00722369
1 0.180738 0.53877 0.00772726 0.026806
1 0.35295 0.962771 0.00824913 0.0222337
1 0.272045 0.418091 0.0275959 0.00752956
1 0.619278 0.402966 0.00829497 0.00286637
1 0.288135 0.161212 0.0143447 0.00406522
1 0.331782 0.246921 0.00372436 0.0150829
1 0.00665832 0.768941 0.00964872 0.00288316
1 0.504587 0.0534134 0.00479698 0.0139864
1 0.272877 0.472219 0.0269817 0.00725315
1 0.71362 0.55293 0.00402119 0.00943969
1 0.426808 0.345936 0.00408607 0.0153577
1 0.167656 0.393564 0.0087007 0.0261344
1 0.11289 0.361535 0.00332624 0.0125646
1 0.0274256 0.537457 0.00283029 0.00898655
1 0.386048 0.767634 0.0148995 0.00570547
1 0.234513 0.566694 0.0100875 0.0032201
1 0.84581 0.638075 0.0172552 0.00442142
1 0.347156 0.74876 0.0180888 0.00951936
1 0.128351 0.472488 0.0265022 0.00825278
1 0.416736 0.0612706 0.00418447 0.00909221
1 0.0304207 0.267642 0.0182547 0.00533542
1 0.13677 0.361411 0.00558328 0.0115487
1 0.415397 0.0408019 0.0148202 0.00636135
1 0.0981176 0.365792 0.00556433 0.0122456
1 0.0632581 0.380713 0.015781 0.00444584
1 0.128301 0.459017 0.0273288 0.00739457
1 0.207404 0.393719 0.00797473 0.025576
1 0.511275 0.427945 0.0161973 0.00489038
1 0.77053 0.230815 0.00502758 0.0163654
1 0.582803 0.3627 0.00304957 0.0135501
1 0.349515 0.417749 0.0047952 0.0145317
1 0.380365 0.00416689 0.00985455 0.00351799
1 0.385677 0.170785 0.00382971 0.0135247
1 0.104979 0.550404 0.00331566 0.0141329
1 0.647655 0.849231 0.0224366 0.00958346
1 0.076392 0.268039 0.0168085 0.00502883
1 0.0875316 0.427118 0.00555846 0.0141966
1 0.272928 0.43312 0.0268599 0.00666803
1 0.533703 0.0533891 0.00531125 0.0148049
1 0.273042 0.486888 0.0264468 0.00733785
1 0.878892 0.726503 0.0186451 0.0203819
1 0.151983 0.539104 0.00684682 0.0273092
1 0.420966 0.488305 0.00813747 0.00336444
1 0.471289 0.692212 0.00443055 0.00900863
1 0.221785 0.539487 0.00809544 0.0262978
0 0.0619846 0.549083 0.00744362 0.0146261
1 0.533355 0.310549 0.0160659 0.0046494
1 0.206843 0.539138 0.00734237 0.0266509
0 0.284457 0.672734 0.00618094 0.00896867
1 0.0134837 0.635668 0.00480275 0.0145457
1 0.272613 0.501044 0.0273646 0.00707814
1 0.222198 0.393529 0.00776302 0.0269205
1 0.3725 0.438843 0.00460603 0.0111238
0 0.535882 0.564514 0.00858119 0.0142938
1 0.0415088 0.490867 0.00417818 0.0102403
1 0.346822 0.731807 0.0179118 0.00900756
1 0.0538864 0.267619 0.0176379 0.00549995
1 0.716345 0.488669 0.00902832 0.00295423
1 0.151714 0.789488 0.00582034 0.0113916
1 0.34742 0.766624 0.0177325 0.0108979
1 0.393667 0.438748 0.00406397 0.0103231
0 0.0796698 0.364789 0.0166145 0.013751
1 0.300435 0.351119 0.00437414 0.0104519
1 0.597554 0.399169 0.00274027 0.00843107
1 0.649586 0.401315 0.00848457 0.00352572
1 0.131868 0.416891 0.0226998 0.00813913
1 0.408529 0.261691 0.0043148 0.0157561
1 0.110736 0.393993 0.00598034 0.0138342
1 0.526652 0.205571 0.00970171 0.00438934
1 0.346728 0.697607 0.0189298 0.00886773
1 0.288336 0.190228 0.0150985 0.00463481
1 0.0990521 0.525455 0.00426516 0.0132494
1 0.376774 0.488494 0.00939979 0.003464
1 0.247697 0.538507 0.00647682 0.0249739
1 0.0618956 0.558464 0.00863046 0.00382658
1 0.385632 0.785416 0.00364685 0.00888205
1 0.0628818 0.558402 0.00869764 0.00267504
1 0.846513 0.669513 0.0161897 0.00538179
1 0.395905 0.0612519 0.00400352 0.00866173
0 0.56719 0.666176 0.0266706 0.0142498
1 0.407289 0.214648 0.0126584 0.0031231
1 0.647781 0.853684 0.0215776 0.00687096
0 0.498978 0.68939 0.0118896 0.00900106
1 0.0185143 0.61136 0.00415772 0.0100407
1 0.451258 0.692382 0.00511926 0.00858688
1 0.0528661 0.0245444 0.00592449 0.0175545
1 0.509384 0.341277 0.0120263 0.00424463
1 0.237421 0.710565 0.0192708 0.0199633
1 0.148647 0.775733 0.0142113 0.0056133
1 0.552868 0.76849 0.00940442 0.00433074
1 0.615857 0.736342 0.00753284 0.0231161
1 0.877167 0.917693 0.0208566 0.0141457
