0 0.755408 0.571531 0.0150993 0.00817565
0 0.856668 0.318942 0.0246014 0.0128836
0 0.401812 0.77062 0.0240959 0.0126473
0 0.261032 0.762342 0.0251822 0.0129016
0 0.39426 0.847963 0.0130611 0.0223512
0 0.401519 0.676607 0.0249039 0.0130198
0 0.419769 0.869278 0.0123129 0.0228298
0 0.263737 0.667974 0.0233134 0.0125532
0 0.401393 0.991051 0.0246695 0.0123933
2 0.352524 0.424085 0.217849 0.116179
0 0.402019 0.95001 0.0242765 0.0131394
0 0.852453 0.587535 0.0243228 0.0127833
0 0.130501 0.99092 0.0239355 0.0125119
0 0.12746 0.676574 0.023961 0.0127119
0 0.27697 0.823521 0.0130859 0.0229381
0 0.909073 0.501104 0.01601 0.00882055
0 0.799573 0.588339 0.0256241 0.0130907
0 0.127885 0.613812 0.02521 0.012862
0 0.130071 0.855478 0.024507 0.0130744
0 0.249102 0.902242 0.012017 0.0229392
0 0.24957 0.949855 0.0121169 0.0236518
0 0.399115 0.90754 0.0240536 0.0120671
0 0.279448 0.727039 0.0127684 0.023726
0 0.796466 0.638489 0.0500531 0.039639
0 0.268264 0.69357 0.0254167 0.0129163
0 0.720969 0.304169 0.0168779 0.00885141
0 0.2493 0.852997 0.0122857 0.0233317
0 0.225548 0.573304 0.0234699 0.0122841
0 0.693863 0.979972 0.0132588 0.023943
0 0.262253 0.789208 0.0247977 0.0130592
0 0.130489 0.950939 0.023906 0.0123076
0 0.12742 0.735275 0.0246468 0.0130285
0 0.303417 0.582451 0.0234402 0.0127127
0 0.716186 0.58513 0.0259843 0.0133387
0 0.131022 0.906549 0.0236311 0.0130824
2 0.795672 0.454779 0.171328 0.115233
0 0.128926 0.797768 0.0240306 0.0127183
0 0.27962 0.901892 0.0127905 0.0221259
0 0.279957 0.950248 0.012287 0.0225594
0 0.402589 0.617184 0.0251738 0.0133867
0 0.401406 0.795831 0.0251795 0.0124457
1 0.276655 0.808915 0.0147477 0.00523426
1 0.277225 0.838193 0.0153063 0.005648
1 0.249693 0.887024 0.0150893 0.00427077
1 0.145405 0.855416 0.00642856 0.0153653
1 0.112506 0.613852 0.00539985 0.014878
1 0.278239 0.668133 0.00599996 0.0138075
1 0.279564 0.965519 0.0152952 0.00621252
1 0.298877 0.343635 0.0109187 0.0381627
1 0.386215 0.676564 0.00498975 0.0149447
1 0.745753 0.571103 0.0033216 0.00911506
1 0.386253 0.795893 0.00488062 0.0142996
1 0.428217 0.344363 0.0106839 0.0377638
1 0.276841 0.344401 0.0118316 0.0378591
0 0.488173 0.404719 0.00925045 0.0162914
1 0.319821 0.506918 0.0100145 0.0350558
1 0.826362 0.637107 0.014515 0.049607
1 0.419498 0.854961 0.0144661 0.00486599
1 0.918832 0.501271 0.00354911 0.00940298
0 0.334139 0.550261 0.0163749 0.00823112
1 0.407049 0.344443 0.0105118 0.0378763
1 0.385345 0.344051 0.0108808 0.037551
1 0.112777 0.676513 0.00520134 0.0148471
1 0.2491 0.916738 0.013521 0.00522613
1 0.250009 0.964844 0.0153894 0.00529586
1 0.341859 0.344339 0.0108616 0.0380207
1 0.245901 0.762416 0.00467158 0.0149301
1 0.341652 0.506831 0.0107945 0.0367869
1 0.145545 0.950453 0.00554114 0.0142832
1 0.240035 0.573634 0.00518802 0.014299
1 0.252554 0.693637 0.00569786 0.0147557
1 0.247227 0.789052 0.00655701 0.0149849
1 0.298602 0.50612 0.0109196 0.0352395
1 0.814905 0.588628 0.00526785 0.0149677
1 0.320332 0.344468 0.010518 0.0378374
1 0.394246 0.861684 0.0148001 0.00594524
1 0.387127 0.770446 0.00448924 0.0151334
1 0.450165 0.343755 0.0121984 0.0374051
1 0.871301 0.319047 0.00490426 0.0147896
1 0.78418 0.58849 0.0046518 0.0142937
1 0.487856 0.394617 0.0101683 0.00334377
1 0.275805 0.762785 0.0054906 0.01459
1 0.363432 0.344253 0.0113871 0.0375222
1 0.278691 0.887803 0.0156303 0.00535227
1 0.112492 0.735023 0.00522041 0.0151563
1 0.114258 0.797733 0.00566664 0.0148411
1 0.145982 0.99046 0.00605696 0.0153603
1 0.317538 0.58255 0.00446767 0.0140099
1 0.249169 0.935204 0.0145945 0.00571273
1 0.249742 0.838448 0.0146242 0.0049516
1 0.406067 0.506761 0.00987225 0.0362611
1 0.276927 0.788973 0.00590994 0.014139
0 0.910968 0.534315 0.0145878 0.00741815
1 0.385152 0.506123 0.0112139 0.0361543
1 0.693709 0.965766 0.0151618 0.00400937
1 0.731733 0.585404 0.00497174 0.0153444
1 0.363412 0.506115 0.0108047 0.0360272
1 0.394125 0.833119 0.0154381 0.00546408
1 0.385092 0.990486 0.00457557 0.014468
1 0.386883 0.617326 0.00484073 0.014684
1 0.841305 0.319438 0.00488144 0.0139377
1 0.449825 0.506996 0.0111334 0.0346885
1 0.428136 0.50696 0.0107784 0.0361373
1 0.416451 0.67682 0.00535702 0.0142427
1 0.700841 0.585178 0.00469783 0.0151619
1 0.255016 0.344273 0.0126664 0.0368175
1 0.277047 0.5066 0.0125083 0.0349968
1 0.254557 0.506661 0.0128789 0.0364106
1 0.837803 0.587475 0.00524208 0.0138259
1 0.730347 0.30398 0.00248875 0.0101276
1 0.143787 0.798134 0.005638 0.0147123
1 0.416243 0.770701 0.00541884 0.0141235
1 0.142981 0.61423 0.0057913 0.0153146
1 0.766405 0.6383 0.0110872 0.045713
1 0.279425 0.713751 0.0139871 0.00433062
1 0.145643 0.906423 0.0057184 0.0149273
1 0.3846 0.907834 0.00512992 0.013988
1 0.386171 0.949714 0.0054629 0.0155349
1 0.115157 0.990511 0.00547185 0.0137658
1 0.279877 0.91701 0.0135562 0.00539661
1 0.828497 0.531566 0.00840947 0.0386529
1 0.115247 0.950924 0.00594566 0.0145014
1 0.416937 0.617194 0.00552199 0.0148013
1 0.416243 0.795833 0.00557327 0.0148914
1 0.419335 0.884379 0.0154451 0.00612428
1 0.283103 0.693245 0.00580775 0.0147616
1 0.814994 0.532795 0.00822105 0.0364537
1 0.115821 0.90678 0.00643847 0.0145043
1 0.14233 0.676329 0.00601478 0.0136701
1 0.416309 0.990412 0.00477519 0.0144381
1 0.248906 0.668021 0.00685387 0.0157978
1 0.842223 0.531964 0.00857162 0.036761
1 0.869936 0.532623 0.00906084 0.0349932
1 0.84173 0.370107 0.00841472 0.0405262
1 0.324972 0.550847 0.00355173 0.00868356
1 0.114983 0.855151 0.00566024 0.0145149
1 0.416079 0.95034 0.00580334 0.014863
1 0.82854 0.369848 0.00824512 0.0418054
1 0.855939 0.369594 0.00947233 0.041024
1 0.787422 0.533523 0.00851178 0.0353914
1 0.719701 0.369054 0.0084827 0.041096
1 0.694148 0.995655 0.0141744 0.0060608
