5 0.480581 0.514976 0.164396 0.166569
5 0.777737 0.515058 0.164135 0.165556
5 0.180194 0.51721 0.164664 0.165839
0 0.63385 0.645686 0.0449426 0.0259065
0 0.915622 0.621867 0.0256676 0.0466118
0 0.31581 0.392896 0.0257128 0.0504939
0 0.652913 0.602567 0.0145719 0.00761345
0 0.914257 0.409457 0.0251645 0.0507414
0 0.616057 0.37981 0.0254518 0.0481484
0 0.332133 0.643754 0.0481246 0.0270712
0 0.571077 0.642091 0.0231502 0.0117616
0 0.34266 0.543954 0.0151288 0.00832523
0 0.873141 0.640089 0.0230322 0.012726
0 0.354493 0.604909 0.0148596 0.00769449
0 0.0391189 0.548691 0.0139073 0.00791312
0 0.272549 0.642444 0.0225348 0.0118964
0 0.607031 0.724572 0.0155167 0.00887105
0 0.712491 0.681918 0.0355115 0.0214984
0 0.475636 0.696918 0.0257934 0.0139761
0 0.310259 0.555393 0.00844067 0.0149109
1 0.616292 0.410524 0.026295 0.0114143
0 0.913346 0.553548 0.00804851 0.0156102
0 0.0417284 0.581188 0.0148256 0.007818
0 0.521954 0.704336 0.0269256 0.0140366
0 0.476229 0.720521 0.0280158 0.0141225
0 0.456713 0.740838 0.0159605 0.008893
1 0.279155 0.703128 0.0200913 0.0405287
0 0.694267 0.719888 0.0322883 0.0217513
3 0.323698 0.70305 0.068226 0.0550682
1 0.316088 0.423794 0.0268327 0.010009
1 0.91457 0.377395 0.0262523 0.0109991
0 0.612188 0.553852 0.00797247 0.0149756
0 0.641819 0.705004 0.0212297 0.0345819
1 0.915162 0.65233 0.0272374 0.0105701
1 0.642185 0.727148 0.0237536 0.00777073
1 0.914141 0.441321 0.0275519 0.0117449
0 0.641082 0.546092 0.0157414 0.00910818
1 0.316089 0.361012 0.0278505 0.0112338
1 0.36348 0.605094 0.00312608 0.00899531
1 0.367693 0.701679 0.0199833 0.0406339
1 0.714792 0.720203 0.00826163 0.0217191
1 0.166403 0.61404 0.00817854 0.028105
1 0.737139 0.417265 0.00670192 0.02824
1 0.081375 0.48844 0.0277628 0.0078079
1 0.846131 0.417069 0.00930692 0.0284511
1 0.0816102 0.584823 0.0286126 0.0092981
1 0.277958 0.462418 0.0261296 0.00748919
1 0.818007 0.417038 0.00766466 0.027969
1 0.597023 0.72463 0.00275953 0.0102546
1 0.0819387 0.557311 0.0290454 0.00880964
1 0.493276 0.612403 0.00812781 0.0292079
1 0.221095 0.614358 0.00779838 0.0282677
1 0.464832 0.613001 0.00799942 0.0265143
1 0.615221 0.347291 0.0283027 0.0100473
1 0.425056 0.612702 0.00829506 0.0273839
1 0.277815 0.448235 0.0264396 0.00855946
1 0.0816993 0.461834 0.0285518 0.00816602
1 0.0817622 0.516507 0.028687 0.00796628
1 0.363978 0.644431 0.0121414 0.0270283
1 0.791639 0.612561 0.00721109 0.0291662
1 0.874882 0.472876 0.0270538 0.00785768
1 0.0814962 0.475387 0.0276551 0.00793344
1 0.737236 0.612638 0.00777485 0.0281843
1 0.874449 0.527289 0.0250223 0.00800505
1 0.050861 0.581353 0.00258758 0.00871014
1 0.707421 0.418302 0.00632289 0.0269671
1 0.480054 0.612401 0.00855852 0.0273347
1 0.332505 0.544031 0.00355577 0.00948859
1 0.577583 0.569356 0.0266151 0.0079517
1 0.0816704 0.571418 0.0286586 0.00792575
1 0.438743 0.612303 0.00813722 0.0288049
1 0.887312 0.640558 0.00424169 0.0134497
1 0.611884 0.543769 0.00918154 0.00380901
1 0.679327 0.514742 0.0298042 0.00814106
1 0.0815961 0.542743 0.0285163 0.00813844
1 0.111222 0.61378 0.00798396 0.0281222
1 0.722887 0.6129 0.00750045 0.0260452
1 0.381788 0.569509 0.0292456 0.0083635
1 0.87521 0.569186 0.0265017 0.00780631
1 0.277631 0.474701 0.0263067 0.00716553
1 0.534619 0.612025 0.00822142 0.0278661
1 0.505817 0.612727 0.00844477 0.0281428
1 0.151977 0.614648 0.00802859 0.0264504
1 0.875164 0.556479 0.026077 0.00735211
1 0.381705 0.47321 0.0279725 0.00946439
1 0.382009 0.582318 0.0295557 0.00813581
1 0.247377 0.418765 0.00795704 0.0258989
1 0.913179 0.543709 0.0091085 0.00308203
1 0.16618 0.419 0.00775325 0.0278603
1 0.277832 0.517226 0.0263478 0.0067159
1 0.664347 0.643953 0.0115919 0.0267557
1 0.679934 0.56941 0.0289775 0.0089676
1 0.277328 0.584012 0.0271598 0.00740108
1 0.0815382 0.530114 0.028094 0.00737644
1 0.0812188 0.50307 0.0279813 0.0076424
1 0.875253 0.460043 0.0267539 0.00796121
1 0.519356 0.612682 0.00796878 0.0271468
1 0.247004 0.614476 0.00716114 0.0269708
1 0.277372 0.542506 0.02562 0.0064187
1 0.451619 0.612413 0.00863866 0.0273702
1 0.875028 0.514919 0.0269525 0.00807512
1 0.277536 0.57159 0.0255332 0.00691354
1 0.206675 0.615071 0.00807947 0.0268505
1 0.817333 0.612554 0.00813769 0.0273088
1 0.875964 0.501417 0.0257754 0.00867928
1 0.762597 0.612948 0.00735542 0.0268576
1 0.277445 0.529412 0.0259243 0.0067048
1 0.15247 0.419066 0.00734762 0.0268895
1 0.137696 0.614473 0.00822114 0.0263872
1 0.875472 0.446411 0.0263534 0.0084504
1 0.83238 0.612498 0.00793601 0.0271134
1 0.875067 0.5826 0.0272159 0.0080931
1 0.301112 0.644486 0.00805095 0.0291233
1 0.679668 0.528271 0.0288012 0.0088526
1 0.679964 0.582701 0.0293217 0.0089152
1 0.381638 0.555604 0.0280435 0.008565
1 0.577197 0.472891 0.0266809 0.00732531
1 0.679154 0.501298 0.0293038 0.00797387
1 0.679802 0.473427 0.027918 0.0095762
1 0.577202 0.514606 0.0265753 0.00763011
1 0.381781 0.501532 0.0270005 0.00790355
1 0.277658 0.558524 0.0268905 0.00611996
1 0.424678 0.416769 0.0084852 0.0276898
1 0.679171 0.460455 0.0305903 0.00842917
1 0.277887 0.503214 0.0280548 0.00750829
1 0.77731 0.612774 0.00788736 0.0267814
1 0.722903 0.41753 0.00671199 0.0278711
1 0.438958 0.416436 0.00678932 0.0272881
1 0.577319 0.583126 0.0272476 0.00773502
1 0.708248 0.612916 0.00791168 0.0265625
1 0.220749 0.418675 0.00791348 0.0278069
1 0.679513 0.542602 0.0299327 0.00870726
1 0.111268 0.419051 0.00816901 0.0281604
1 0.0821384 0.448096 0.0282144 0.00855565
1 0.410061 0.416239 0.0104212 0.028077
1 0.915397 0.589722 0.0271578 0.0138507
1 0.410091 0.613052 0.00803341 0.0271696
1 0.875262 0.487439 0.027181 0.00730493
1 0.791957 0.416635 0.00684776 0.0295302
1 0.493552 0.416278 0.00674313 0.0280768
1 0.91535 0.594551 0.0260899 0.00934626
1 0.547309 0.611245 0.00791475 0.0266579
1 0.547727 0.416826 0.00911619 0.0260723
1 0.691058 0.6812 0.00621914 0.0234418
1 0.832453 0.416956 0.00830603 0.0275768
1 0.763657 0.416996 0.00713442 0.0282778
1 0.137993 0.419138 0.00780334 0.0268756
1 0.125405 0.614111 0.00784975 0.0279055
1 0.845431 0.61232 0.00739213 0.028
1 0.576931 0.527784 0.0265707 0.00692508
1 0.381633 0.528009 0.0276395 0.00872015
1 0.381609 0.514702 0.028047 0.00797056
1 0.679548 0.555724 0.029001 0.00836632
1 0.534556 0.416881 0.0083687 0.0271551
1 0.506068 0.416824 0.007493 0.0286909
1 0.607455 0.644647 0.00837945 0.028095
1 0.207104 0.418094 0.00792499 0.0280393
1 0.520124 0.417019 0.00750592 0.0272307
1 0.777178 0.416945 0.00776341 0.0280591
1 0.577302 0.487934 0.0267592 0.00699397
1 0.557539 0.642454 0.00404883 0.0141864
1 0.679876 0.487753 0.0290523 0.00909902
1 0.381094 0.460369 0.0290339 0.00831376
1 0.381835 0.487733 0.0288803 0.00784239
1 0.708692 0.418079 0.00846563 0.028129
1 0.125497 0.418939 0.0081619 0.0272218
2 0.322793 0.702978 0.0678277 0.055198
1 0.875103 0.541778 0.0258681 0.00845887
1 0.233341 0.614331 0.00815055 0.0275784
1 0.762358 0.417234 0.00669836 0.0279552
1 0.577355 0.542197 0.026439 0.00743122
1 0.750765 0.612573 0.00723529 0.0284404
1 0.857901 0.640694 0.00577745 0.0146205
1 0.192609 0.614385 0.00773495 0.0280867
1 0.57741 0.556568 0.0256596 0.00689222
1 0.734989 0.680908 0.00691317 0.0217096
1 0.577289 0.459882 0.0270262 0.00741565
1 0.641447 0.684098 0.0220456 0.00641207
1 0.642701 0.602452 0.00541762 0.00872465
1 0.285442 0.642028 0.00385106 0.0139197
1 0.57723 0.502433 0.025522 0.00664902
1 0.451793 0.416989 0.00744257 0.0284653
1 0.74945 0.417552 0.00781819 0.0282372
1 0.381376 0.446749 0.0280289 0.00773658
1 0.310357 0.565802 0.00945213 0.0034715
1 0.805295 0.61208 0.00759625 0.0285072
1 0.277979 0.488265 0.0269439 0.00621592
1 0.180193 0.614057 0.00782357 0.0281538
1 0.751163 0.416962 0.00705694 0.0284568
1 0.679264 0.446396 0.0292485 0.00887264
1 0.577588 0.446452 0.0262324 0.00816911
1 0.465498 0.416601 0.00685267 0.0270872
1 0.479782 0.416483 0.00798429 0.0271377
1 0.38161 0.542777 0.0295059 0.00752721
1 0.191871 0.418727 0.00692696 0.0277954
1 0.577111 0.543338 0.0258091 0.00604223
1 0.381529 0.557133 0.0304386 0.00684738
1 0.679957 0.472971 0.0284104 0.00642179
1 0.803994 0.613034 0.00755523 0.0287027
1 0.233581 0.41924 0.00788016 0.0257968
1 0.805716 0.416729 0.00724624 0.0290985
1 0.80415 0.417333 0.00801887 0.0297156
1 0.99158 0.0189568 0.0146554 0.0379136
1 0.18041 0.418502 0.00763893 0.0279529
1 0.679114 0.527519 0.0302737 0.00600502
1 0.678741 0.543459 0.0317657 0.00570654
1 0.984273 0.0183685 0.0171793 0.0363161
1 0.679118 0.488014 0.030351 0.00646269
1 0.0289075 0.548744 0.00431824 0.00992203
