3 0.0678761 0.906694 0.0708534 0.0551705
0 0.121553 0.707664 0.0278976 0.0149562
0 0.974205 0.856326 0.0085281 0.0152138
0 0.675443 0.417887 0.0148642 0.0250732
0 0.599534 0.71412 0.0140268 0.0242149
0 0.713974 0.653854 0.0136802 0.0237963
0 0.700106 0.419452 0.00970878 0.0160551
0 0.401329 0.534697 0.0152068 0.026799
2 0.0534707 0.610211 0.0462058 0.0205567
0 0.668034 0.503644 0.0251356 0.014261
0 0.386849 0.667792 0.0280338 0.0150973
0 0.951014 0.856123 0.00821067 0.0151839
0 0.643401 0.378896 0.0132796 0.0253096
1 0.0692087 0.628119 0.0117218 0.0144327
0 0.941092 0.27678 0.00935195 0.0162439
0 0.723979 0.285145 0.0141182 0.0253794
1 0.39362 0.380536 0.0146233 0.00766198
0 0.717086 0.85322 0.0261705 0.0135356
2 0.0525411 0.120905 0.0193985 0.0486258
0 0.755251 0.9654 0.0324999 0.0191421
1 0.0368917 0.62833 0.0112427 0.0153273
2 0.286076 0.903597 0.0357568 0.0178242
0 0.751741 0.295251 0.0152463 0.0260816
0 0.303372 0.76655 0.0343006 0.0210543
0 0.654376 0.467801 0.0155895 0.0253907
0 0.92074 0.821091 0.0153385 0.00845087
0 0.698643 0.335992 0.0141244 0.0240016
0 0.793388 0.298141 0.0135339 0.0242156
0 0.64759 0.57224 0.013654 0.0264011
0 0.720294 0.530815 0.0158444 0.00940542
0 0.722559 0.378841 0.0154326 0.0260922
0 0.699966 0.379188 0.0133352 0.0225867
2 0.903574 0.259083 0.0331514 0.015801
0 0.31495 0.655354 0.0254914 0.0130745
0 0.687616 0.880345 0.025269 0.0145598
2 0.379033 0.42449 0.0171909 0.0332395
0 0.232548 0.823281 0.0249215 0.0128605
0 0.0466862 0.701228 0.0337858 0.0200915
0 0.747749 0.193911 0.0238113 0.0130859
0 0.587991 0.382049 0.0198184 0.0333619
1 0.0278373 0.847244 0.0138305 0.00991427
0 0.10216 0.545781 0.0122261 0.0224072
0 0.0466788 0.667261 0.0328649 0.0198204
1 0.0537932 0.592871 0.011843 0.0154595
0 0.25955 0.966992 0.00877452 0.0156546
0 0.419966 0.365158 0.00942086 0.0167004
0 0.396586 0.637673 0.00903248 0.0163046
0 0.100084 0.495074 0.0196798 0.0367105
0 0.864851 0.354968 0.00755191 0.0160251
0 0.187453 0.682833 0.0210215 0.033265
0 0.72138 0.610972 0.0163111 0.00945626
2 0.259161 0.419737 0.0675207 0.0841311
0 0.237213 0.570896 0.0128943 0.0242745
0 0.68542 0.0435452 0.0146289 0.00737637
0 0.7882 0.735892 0.015057 0.00808716
2 0.97072 0.258687 0.0333855 0.0185949
0 0.163564 0.415764 0.0148787 0.0266666
1 0.722562 0.393918 0.0160296 0.00496849
0 0.950973 0.325688 0.0170488 0.00970237
0 0.778401 0.449809 0.00784139 0.0151247
0 0.106829 0.819309 0.0209094 0.034043
0 0.157529 0.817721 0.0216275 0.035651
0 0.630401 0.482409 0.0140979 0.0254223
1 0.157362 0.660712 0.022577 0.00784589
0 0.911344 0.301412 0.0147841 0.00714455
1 0.111837 0.907064 0.0175098 0.0404345
0 0.765197 0.252742 0.0147938 0.0252646
0 0.6694 0.819255 0.0126641 0.0237806
0 0.741565 0.724587 0.0124954 0.0238876
0 0.831684 0.338772 0.0170122 0.00913764
0 0.0698478 0.497391 0.0203643 0.0333211
0 0.280265 0.842562 0.0166487 0.00927422
0 0.749383 0.369057 0.0154104 0.0252816
1 0.699633 0.393686 0.0139604 0.0044676
0 0.368893 0.45419 0.017316 0.00972151
0 0.94124 0.245348 0.00740645 0.0153111
3 0.410804 0.144977 0.0378598 0.0682798
1 0.294957 0.887462 0.0108516 0.0150836
0 0.190586 0.818044 0.0198728 0.0327644
1 0.640652 0.831406 0.0217781 0.00727025
0 0.596937 0.788465 0.0276699 0.0138824
0 0.571811 0.982517 0.0256432 0.0134649
0 0.184469 0.391167 0.00782219 0.0160564
2 0.32002 0.59214 0.0612135 0.0844062
0 0.333017 0.416339 0.00799126 0.0164679
0 0.618588 0.353575 0.0143411 0.0249125
0 0.727934 0.881732 0.0254584 0.0137158
0 0.714449 0.487482 0.0261457 0.0143222
0 0.882377 0.149782 0.0102372 0.0158792
0 0.664757 0.784509 0.0245638 0.0143264
0 0.636108 0.735967 0.0257361 0.0138413
2 0.0448348 0.829926 0.0180822 0.0445008
0 0.815113 0.298289 0.0153311 0.0250276
0 0.415907 0.0542739 0.017189 0.00868784
0 0.714289 0.510396 0.0269859 0.0143771
0 0.0466001 0.176658 0.0303256 0.0204198
0 0.529975 0.980135 0.0272293 0.0143254
2 0.194213 0.892103 0.0602313 0.08234
0 0.884837 0.84229 0.0198866 0.0312224
1 0.0697186 0.120057 0.0150674 0.0113409
0 0.663902 0.346448 0.0262628 0.0148608
0 0.663513 0.525172 0.0237567 0.0139286
0 0.232455 0.973909 0.0173741 0.0101048
0 0.576618 0.620786 0.033474 0.0198242
1 0.157436 0.703968 0.0229144 0.00805783
0 0.272243 0.735187 0.0240201 0.0133765
0 0.796985 0.561269 0.0139051 0.0253256
1 0.307139 0.387753 0.0280727 0.0118228
0 0.157485 0.68243 0.0206951 0.0345707
1 0.195636 0.135418 0.0400636 0.0200578
0 0.673058 0.379179 0.0142563 0.0261234
0 0.774307 0.612702 0.0161187 0.00856981
0 0.687406 0.0802249 0.0244321 0.0133931
0 0.124323 0.664091 0.0214639 0.034526
0 0.829863 0.784303 0.016258 0.0083131
0 0.829612 0.808964 0.0168119 0.00822449
0 0.787679 0.809213 0.0164458 0.00846231
0 0.0798826 0.54846 0.0140913 0.0259478
1 0.240502 0.904048 0.0267801 0.0101435
0 0.866798 0.105417 0.00871033 0.016043
0 0.780712 0.629426 0.016645 0.008142
1 0.0621863 0.830333 0.0152412 0.0115712
0 0.667542 0.30317 0.0145089 0.0249679
0 0.772493 0.880397 0.0255604 0.0135239
1 0.675327 0.433224 0.0161554 0.00491611
0 0.700093 0.280702 0.0134034 0.0231804
1 0.187715 0.660866 0.0232617 0.00772132
0 0.311503 0.861098 0.016784 0.00942918
0 0.826653 0.365602 0.00889275 0.0173036
0 0.231131 0.491135 0.0333828 0.0214215
0 0.747611 0.688519 0.0152178 0.00856099
1 0.212284 0.453117 0.0275493 0.0107217
0 0.92728 0.856609 0.0153984 0.00781869
0 0.792608 0.427138 0.015486 0.00902439
0 0.59987 0.81658 0.0272134 0.0147803
0 0.836806 0.25069 0.0142757 0.0262376
1 0.307211 0.45278 0.0280058 0.0122606
0 0.814673 0.956771 0.0322702 0.0196799
1 0.124404 0.685266 0.0225774 0.00723792
0 0.950721 0.814671 0.00789561 0.0151134
0 0.675706 0.850544 0.025244 0.0132229
1 0.394254 0.358034 0.0151612 0.007712
1 0.106638 0.840018 0.023503 0.00726869
1 0.211305 0.409172 0.0283176 0.0116546
0 0.302201 0.70253 0.0342128 0.0212455
1 0.284293 0.91948 0.0107212 0.0133715
1 0.152211 0.612256 0.0149972 0.0115042
0 0.887797 0.357313 0.0160027 0.00882089
0 0.616878 0.949092 0.0133225 0.0247528
1 0.106732 0.797621 0.0242836 0.00881908
0 0.678161 0.602453 0.0257546 0.0134258
1 0.239555 0.86151 0.0285378 0.0120084
1 0.251965 0.49121 0.0070666 0.0226157
0 0.837256 0.298604 0.0143031 0.0254409
0 0.798898 0.375634 0.0138626 0.0253951
1 0.144522 0.882769 0.0296725 0.0126374
0 0.792322 0.406862 0.0172389 0.0088409
0 0.748466 0.640275 0.0154672 0.00823043
1 0.100242 0.47302 0.021513 0.00676965
0 0.787832 0.786219 0.0153435 0.00905453
1 0.240604 0.882864 0.0271135 0.0118238
1 0.0347014 0.103488 0.0159611 0.0122069
1 0.247535 0.82346 0.00484795 0.0145344
1 0.402501 0.667744 0.00401925 0.016095
0 0.766948 0.403653 0.0101702 0.0136945
0 0.641255 0.851795 0.0205695 0.0345673
0 0.127398 0.486715 0.0147725 0.022821
0 0.423904 0.787523 0.0349739 0.0224397
1 0.0334659 0.137251 0.0176155 0.012617
1 0.211667 0.388061 0.0305818 0.010967
0 0.720264 0.548065 0.0157577 0.00762702
0 0.794389 0.656269 0.00779561 0.0147452
1 0.0680842 0.666668 0.00822896 0.023089
1 0.0210831 0.907989 0.0212788 0.042959
0 0.97343 0.814591 0.00861953 0.015827
1 0.272939 0.6242 0.0282622 0.0115135
1 0.395866 0.412447 0.0145641 0.00633687
1 0.700071 0.409637 0.0111076 0.00366914
1 0.274365 0.559245 0.0276684 0.0106299
0 0.875435 0.328292 0.0093183 0.016248
2 0.377124 0.368972 0.0182253 0.0318501
1 0.21166 0.43125 0.0289786 0.0113725
1 0.027746 0.814387 0.0152934 0.0112065
0 0.557734 0.587643 0.0262555 0.0136714
1 0.334643 0.10453 0.0412083 0.0195909
0 0.83621 0.078224 0.0091674 0.016509
0 0.995392 0.814407 0.00843036 0.0137162
1 0.144236 0.904328 0.0309309 0.0123024
1 0.187952 0.704092 0.02325 0.00781969
1 0.307101 0.409366 0.0279828 0.0115352
0 0.995762 0.855973 0.00796008 0.01707
1 0.124518 0.641436 0.0230323 0.00817321
1 0.793017 0.284291 0.0155229 0.00418491
1 0.190049 0.83966 0.0235118 0.00763909
0 0.787394 0.762807 0.0155494 0.00784815
1 0.367851 0.580604 0.0269057 0.0116773
0 0.89129 0.327916 0.00838402 0.0149785
2 0.169231 0.623192 0.0189707 0.034343
1 0.588457 0.402061 0.0218612 0.00816942
1 0.273157 0.580972 0.0285539 0.0123962
0 0.760105 0.484867 0.0147572 0.0253226
1 0.723985 0.269298 0.016987 0.0049991
1 0.401622 0.519107 0.0162888 0.00393198
0 0.761842 0.447265 0.00950266 0.0161279
1 0.323636 0.7663 0.00746377 0.0224316
1 0.101857 0.559389 0.0128923 0.00466969
1 0.307187 0.4317 0.027951 0.0122399
1 0.367937 0.558532 0.0282754 0.0112058
1 0.411388 0.187018 0.0263138 0.0135719
0 0.431865 0.402662 0.0150198 0.00802131
0 0.150875 0.585111 0.0247274 0.0134511
1 0.599132 0.699216 0.0150445 0.00426983
1 0.273075 0.602622 0.0267729 0.011394
1 0.362869 0.412918 0.0154319 0.00822377
1 0.885396 0.86238 0.0222127 0.00845718
1 0.367992 0.602211 0.0265498 0.0114435
1 0.333418 0.426815 0.00920921 0.00336128
1 0.699888 0.364254 0.0157385 0.00413191
1 0.761562 0.456763 0.0107083 0.00415355
1 0.0681736 0.701276 0.00693765 0.0229843
1 0.157353 0.83983 0.0232662 0.0082016
1 0.640848 0.874159 0.0234023 0.00912638
1 0.419629 0.355183 0.010603 0.00279261
1 0.722784 0.363428 0.0163802 0.00482909
1 0.30012 0.656117 0.00494635 0.0169651
1 0.892235 0.240903 0.0066926 0.0163166
0 0.568724 0.673376 0.0132624 0.0254269
0 0.311233 0.844393 0.0165875 0.00865436
1 0.674205 0.394475 0.0163111 0.00426033
1 0.0698136 0.473927 0.0226104 0.00784205
1 0.441938 0.402953 0.00322611 0.00982835
1 0.401174 0.550379 0.0157528 0.00445463
1 0.0259281 0.667818 0.00809915 0.0233879
1 0.367596 0.624561 0.0272037 0.0117769
1 0.839619 0.809282 0.00302412 0.0102768
1 0.379279 0.454343 0.00287609 0.0110627
0 0.789699 0.696468 0.0152597 0.00783826
1 0.0266229 0.177199 0.00844876 0.0235424
1 0.776483 0.965207 0.00884234 0.0228936
1 0.0698089 0.517574 0.0235201 0.00721428
1 0.837674 0.283688 0.0151385 0.00409811
1 0.580579 0.788685 0.00445507 0.0164641
1 0.2397 0.926301 0.0269136 0.0115061
0 0.425926 0.435317 0.00893427 0.0147166
1 0.741602 0.739041 0.0142219 0.0049975
1 0.301032 0.844598 0.00251567 0.00918248
0 0.843942 0.365521 0.00835969 0.0164408
1 0.892114 0.274977 0.00821686 0.0153777
1 0.598397 0.62003 0.00799348 0.021998
2 0.33383 0.147991 0.0528928 0.0694623
1 0.88531 0.820965 0.0233653 0.0108492
1 0.151957 0.635187 0.0135007 0.00809885
1 0.221613 0.974311 0.00360256 0.0109557
0 0.706807 0.239768 0.0139008 0.0222541
1 0.644063 0.364051 0.015424 0.00323246
0 0.426018 0.820239 0.0342069 0.0220196
1 0.73128 0.61129 0.00311442 0.011015
1 0.82608 0.354799 0.0109501 0.0037526
1 0.360681 0.38031 0.0162401 0.00670352
1 0.613545 0.788513 0.00521163 0.0162631
1 0.0256342 0.701416 0.00792691 0.0238175
1 0.272805 0.886796 0.0100827 0.015596
1 0.713808 0.66791 0.0144949 0.00366536
1 0.764909 0.237259 0.0171289 0.00464374
1 0.189767 0.797591 0.0233369 0.0085064
0 0.362568 0.781331 0.0264607 0.0148184
1 0.144818 0.926395 0.0307413 0.0129018
1 0.395772 0.434511 0.0136714 0.00592444
1 0.396691 0.626951 0.00976134 0.00471547
1 0.960352 0.242483 0.00863241 0.0153836
1 0.839817 0.784161 0.00326463 0.0101669
1 0.765294 0.268091 0.0155632 0.00476559
1 0.617962 0.338114 0.0162994 0.00501067
1 0.73404 0.964867 0.00890775 0.0232718
0 0.959063 0.126852 0.0099037 0.0181298
1 0.643037 0.393675 0.0147492 0.00414995
1 0.370598 0.667495 0.00414107 0.0164032
1 0.682687 0.503022 0.00430748 0.014978
1 0.815753 0.284096 0.0158528 0.00385072
1 0.973882 0.847228 0.00920818 0.00230633
1 0.621647 0.735164 0.00424301 0.0158686
1 0.411048 0.101929 0.0281384 0.0148485
1 0.323335 0.70229 0.00776985 0.0233736
1 0.363032 0.434923 0.0145613 0.0068426
1 0.843495 0.354974 0.00958058 0.003088
1 0.269787 0.84246 0.00254415 0.00962248
1 0.195776 0.225431 0.0393354 0.0179631
1 0.982575 0.27579 0.00644371 0.0140014
1 0.70655 0.252488 0.0153875 0.00503551
1 0.699367 0.510581 0.00434969 0.016793
1 0.691029 0.850885 0.00388599 0.0145482
1 0.97341 0.823902 0.0103001 0.00330653
1 0.0667584 0.176749 0.007211 0.0234337
0 0.348025 0.514698 0.0160141 0.0207643
0 0.86604 0.149829 0.00787047 0.0154903
1 0.616608 0.933562 0.0166612 0.00471522
1 0.729283 0.510165 0.00490908 0.0151468
1 0.972492 0.274971 0.00483941 0.0147999
1 0.426178 0.0538481 0.00343573 0.0107573
1 0.105767 0.707646 0.00418604 0.015851
