5 0.746576 0.509584 0.169459 0.165144
0 0.925025 0.974682 0.0146532 0.0256556
0 0.793537 0.903966 0.0143293 0.0248144
0 0.919275 0.898236 0.0133205 0.0246777
3 0.537399 0.743121 0.0389035 0.0690013
0 0.877346 0.894501 0.0152774 0.0264673
0 0.8495 0.884885 0.0140505 0.0268207
0 0.832604 0.840937 0.0141628 0.0237212
0 0.962333 0.676704 0.00991727 0.0164193
0 0.957972 0.938333 0.0172257 0.00939228
0 0.825073 0.936143 0.0140316 0.025697
0 0.173741 0.775646 0.0335863 0.0223512
0 0.96989 0.964877 0.0076449 0.0170222
0 0.575593 0.445884 0.0173851 0.00946023
0 0.907008 0.536573 0.00799317 0.0153091
2 0.178046 0.719884 0.0191746 0.0491159
0 0.963367 0.896588 0.0145133 0.0232663
0 0.826625 0.978386 0.0128428 0.0239642
0 0.545886 0.964243 0.0101953 0.0164037
0 0.890832 0.851675 0.0142496 0.0257885
0 0.811804 0.64283 0.0148499 0.00778542
0 0.952403 0.964381 0.0096545 0.0173012
0 0.940771 0.897269 0.0148423 0.0246837
0 0.8762 0.968029 0.0153964 0.0263376
0 0.813391 0.679394 0.0241113 0.0132132
1 0.52022 0.956875 0.0141347 0.00728132
0 0.990787 0.954605 0.00843617 0.0148456
1 0.46048 0.703332 0.0394401 0.0205565
0 0.873526 0.793446 0.025082 0.0141115
0 0.78961 0.945354 0.0250804 0.0155987
0 0.848257 0.977731 0.015398 0.0254009
0 0.77024 0.978018 0.0135412 0.0240689
2 0.50318 0.967145 0.0175536 0.0339095
0 0.744276 0.952172 0.0155962 0.0253196
0 0.604749 0.431232 0.00918241 0.0169703
0 0.74075 0.37547 0.014405 0.00825407
1 0.519716 0.979878 0.0149222 0.00788579
1 0.536496 0.700102 0.0282266 0.0159559
0 0.541691 0.653154 0.0168761 0.0084782
0 0.150445 0.426664 0.017925 0.00923116
0 0.826019 0.88194 0.0138747 0.0252318
1 0.8772 0.909493 0.0165021 0.00458789
1 0.160286 0.70265 0.01583 0.0141123
0 0.541826 0.637221 0.0171981 0.0101073
1 0.159833 0.735589 0.0157781 0.0109983
0 0.962469 0.850028 0.014023 0.02667
0 0.163541 0.409995 0.0160198 0.0099784
0 0.798792 0.979317 0.0141289 0.0248435
1 0.826165 0.96388 0.0157533 0.00443649
1 0.793587 0.918921 0.016774 0.00470146
1 0.321895 0.734436 0.0401344 0.0214136
1 0.877852 0.879504 0.0157823 0.00412675
1 0.558433 0.606509 0.0623405 0.029268
1 0.460078 0.792845 0.0403907 0.0187617
1 0.770185 0.963925 0.0149732 0.00379656
1 0.19489 0.719682 0.0165904 0.0110784
1 0.216607 0.526251 0.0657065 0.0279374
0 0.166576 0.512499 0.00947124 0.0162798
2 0.474924 0.433506 0.101847 0.104691
1 0.53776 0.785922 0.0269852 0.0153985
0 0.149942 0.443195 0.0180553 0.00891948
0 0.993036 0.70437 0.00912032 0.0137867
2 0.475226 0.564612 0.0982802 0.109657
1 0.888683 0.793348 0.00518336 0.0160851
1 0.152042 0.776355 0.00849361 0.0242383
1 0.604852 0.441422 0.0107732 0.00355511
1 0.925048 0.990172 0.0163381 0.00487675
1 0.564693 0.446308 0.00411324 0.0109754
1 0.558236 0.475224 0.0625884 0.0282809
1 0.925402 0.959089 0.0160794 0.00528761
1 0.832328 0.855028 0.0173607 0.00380726
1 0.793773 0.888459 0.0161237 0.00527354
3 0.459951 0.747316 0.053704 0.0722637
1 0.556223 0.396045 0.0584998 0.0240691
1 0.551672 0.653089 0.00325106 0.0107089
1 0.321503 0.823549 0.0407475 0.0211704
1 0.194027 0.775311 0.00825077 0.023813
1 0.556902 0.527592 0.0592325 0.0273138
1 0.48651 0.978926 0.0158047 0.00664996
3 0.324397 0.779114 0.0512051 0.0688927
1 0.96345 0.881487 0.0163574 0.0059483
1 0.962413 0.666626 0.0108751 0.00351152
1 0.848234 0.963228 0.0156012 0.0044737
0 0.992017 0.748919 0.0085014 0.0175309
1 0.797821 0.965465 0.0148413 0.00284958
1 0.552638 0.637142 0.00489025 0.0126406
1 0.797583 0.964995 0.016091 0.00401594
1 0.824847 0.920553 0.0153957 0.00579384
1 0.843873 0.564661 0.0275466 0.00575907
1 0.731631 0.376048 0.00406284 0.00861828
1 0.411446 0.436214 0.0270308 0.0900775
1 0.799663 0.679311 0.00371408 0.0144244
1 0.645031 0.504971 0.0292156 0.00584462
1 0.166405 0.502791 0.0100042 0.00371802
1 0.991948 0.73823 0.00912438 0.00279836
1 0.645116 0.488084 0.0290318 0.00568112
1 0.906963 0.527542 0.00910268 0.002597
1 0.644929 0.479948 0.0294278 0.00557283
1 0.644426 0.556792 0.03037 0.00594048
1 0.739947 0.609739 0.00559366 0.0295376
1 0.844178 0.513489 0.0291574 0.00558065
1 0.6448 0.574307 0.0291098 0.00518324
1 0.217116 0.471496 0.0674492 0.0290193
1 0.644781 0.565428 0.0297712 0.00539373
1 0.486717 0.956014 0.0138125 0.00428985
1 0.843769 0.573961 0.0275785 0.0057273
1 0.843406 0.470593 0.0285992 0.0059711
0 0.900409 0.898468 0.0094582 0.019659
1 0.843905 0.556257 0.0276663 0.00586094
1 0.216799 0.602864 0.068826 0.0303775
2 0.299845 0.435445 0.10435 0.111998
1 0.645263 0.496833 0.0288756 0.00521244
1 0.159675 0.426553 0.00265442 0.00957536
1 0.182281 0.806885 0.00544637 0.0160692
1 0.644975 0.513793 0.0289697 0.00564062
1 0.160122 0.442878 0.00304282 0.0101503
1 0.876092 0.951596 0.016714 0.00556908
1 0.949797 0.938417 0.00399693 0.00982403
0 0.952656 0.966984 0.0101769 0.0135298
1 0.644552 0.462888 0.0296571 0.00577701
1 0.798967 0.995166 0.0173282 0.00629969
1 0.849757 0.869996 0.0165424 0.00486899
1 0.843648 0.505058 0.0294247 0.00588942
1 0.644897 0.471461 0.0294864 0.00545433
1 0.743951 0.963989 0.0167173 0.0100295
1 0.843361 0.462318 0.0280046 0.00600777
1 0.731395 0.609933 0.00532701 0.029801
1 0.748145 0.609616 0.00556289 0.0299491
1 0.849441 0.901475 0.0162988 0.00500713
1 0.963157 0.863754 0.0153798 0.00766648
1 0.843844 0.487927 0.0291636 0.0055753
1 0.843684 0.496481 0.0293999 0.00564144
0 0.857611 0.767283 0.0269788 0.0156288
1 0.843827 0.479502 0.0289135 0.00562996
1 0.848884 0.9948 0.016921 0.00676583
1 0.801989 0.642575 0.00339721 0.00963999
0 0.418919 0.646908 0.0291386 0.0147038
1 0.963594 0.912627 0.0153093 0.00721597
0 0.0111151 0.873414 0.0179733 0.0204484
1 0.992926 0.714547 0.0097922 0.00480627
