3 0.764915 0.914313 0.0691123 0.0532374
5 0.406802 0.741152 0.169368 0.162065
3 0.645719 0.340646 0.0520704 0.0801339
0 0.677795 0.887117 0.0265429 0.0154386
2 0.636621 0.778951 0.0898659 0.109625
0 0.338509 0.925738 0.0135743 0.0256252
2 0.630108 0.658392 0.0918087 0.110079
3 0.187204 0.928138 0.0713861 0.0585129
0 0.0533917 0.204083 0.0152744 0.00873466
0 0.262841 0.94264 0.0237482 0.0125525
0 0.288788 0.623081 0.0156206 0.00810592
0 0.35083 0.889274 0.015526 0.00882039
0 0.518253 0.909607 0.0268109 0.0144977
0 0.723689 0.660444 0.0238607 0.0132523
0 0.466603 0.91144 0.0231754 0.0120497
0 0.479001 0.532779 0.0432247 0.0550785
0 0.30296 0.939037 0.0260539 0.0135255
0 0.10734 0.655148 0.0255557 0.0143411
0 0.0207921 0.0408887 0.016109 0.00949724
0 0.0540151 0.186998 0.0145045 0.0086396
0 0.569147 0.933859 0.0256491 0.0143628
1 0.810138 0.913597 0.0199027 0.0428981
0 0.162685 0.255559 0.0149836 0.00926995
0 0.467346 0.940493 0.0307374 0.0189846
0 0.408426 0.501682 0.0438347 0.0544181
0 0.0515199 0.383833 0.0156727 0.00839121
0 0.80278 0.863057 0.0256983 0.0148794
0 0.0179655 0.660993 0.0169768 0.00912501
0 0.769193 0.362836 0.00958502 0.0163935
0 0.393659 0.894698 0.0244994 0.0131106
0 0.313562 0.903095 0.00978814 0.0166471
0 0.646589 0.583375 0.014878 0.0079422
0 0.563264 0.861152 0.0232189 0.012471
0 0.0583031 0.638375 0.00829613 0.016518
0 0.0395241 0.284493 0.0143188 0.0271292
0 0.315932 0.872598 0.0261965 0.0129003
0 0.521631 0.539075 0.00893058 0.0170841
0 0.640862 0.904497 0.0144031 0.0259285
1 0.0577621 0.628644 0.0105227 0.00287603
0 0.198945 0.573433 0.0272717 0.0140099
0 0.521439 0.868819 0.0238116 0.0123379
0 0.635589 0.938925 0.0267392 0.0152196
0 0.203177 0.621527 0.0152 0.00830997
0 0.585768 0.555965 0.0255366 0.050323
0 0.643495 0.857031 0.0241302 0.011995
0 0.152011 0.272897 0.0153367 0.00842889
0 0.563296 0.909749 0.0256023 0.0144463
0 0.244313 0.622922 0.0148058 0.00796696
0 0.244202 0.573345 0.0245106 0.0132788
0 0.2636 0.749903 0.00844718 0.0159118
0 0.500978 0.841683 0.00770081 0.0140797
0 0.162612 0.294956 0.0153964 0.00893546
0 0.385004 0.932235 0.0148412 0.0249932
0 0.142459 0.564568 0.0159142 0.00822811
0 0.114971 0.392397 0.00817832 0.0154281
0 0.28763 0.573402 0.0275143 0.0146801
1 0.146461 0.856356 0.02805 0.0646324
0 0.735387 0.861445 0.0253686 0.0154225
0 0.0755016 0.638413 0.0094282 0.0168087
0 0.758848 0.693564 0.00964925 0.0160475
0 0.794484 0.513027 0.00894428 0.0164173
0 0.313158 0.841659 0.0153568 0.00825601
1 0.225214 0.856382 0.0279137 0.0630062
0 0.534101 0.583702 0.00799867 0.0143217
1 0.14118 0.926879 0.0188628 0.0426612
1 0.585512 0.525544 0.0257817 0.00965109
1 0.644769 0.293688 0.042768 0.0143123
2 0.185407 0.768711 0.105582 0.111629
1 0.230914 0.926994 0.0183222 0.0423982
1 0.720743 0.914747 0.0192812 0.0414696
1 0.480914 0.911013 0.00552565 0.0143022
1 0.276845 0.941927 0.00411856 0.0149214
1 0.40763 0.534227 0.0497369 0.0115189
1 0.447194 0.940437 0.00836207 0.0220434
1 0.338877 0.910554 0.0157325 0.0042572
0 0.200753 0.10943 0.00804848 0.0151654
1 0.253665 0.622866 0.00327612 0.0101108
0 0.264698 0.806936 0.0137614 0.0255444
1 0.478258 0.565062 0.049615 0.0110378
0 0.688854 0.309562 0.00743866 0.0150887
1 0.0758559 0.628622 0.0110025 0.00346637
1 0.477942 0.499977 0.0502182 0.010772
0 0.677702 0.94024 0.0248644 0.0149128
1 0.486615 0.940938 0.00841891 0.0217495
0 0.362066 0.918638 0.0138811 0.0247688
1 0.3789 0.89419 0.0043067 0.0149138
1 0.714407 0.820121 0.0644476 0.0246304
1 0.213987 0.573555 0.00383899 0.0154466
1 0.264799 0.792437 0.0147982 0.00497318
0 0.68956 0.3647 0.00727557 0.0147374
1 0.563507 0.657553 0.0404894 0.0955993
0 0.132749 0.412952 0.00839576 0.0164391
1 0.794487 0.502564 0.0097261 0.00400709
1 0.0393311 0.268006 0.0169685 0.00481665
1 0.152393 0.564416 0.00393481 0.0095303
1 0.81867 0.86308 0.00571798 0.0158569
1 0.713371 0.741606 0.0643558 0.0238704
1 0.536045 0.868391 0.00515791 0.0138907
1 0.737631 0.660574 0.00508868 0.0148392
1 0.407051 0.468824 0.0530954 0.0104946
1 0.650791 0.939161 0.0046595 0.0167658
1 0.533854 0.909622 0.00497655 0.0156276
1 0.385422 0.91766 0.015272 0.00369957
1 0.0434164 0.204635 0.00312874 0.0103043
1 0.323436 0.841311 0.00411071 0.0104608
1 0.629181 0.856557 0.00490139 0.0140098
1 0.0395982 0.300118 0.0173961 0.00466397
1 0.707792 0.696242 0.065092 0.0252459
1 0.692125 0.940075 0.00570966 0.0166114
1 0.709638 0.65998 0.00609682 0.0146821
1 0.707862 0.618915 0.0658267 0.0260257
1 0.502907 0.909945 0.00444722 0.0159569
1 0.620651 0.939265 0.00379387 0.0169289
1 0.338407 0.940154 0.0153855 0.00441492
1 0.330796 0.872338 0.00408923 0.0142872
1 0.300262 0.872215 0.00411152 0.0155929
1 0.152779 0.295226 0.00304555 0.00956116
1 0.550184 0.861238 0.0036426 0.0136794
1 0.18496 0.704307 0.0913654 0.0278786
1 0.122415 0.655433 0.00487348 0.0165725
1 0.0913585 0.655372 0.00485616 0.0165496
1 0.786839 0.862913 0.00538979 0.0158677
1 0.758907 0.683744 0.0108819 0.00326538
1 0.408737 0.894384 0.00578855 0.0154302
1 0.299565 0.623059 0.00440926 0.0102344
1 0.247864 0.941637 0.00537441 0.0150786
1 0.385052 0.947762 0.0162117 0.00489019
1 0.0103926 0.0407724 0.00357605 0.0102691
1 0.419543 0.840247 0.00553622 0.0289767
1 0.505759 0.736716 0.0274506 0.00525121
1 0.384973 0.91832 0.0151818 0.00386297
0 0.67773 0.910754 0.0275721 0.0146985
1 0.317992 0.938918 0.00445135 0.0146718
7 0.389548 0.270012 0.36509 0.364944
1 0.684716 0.658406 0.019465 0.0131326
1 0.263014 0.739412 0.00863935 0.00348426
1 0.505631 0.770438 0.0283008 0.005426
1 0.689208 0.299891 0.00888731 0.00339764
1 0.570595 0.782003 0.0391162 0.0994276
1 0.183321 0.573188 0.00395196 0.0167804
1 0.38542 0.840264 0.00466866 0.0289624
1 0.307898 0.745424 0.0300436 0.00573449
1 0.393738 0.840272 0.00523614 0.0292323
1 0.230563 0.573538 0.00376672 0.0151132
1 0.521892 0.549881 0.00989057 0.00427759
1 0.505279 0.728172 0.0284293 0.00594017
1 0.411 0.840274 0.00548672 0.0292053
1 0.500998 0.831543 0.00871877 0.00319553
1 0.153034 0.25545 0.00426797 0.00903832
1 0.307375 0.685269 0.0300805 0.00538898
1 0.362102 0.888746 0.00405484 0.00872015
1 0.307978 0.778979 0.0308322 0.00511907
1 0.505646 0.762239 0.0281378 0.00550961
1 0.307796 0.737055 0.0301977 0.00560973
1 0.505662 0.68539 0.0273637 0.00574375
1 0.646099 0.387195 0.0410871 0.0109392
1 0.307771 0.770778 0.0305366 0.00572323
1 0.693064 0.886876 0.00452279 0.0161516
1 0.341191 0.88898 0.00405549 0.00939873
1 0.636934 0.583143 0.00289167 0.00890019
1 0.534154 0.574034 0.00856781 0.00377936
1 0.4023 0.840324 0.0053997 0.0292621
1 0.505499 0.779265 0.0281224 0.00561811
1 0.427654 0.840045 0.00541268 0.0287495
1 0.00970765 0.00420313 0.0131457 0.00405293
1 0.307018 0.676317 0.0292885 0.00651431
1 0.30768 0.728342 0.0299746 0.0057914
1 0.521238 0.528434 0.00944541 0.00357293
1 0.661582 0.887091 0.00499975 0.0166033
1 0.506221 0.868662 0.00561642 0.0130682
1 0.307898 0.753908 0.0299708 0.00601052
1 0.469969 0.842214 0.00676715 0.0328163
1 0.691505 0.781038 0.0203505 0.0136815
1 0.505668 0.745267 0.0277235 0.00528048
1 0.307855 0.787378 0.0305281 0.00570085
1 0.427788 0.642267 0.00606327 0.0300643
1 0.0278063 0.660899 0.00279223 0.010107
1 0.550036 0.860697 0.00488281 0.0134282
1 0.505527 0.676856 0.0281951 0.00512458
1 0.307794 0.762336 0.0301201 0.00589146
1 0.307472 0.693957 0.0306289 0.00579002
1 0.341807 0.839332 0.00549016 0.0273064
1 0.132805 0.402922 0.00945394 0.00332845
1 0.36179 0.904355 0.0142931 0.00548979
1 0.376779 0.840408 0.00509181 0.0283574
1 0.641039 0.919417 0.0163505 0.00438428
1 0.505693 0.753624 0.02792 0.0057101
1 0.435913 0.839972 0.00577723 0.028835
1 0.552976 0.933145 0.00626279 0.0157268
1 0.341651 0.64272 0.00539567 0.0293432
1 0.419116 0.642326 0.0055446 0.0305196
1 0.451826 0.910642 0.0061053 0.0148661
1 0.50575 0.693688 0.0272281 0.0056577
1 0.639968 0.888296 0.0192242 0.00476468
1 0.313423 0.893553 0.0107527 0.00393558
1 0.505573 0.787438 0.0279806 0.00567002
1 0.0420045 0.383842 0.00307728 0.00899187
0 0.0101962 0.0154479 0.0162259 0.0165607
1 0.21326 0.621375 0.00413513 0.00947902
1 0.435728 0.642302 0.00555085 0.0300207
1 0.0437615 0.186797 0.00314735 0.00926548
1 0.385501 0.642107 0.00458098 0.0294878
1 0.584973 0.584728 0.0278073 0.0103605
3 0.0158454 0.202534 0.0224936 0.0190234
