0 0.167797 0.574507 0.0151312 0.0255892
0 0.272557 0.44421 0.00814866 0.016006
0 0.381801 0.945713 0.00891567 0.0156717
0 0.359311 0.415429 0.0173018 0.00972773
0 0.404698 0.945224 0.00877308 0.0161326
0 0.107986 0.508753 0.0094716 0.0169794
0 0.206734 0.465492 0.0146266 0.0250518
0 0.0259589 0.443168 0.0148625 0.0249438
0 0.244409 0.340285 0.014525 0.0265746
1 0.300219 0.363623 0.00883196 0.0146859
0 0.222733 0.388036 0.0137209 0.0252189
0 0.290586 0.239638 0.0104235 0.0161691
0 0.295522 0.44737 0.0172081 0.0100301
0 0.358695 0.945638 0.00840487 0.0154517
0 0.200106 0.517488 0.0158427 0.00838398
0 0.334444 0.946922 0.0149275 0.00802306
0 0.159509 0.385306 0.0155419 0.0263011
0 0.245337 0.388429 0.0147011 0.024379
0 0.234771 0.455333 0.00943905 0.0164604
0 0.633815 0.936283 0.015522 0.00856149
0 0.107746 0.370908 0.0137839 0.0250271
0 0.0752426 0.393857 0.0141758 0.0255564
0 0.186578 0.539296 0.00896168 0.0159862
0 0.775916 0.283575 0.021985 0.0377919
0 0.149745 0.814435 0.0126773 0.0242785
0 0.601776 0.888473 0.0150652 0.00857306
0 0.739006 0.617053 0.00984761 0.0162574
0 0.0938403 0.133256 0.0138378 0.00773478
0 0.62215 0.964256 0.00825 0.0153467
0 0.0496431 0.9417 0.0196141 0.0338987
0 0.318304 0.391598 0.0152036 0.008085
0 0.349108 0.366727 0.00942005 0.0167645
2 0.743651 0.161688 0.0719518 0.0572949
0 0.106401 0.426573 0.0141592 0.0252306
0 0.15623 0.730331 0.0157861 0.00826401
0 0.555601 0.903795 0.00882477 0.0152462
0 0.0955079 0.170136 0.0249208 0.0132569
0 0.434325 0.949432 0.0157641 0.00890444
0 0.204433 0.651044 0.0139044 0.0262539
0 0.188572 0.71922 0.0164498 0.00887005
0 0.239739 0.429045 0.0165529 0.00930849
2 0.311845 0.347938 0.0335754 0.0162273
0 0.0626046 0.557174 0.0153665 0.0252613
0 0.121739 0.577185 0.0264636 0.0137649
0 0.12251 0.600446 0.0253337 0.0141495
0 0.0386386 0.572094 0.0141362 0.0258093
0 0.380662 0.904406 0.00859214 0.0155709
0 0.195264 0.825825 0.0154199 0.00834637
0 0.54786 0.104766 0.00823687 0.0156703
0 0.157715 0.458575 0.0149372 0.0257806
0 0.136292 0.971308 0.0257991 0.0138416
0 0.283356 0.418448 0.0103339 0.015923
0 0.0837432 0.94015 0.024927 0.0132721
0 0.0956103 0.970459 0.0251965 0.0141518
0 0.576141 0.0561384 0.00839565 0.0161999
2 0.379506 0.348219 0.0321829 0.0171116
0 0.459151 0.959248 0.00954175 0.0150553
0 0.621177 0.85373 0.0160679 0.0075915
0 0.328391 0.910919 0.0152987 0.00891007
0 0.20087 0.388743 0.0129151 0.0244743
0 0.742985 0.282733 0.0212626 0.0364593
0 0.602267 0.905698 0.0172794 0.00942831
0 0.128224 0.620629 0.016501 0.00883271
0 0.564609 0.955411 0.0164205 0.00829459
0 0.600143 0.111862 0.00977375 0.0166972
0 0.125585 0.942694 0.0258554 0.0137026
0 0.121735 0.743573 0.0135908 0.0250325
0 0.0518273 0.468843 0.0140809 0.0257206
0 0.772574 0.782134 0.00806877 0.0161172
0 0.51807 0.13821 0.0165093 0.00933692
0 0.114733 0.330419 0.013982 0.0254875
0 0.0767371 0.909331 0.0128907 0.0254246
1 0.321971 0.364022 0.00750251 0.0143657
0 0.758792 0.571275 0.0153748 0.0259273
0 0.0725982 0.874251 0.0260035 0.0144987
0 0.13197 0.374976 0.0138739 0.0265753
0 0.292883 0.931851 0.0202331 0.0298728
0 0.80557 0.280859 0.0129613 0.0238051
1 0.774927 0.261571 0.0228036 0.00898527
0 0.108369 0.469536 0.0126709 0.0250691
0 0.18046 0.970136 0.0254457 0.0131646
0 0.685592 0.611974 0.00910055 0.0164844
0 0.580937 0.111801 0.00989364 0.0162651
0 0.0756185 0.593318 0.025122 0.0138696
0 0.195246 0.875616 0.0148102 0.00794964
0 0.189113 0.0271095 0.00869579 0.0155881
0 0.750821 0.662974 0.0257068 0.0146895
0 0.156189 0.778322 0.0146482 0.00835919
0 0.0722321 0.435983 0.0260102 0.0142253
0 0.237593 0.874134 0.0158292 0.00869157
1 0.742514 0.261095 0.0210948 0.00782407
0 0.721382 0.61175 0.00918254 0.0158544
0 0.129429 0.701245 0.0160179 0.00925445
0 0.404162 0.9042 0.00829862 0.0152926
0 0.197177 0.786011 0.0156209 0.00755979
0 0.182045 0.388564 0.00918513 0.0179426
0 0.653654 0.747839 0.00965425 0.0166106
0 0.200397 0.496947 0.0156916 0.0083262
0 0.173153 0.342637 0.014528 0.025055
0 0.653919 0.703479 0.00848432 0.0167173
0 0.080281 0.469476 0.0141727 0.0257285
0 0.358475 0.904605 0.00868832 0.0146311
0 0.0709584 0.615682 0.0245608 0.013598
0 0.251161 0.455461 0.00794608 0.0162771
1 0.168202 0.559609 0.0163318 0.00345405
0 0.0826042 0.508701 0.014942 0.0253766
0 0.130091 0.468728 0.0152482 0.0248576
0 0.238021 0.898146 0.0161895 0.0087446
0 0.181855 0.702607 0.0158008 0.00867531
0 0.201683 0.746675 0.00813823 0.0151749
0 0.772927 0.741054 0.00821304 0.0148905
0 0.467815 0.932938 0.0147224 0.00828884
0 0.0861237 0.692387 0.0241374 0.0139234
0 0.56204 0.976373 0.0165842 0.00906847
0 0.0442419 0.826168 0.0249513 0.013275
0 0.194943 0.852562 0.0142676 0.00741621
0 0.127684 0.637955 0.0158778 0.00848795
0 0.195247 0.899227 0.0144452 0.00795377
0 0.737063 0.522221 0.00969121 0.0154419
1 0.245625 0.372703 0.016513 0.00481756
0 0.154227 0.283625 0.0256816 0.012877
1 0.245094 0.402875 0.0151356 0.00404514
0 0.169733 0.537039 0.0100871 0.0166567
1 0.0619173 0.542505 0.0161903 0.00434044
1 0.0747931 0.377886 0.0168799 0.00537597
1 0.150376 0.79901 0.0155875 0.0055108
0 0.729572 0.691234 0.0161297 0.00926421
1 0.159719 0.370027 0.0162866 0.00413291
1 0.107918 0.519357 0.0108066 0.003852
0 0.4349 0.926301 0.0152163 0.00774527
0 0.702955 0.535223 0.00939966 0.0170414
0 0.174153 0.493778 0.00805723 0.0148075
0 0.349112 0.334445 0.00778126 0.0151132
1 0.206618 0.480174 0.0159338 0.0042945
1 0.293184 0.951706 0.0221691 0.00920486
1 0.689485 0.791963 0.0175622 0.0100393
1 0.167821 0.589542 0.0164451 0.00472716
1 0.206675 0.785513 0.00306588 0.00938766
1 0.736913 0.511778 0.010477 0.00416208
1 0.0490399 0.964492 0.0221596 0.00860608
1 0.599986 0.122101 0.010749 0.00410634
1 0.704028 0.621774 0.0093911 0.00400875
1 0.207058 0.450033 0.016273 0.0042815
1 0.244594 0.355236 0.016259 0.00459371
1 0.106283 0.411021 0.0156932 0.00473463
1 0.368361 0.364815 0.00700663 0.0146541
0 0.0554811 0.662343 0.0139416 0.0264051
0 0.237861 0.854852 0.0149572 0.0076908
1 0.36875 0.331736 0.00760019 0.0151399
0 0.29942 0.418382 0.00798207 0.0143958
3 0.690595 0.761918 0.0422315 0.0487833
0 0.703815 0.611929 0.00888643 0.0163126
1 0.251594 0.465246 0.00949273 0.00281296
0 0.460885 0.913978 0.0141428 0.00856762
1 0.0257919 0.458359 0.0167608 0.00489532
1 0.65344 0.737184 0.0115378 0.00384615
1 0.151548 0.971231 0.00444192 0.0155189
0 0.624847 0.870629 0.0148028 0.00781488
1 0.559109 0.140942 0.00373378 0.00980013
1 0.10676 0.441333 0.0155525 0.00397326
1 0.159313 0.400983 0.0170751 0.00501142
1 0.108052 0.356536 0.0153308 0.00452805
1 0.293095 0.911037 0.023 0.0108887
1 0.157227 0.474109 0.0170144 0.00498856
1 0.198774 0.719747 0.00435241 0.00934788
1 0.12172 0.729176 0.014749 0.00387004
0 0.244451 0.167805 0.00970017 0.0173667
1 0.244786 0.324755 0.016468 0.00418507
1 0.0573403 0.874062 0.00421305 0.0177598
1 0.158057 0.443303 0.0168857 0.00509797
1 0.0566039 0.436206 0.00495674 0.0155058
1 0.644174 0.935838 0.00333448 0.00973229
1 0.743244 0.305081 0.0234271 0.00833749
1 0.0805558 0.970418 0.00455293 0.0162769
1 0.0482161 0.920563 0.0220892 0.00764453
1 0.13703 0.637795 0.0027824 0.0100815
1 0.324649 0.946978 0.00310729 0.0101097
1 0.191991 0.701988 0.00333148 0.0101504
1 0.121289 0.97091 0.00466484 0.0160312
1 0.622104 0.973521 0.00959803 0.0033221
1 0.234521 0.465804 0.0108984 0.00428028
0 0.548832 0.14071 0.0167777 0.00909341
1 0.222893 0.404172 0.0145726 0.00728892
1 0.200899 0.403515 0.0148687 0.00425758
1 0.0979129 0.941137 0.00311926 0.0135305
1 0.700378 0.162382 0.0165983 0.0391705
1 0.285373 0.447006 0.00250125 0.011132
1 0.114665 0.315496 0.0147559 0.00378293
1 0.26684 0.910963 0.0102261 0.00376511
1 0.290553 0.229719 0.0113607 0.00334543
1 0.459208 0.949238 0.00989342 0.00391757
1 0.685862 0.621795 0.0100542 0.00341453
1 0.574212 0.955637 0.00267554 0.00927922
1 0.106759 0.600638 0.00463224 0.0175676
0 0.266866 0.921267 0.00957942 0.0162945
1 0.0906951 0.593472 0.00417405 0.0142605
1 0.204621 0.635596 0.0148115 0.00418948
1 0.0766884 0.894011 0.0154719 0.00468082
1 0.550899 0.976402 0.00293294 0.0102056
1 0.789818 0.16293 0.0195212 0.0395336
0 0.547555 0.0708176 0.00744654 0.0137149
1 0.13688 0.577312 0.00405043 0.0133605
1 0.300311 0.331183 0.00589408 0.0159007
1 0.204516 0.666618 0.0158694 0.00511313
1 0.581211 0.121532 0.0107873 0.00355837
1 0.246294 0.874051 0.00208187 0.00963136
1 0.201783 0.737746 0.00808287 0.00372121
1 0.369886 0.41581 0.00444662 0.0110681
1 0.106148 0.576702 0.00397791 0.016263
1 0.299918 0.409723 0.00798316 0.00325025
1 0.32273 0.331243 0.00483466 0.0153381
1 0.149777 0.829824 0.0144006 0.00622546
1 0.16966 0.526883 0.00999993 0.00287459
1 0.775989 0.305608 0.0247293 0.00696314
1 0.191595 0.496733 0.00365181 0.00879969
0 0.592578 0.932513 0.0153419 0.00739957
1 0.0812704 0.17039 0.00312832 0.0150618
1 0.107563 0.386385 0.0158564 0.00506692
1 0.471438 0.913247 0.00418213 0.0101891
1 0.0626764 0.572878 0.0171426 0.00453874
1 0.348927 0.415488 0.00394752 0.0103579
1 0.145859 0.730211 0.00399297 0.00965925
1 0.205557 0.898993 0.00399102 0.00957395
1 0.555437 0.894468 0.00924901 0.00204599
1 0.0832132 0.524904 0.0161789 0.00585293
1 0.0581347 0.826243 0.00355885 0.014261
1 0.690394 0.731965 0.0184331 0.0112906
1 0.612842 0.905927 0.00341322 0.0105124
1 0.229828 0.428919 0.00236922 0.0103866
1 0.168952 0.283463 0.00401198 0.0127957
0 0.274894 0.194873 0.00804198 0.0136854
1 0.738501 0.606279 0.0108039 0.00263764
1 0.174177 0.502756 0.00891948 0.00420311
1 0.654217 0.714176 0.00923038 0.00369463
1 0.457611 0.932499 0.00299501 0.00893521
1 0.379592 0.364932 0.00515225 0.0145384
1 0.404203 0.894558 0.00956463 0.00288272
1 0.348657 0.32519 0.00835775 0.00319218
1 0.404625 0.9558 0.00958865 0.0041876
1 0.379866 0.894998 0.00861143 0.00276972
1 0.358654 0.89503 0.00860736 0.00230739
0 0.273938 0.239557 0.00810004 0.0147702
1 0.138865 0.283721 0.00562424 0.0161448
1 0.0751802 0.408883 0.0161553 0.00448965
5 0.435381 0.681175 0.340298 0.347086
1 0.309333 0.391791 0.00296067 0.00868403
1 0.424546 0.949173 0.00417084 0.0093033
1 0.0259559 0.42761 0.0169144 0.00474905
1 0.728868 0.194688 0.0122979 0.00987494
1 0.137098 0.600298 0.00433853 0.0155398
1 0.576584 0.0659374 0.00965725 0.00316322
1 0.0889278 0.874547 0.00492549 0.0162375
1 0.0630626 0.573601 0.0155664 0.004666
1 0.382021 0.955865 0.00984861 0.00471196
1 0.349096 0.356288 0.00963933 0.00257229
1 0.772938 0.730894 0.00923963 0.0037551
1 0.338586 0.91065 0.00414164 0.0097418
1 0.772481 0.792584 0.00934926 0.0032308
1 0.205876 0.825203 0.00412183 0.0093325
7 0.434401 0.679447 0.340501 0.343037
1 0.52797 0.138382 0.00352253 0.0107962
1 0.146326 0.777715 0.00480669 0.00880126
1 0.317655 0.910712 0.0040437 0.0101104
1 0.222532 0.372775 0.0148155 0.00409664
1 0.185147 0.825472 0.00430662 0.00971816
0 0.214066 0.166373 0.0162107 0.0284095
1 0.272698 0.433566 0.00873372 0.0026207
3 0.742983 0.162434 0.0712149 0.0558755
1 0.581028 0.496557 0.00544589 0.028913
1 0.0388396 0.588416 0.0173606 0.00514865
1 0.72185 0.621257 0.00977325 0.00289467
1 0.0605319 0.593356 0.00538501 0.0135274
1 0.591544 0.905518 0.00449778 0.0108646
1 0.173033 0.355925 0.0152118 0.00449593
1 0.548103 0.114119 0.00885891 0.00324503
1 0.214137 0.182319 0.0167559 0.0050092
1 0.119752 0.701072 0.00401806 0.0100138
1 0.73865 0.69114 0.00293994 0.0106496
1 0.283143 0.409407 0.0103493 0.00340652
1 0.05799 0.615447 0.00320521 0.0142954
1 0.246787 0.87452 0.00284159 0.00995842
1 0.404225 0.934629 0.00820804 0.0031974
1 0.205889 0.875762 0.00357293 0.00922331
1 0.572731 0.496346 0.00543619 0.0306095
1 0.200912 0.373258 0.0150862 0.0052862
0 0.623439 0.853977 0.0128162 0.00781669
1 0.24696 0.557015 0.030022 0.00629688
1 0.247041 0.565632 0.0308454 0.00552037
1 0.0382049 0.55838 0.0148693 0.0043919
1 0.088279 0.436335 0.00525055 0.0160475
