3 0.0659643 0.906191 0.0741463 0.0556582
2 0.258351 0.41979 0.0682883 0.0851849
0 0.69992 0.41885 0.00943256 0.0162797
0 0.723294 0.284905 0.0145152 0.0260235
2 0.903281 0.256942 0.0331412 0.0172589
0 0.385852 0.667632 0.0278879 0.0151901
0 0.046678 0.667051 0.0327595 0.0205035
1 0.06859 0.628036 0.011516 0.0139485
2 0.319484 0.591686 0.064427 0.0849128
0 0.630185 0.481489 0.0136559 0.0252999
2 0.378228 0.42365 0.0166992 0.0329212
0 0.59941 0.714199 0.0137191 0.0231338
0 0.719838 0.530593 0.0158753 0.00921418
0 0.950158 0.855536 0.0084433 0.0153307
0 0.764771 0.252601 0.0144503 0.0254303
0 0.940289 0.276706 0.00968458 0.0161095
0 0.395947 0.636703 0.00960888 0.0167732
0 0.124181 0.660789 0.0215567 0.0383764
1 0.15729 0.659681 0.0221786 0.00761845
0 0.881949 0.14943 0.00995924 0.0168527
0 0.713466 0.652764 0.0135053 0.024337
0 0.699211 0.378491 0.0133713 0.0229179
0 0.747403 0.19373 0.023828 0.0136765
0 0.10019 0.49421 0.0203663 0.0379349
0 0.788031 0.735752 0.0146666 0.0080552
1 0.0534754 0.592564 0.0115861 0.0162735
0 0.884814 0.841133 0.0194942 0.0316169
0 0.362061 0.78012 0.027444 0.0153101
0 0.12104 0.707133 0.0276225 0.0151572
0 0.415034 0.0535896 0.017425 0.0088681
1 0.294385 0.887123 0.010551 0.0149402
0 0.674414 0.418542 0.014888 0.0252322
1 0.392695 0.379999 0.0147974 0.00820738
0 0.0457886 0.700704 0.0332675 0.0201079
0 0.751343 0.294485 0.0152546 0.0263637
0 0.259161 0.966282 0.00882888 0.0166266
0 0.400793 0.534288 0.0150693 0.0280119
0 0.669555 0.818646 0.0125065 0.0236306
0 0.754408 0.964652 0.032744 0.0197184
0 0.646741 0.571611 0.0136065 0.026305
0 0.654192 0.467474 0.0154791 0.0250975
0 0.280125 0.841749 0.0166765 0.00976763
0 0.0466229 0.17662 0.0340729 0.0210258
0 0.230621 0.490127 0.0334515 0.0207467
2 0.0526487 0.610646 0.0462342 0.0202777
0 0.720102 0.610777 0.0166339 0.00953699
0 0.237121 0.570294 0.0127814 0.0242293
0 0.64321 0.378236 0.014673 0.0255102
0 0.940931 0.244736 0.00704193 0.0147812
0 0.415193 0.0368222 0.0166355 0.00996253
0 0.866065 0.105301 0.00931124 0.0160028
3 0.410527 0.144309 0.0376799 0.0661561
0 0.314746 0.655597 0.0247035 0.0130985
0 0.676732 0.849754 0.0247816 0.013415
0 0.727871 0.881444 0.0247452 0.0136352
1 0.395096 0.411762 0.0150045 0.00584555
0 0.773629 0.612112 0.0154912 0.0084453
0 0.706393 0.240415 0.0142288 0.0249529
1 0.0328291 0.136637 0.0154144 0.0125709
0 0.741536 0.72389 0.0127546 0.021182
0 0.30152 0.765568 0.0331875 0.021865
0 0.687293 0.880246 0.0255115 0.014843
0 0.793048 0.297204 0.0134738 0.0239717
0 0.183566 0.390477 0.00754375 0.0156933
0 0.332737 0.415799 0.00790196 0.0157636
0 0.189595 0.818479 0.0204451 0.0327134
0 0.765985 0.402855 0.00905465 0.0158775
1 0.251783 0.490013 0.0074923 0.022928
0 0.973032 0.855726 0.00920974 0.0152478
0 0.232426 0.82376 0.0248177 0.0126904
2 0.285619 0.903268 0.0337871 0.0175342
0 0.663161 0.52518 0.0242604 0.0141909
0 0.721641 0.378428 0.0149059 0.0249192
1 0.283495 0.918772 0.00975074 0.0138013
0 0.529365 0.979781 0.0271561 0.0146672
0 0.596677 0.788343 0.0257922 0.0139412
0 0.826458 0.365315 0.00860333 0.0162626
0 0.618387 0.353113 0.0143921 0.0249482
2 0.970179 0.258522 0.0321867 0.0181428
0 0.187962 0.681376 0.0208499 0.0341752
0 0.749419 0.368554 0.0145197 0.0261978
0 0.716099 0.852208 0.0256979 0.012718
0 0.303042 0.702486 0.0352181 0.0209186
0 0.157246 0.816945 0.0221646 0.0352854
1 0.18742 0.65992 0.0229136 0.00773739
1 0.0366228 0.627984 0.01029 0.0141324
0 0.713853 0.51011 0.026634 0.0142067
0 0.419106 0.365353 0.00863338 0.0165855
0 0.77811 0.449022 0.0081627 0.0156882
0 0.664449 0.345911 0.0257571 0.015147
0 0.587453 0.38079 0.0217152 0.0341539
0 0.698155 0.335328 0.0137608 0.0242767
0 0.667185 0.502861 0.0241022 0.0137341
1 0.699138 0.393336 0.0144187 0.00443512
0 0.829664 0.784326 0.0161493 0.00817183
0 0.599497 0.816191 0.0274132 0.0148849
0 0.150929 0.58546 0.0273402 0.0143392
0 0.0689516 0.495699 0.0209572 0.0338848
0 0.950363 0.32567 0.0164438 0.00941055
0 0.686899 0.0798514 0.0243437 0.0134197
0 0.684717 0.0433791 0.0144541 0.00729395
1 0.195177 0.134983 0.040563 0.0210775
0 0.157609 0.680666 0.0198362 0.0350993
0 0.831339 0.338283 0.015433 0.00817042
2 0.0509028 0.121109 0.018954 0.0486566
0 0.635894 0.735299 0.0252133 0.0131774
0 0.162946 0.415386 0.0157081 0.0259526
0 0.829711 0.808637 0.0157922 0.00790243
0 0.100778 0.545353 0.0132356 0.0233226
2 0.0444975 0.829704 0.0185282 0.0459127
0 0.571822 0.981952 0.0251498 0.0129018
0 0.772091 0.87951 0.0247869 0.0136599
0 0.271679 0.734491 0.0247221 0.0122764
1 0.393974 0.357799 0.0152348 0.00753212
0 0.910925 0.301318 0.0134966 0.006845
1 0.110957 0.907234 0.0170367 0.0401042
0 0.86394 0.354264 0.00816295 0.0153797
0 0.814127 0.297411 0.0147879 0.0238865
1 0.239425 0.881948 0.028343 0.0112168
0 0.798356 0.375231 0.013817 0.0259008
0 0.640236 0.853851 0.0192098 0.0329408
0 0.950019 0.814876 0.00798247 0.0149352
0 0.311188 0.860484 0.0168426 0.00961923
1 0.0670699 0.700375 0.008321 0.0230935
0 0.927059 0.856506 0.0154886 0.00771082
0 0.796256 0.560017 0.0135858 0.0252168
0 0.85864 0.830873 0.00990558 0.0163919
0 0.78715 0.809022 0.0158806 0.00839546
0 0.678594 0.60231 0.0250312 0.0132037
0 0.567884 0.673608 0.0134866 0.0229859
0 0.368036 0.454066 0.0178155 0.00973261
0 0.836402 0.249308 0.0135756 0.0239414
1 0.143135 0.903443 0.0311404 0.0124297
1 0.106261 0.839357 0.0238509 0.00880051
0 0.423809 0.787085 0.0345442 0.0217379
0 0.815939 0.956311 0.0313526 0.0197699
0 0.791925 0.426848 0.0154597 0.00896204
0 0.106028 0.817683 0.0229218 0.0360355
1 0.239863 0.90351 0.0267059 0.0108126
1 0.674543 0.433532 0.015903 0.00500323
1 0.69906 0.363928 0.015333 0.0046302
1 0.333705 0.103728 0.04206 0.019825
1 0.100538 0.472539 0.0227688 0.00680483
1 0.144109 0.882159 0.0298853 0.0127156
0 0.714597 0.486908 0.0258036 0.0142095
0 0.232369 0.973731 0.0173789 0.00986149
1 0.721221 0.393632 0.0161519 0.00519562
1 0.157156 0.702445 0.0228046 0.00790236
0 0.780473 0.628544 0.0161173 0.00804739
1 0.273373 0.55911 0.0266608 0.0107446
0 0.616811 0.947359 0.0143665 0.0265913
0 0.557305 0.587545 0.0273955 0.0138676
1 0.71315 0.667516 0.0147692 0.00457213
1 0.0273928 0.846533 0.0138104 0.0102529
2 0.193459 0.891627 0.0608801 0.0810189
0 0.787508 0.761518 0.0157199 0.0078317
0 0.663178 0.783906 0.0256157 0.0144003
0 0.0788437 0.547803 0.0154 0.0236081
0 0.720306 0.547977 0.0158119 0.00759575
1 0.639681 0.832395 0.0213385 0.00762483
0 0.578293 0.620358 0.0339388 0.0196586
1 0.144298 0.925466 0.0307247 0.0134561
1 0.0197722 0.906212 0.0199105 0.042572
1 0.305872 0.386684 0.0265964 0.00977479
1 0.189798 0.840264 0.0219119 0.00695751
1 0.247154 0.823991 0.00465917 0.0143628
1 0.306123 0.452191 0.0280189 0.0114847
0 0.972689 0.81449 0.0087905 0.0152089
1 0.124006 0.683919 0.0223665 0.00703142
0 0.747168 0.688756 0.015173 0.00753428
1 0.751423 0.310238 0.0167274 0.00505028
1 0.0610629 0.829501 0.015565 0.0130591
1 0.362582 0.412625 0.0151229 0.00885941
1 0.643391 0.363245 0.0167051 0.00383546
2 0.169482 0.621885 0.0189711 0.0345194
0 0.425925 0.820317 0.0366959 0.0224931
0 0.890918 0.328174 0.00836325 0.0162176
1 0.300298 0.655781 0.00479614 0.0161164
2 0.377103 0.367959 0.0172862 0.0331351
0 0.836785 0.298339 0.0146324 0.0255245
0 0.886816 0.357328 0.0164979 0.00910771
0 0.920082 0.821094 0.015816 0.0085124
0 0.843237 0.364302 0.0087526 0.016086
1 0.333298 0.42636 0.00905306 0.00299679
0 0.793527 0.656559 0.00840334 0.013386
1 0.151947 0.611443 0.0147764 0.0117029
0 0.835948 0.0777664 0.00915527 0.0165336
0 0.699124 0.280434 0.014026 0.0245328
1 0.0695447 0.51727 0.0235682 0.00807309
1 0.305986 0.408725 0.026834 0.0115591
1 0.0687694 0.4733 0.0225252 0.00797856
1 0.418663 0.355442 0.00971203 0.0028907
1 0.184488 0.622922 0.0141676 0.0109057
1 0.884632 0.861921 0.0227744 0.0090454
1 0.58305 0.815529 0.00479758 0.0178707
0 0.874701 0.32752 0.00902157 0.0151797
1 0.37888 0.454122 0.00352097 0.0104637
1 0.210801 0.430932 0.0284385 0.0118024
1 0.360581 0.379799 0.0159264 0.00660061
0 0.995691 0.814377 0.0081789 0.0148196
1 0.0342365 0.103364 0.0158271 0.0122854
1 0.425315 0.0365615 0.00298566 0.0117275
1 0.723296 0.268374 0.0167727 0.00503599
1 0.842891 0.353986 0.00906847 0.00426327
1 0.587593 0.401532 0.0217944 0.00776857
1 0.272726 0.624066 0.0275422 0.0117286
1 0.195769 0.22471 0.0387264 0.0184186
1 0.323241 0.702076 0.00745629 0.0230338
1 0.239476 0.860484 0.0281816 0.0114565
1 0.630422 0.49694 0.0148247 0.00496642
1 0.333815 0.193253 0.0390378 0.0186196
1 0.7419 0.73794 0.0149148 0.00555858
1 0.152442 0.633381 0.0146903 0.00991677
1 0.69096 0.850032 0.0036521 0.015453
0 0.759582 0.484179 0.0152687 0.0256419
1 0.30099 0.860798 0.00289908 0.010017
0 0.788054 0.784722 0.0158381 0.00810623
1 0.157188 0.839539 0.0228564 0.00781919
1 0.240156 0.925404 0.0276905 0.0119231
1 0.674639 0.403404 0.0159349 0.00385975
1 0.213234 0.45283 0.0243459 0.0105456
1 0.273527 0.602174 0.0244793 0.0102068
1 0.0674397 0.17656 0.00758922 0.0232938
1 0.367335 0.580359 0.0270604 0.0117535
1 0.721456 0.363434 0.0159703 0.00413954
1 0.272466 0.580362 0.0265673 0.0116502
0 0.792108 0.406832 0.0164819 0.00833571
1 0.0671726 0.666672 0.00770727 0.0233843
0 0.995579 0.855154 0.00803625 0.0157587
0 0.43117 0.402862 0.0148864 0.007656
1 0.306462 0.430468 0.0274273 0.0116341
1 0.76409 0.236968 0.0173137 0.00496161
1 0.410627 0.101296 0.0285819 0.0144737
1 0.366946 0.623524 0.0279691 0.0119555
0 0.347683 0.511571 0.0158294 0.022609
1 0.367253 0.602033 0.0260087 0.0108583
1 0.188781 0.797304 0.0232679 0.00862859
1 0.068768 0.120023 0.0160541 0.0124415
1 0.581988 0.788366 0.0037571 0.0164004
1 0.32232 0.765814 0.00798153 0.0232875
1 0.958909 0.27428 0.0061239 0.015846
1 0.730963 0.852333 0.00394477 0.0150442
1 0.366086 0.558321 0.0251609 0.0113602
0 0.865297 0.149413 0.007486 0.0154855
1 0.210557 0.408808 0.0281577 0.0114402
1 0.733374 0.9646 0.00797634 0.0226173
1 0.0246051 0.666709 0.00780378 0.0233753
0 0.748061 0.640086 0.0154884 0.00795965
1 0.0250892 0.700764 0.0064347 0.0221129
1 0.826204 0.35493 0.00986362 0.00340665
1 0.730034 0.611042 0.00334024 0.0110207
1 0.567723 0.659636 0.0144136 0.00436114
1 0.401785 0.667221 0.00465928 0.0169282
0 0.42496 0.434868 0.00928235 0.014833
1 0.394768 0.434346 0.0148398 0.00637142
1 0.100755 0.559972 0.0142802 0.00509712
1 0.598982 0.699555 0.0143864 0.00475267
1 0.891502 0.239912 0.00716019 0.0146962
1 0.259211 0.955582 0.00999075 0.00449359
1 0.621017 0.73522 0.0036516 0.0150062
1 0.775656 0.964861 0.00856781 0.0223499
1 0.982017 0.275285 0.00706057 0.0135499
1 0.839095 0.809366 0.00301524 0.0103198
0 0.789096 0.69502 0.0144301 0.00802493
1 0.971977 0.274698 0.00460934 0.0148624
1 0.400979 0.549899 0.0160985 0.00428728
1 0.221915 0.973732 0.00321044 0.0109746
0 0.761272 0.445832 0.00894415 0.014298
1 0.441027 0.402938 0.0033387 0.00831557
1 0.0257107 0.176897 0.00824646 0.0232005
1 0.698845 0.510051 0.00455081 0.0169612
1 0.556508 0.620163 0.00860596 0.0223432
1 0.362621 0.435141 0.0148381 0.00806571
1 0.982334 0.242284 0.0070131 0.0155643
1 0.713605 0.880819 0.004117 0.0151432
1 0.410824 0.186865 0.0276167 0.0148342
1 0.403352 0.787401 0.00638855 0.024015
0 0.667032 0.303258 0.0139047 0.0213674
1 0.212026 0.387815 0.0272972 0.0105547
1 0.272419 0.886872 0.00944078 0.01474
1 0.286697 0.734183 0.00485552 0.0141323
1 0.401268 0.518174 0.0160177 0.00381826
1 0.269704 0.841697 0.00296887 0.0109516
1 0.723263 0.299926 0.0163493 0.00395622
1 0.587069 0.357712 0.0219727 0.00663867
1 0.599025 0.619766 0.00737018 0.022683
1 0.667131 0.316112 0.0144948 0.00450087
1 0.729643 0.548515 0.00319515 0.0078933
1 0.209081 0.490002 0.00739509 0.0235816
1 0.785918 0.879382 0.0032146 0.0150659
1 0.71355 0.63781 0.0150595 0.00359057
0 0.310961 0.843482 0.0164194 0.00921156
1 0.699994 0.409026 0.0104658 0.00420104
1 0.777174 0.808452 0.00296758 0.00941855
1 0.135547 0.706669 0.00413904 0.0153046
1 0.346541 0.78042 0.00363982 0.0169878
1 0.765016 0.268098 0.0151081 0.00490292
1 0.187478 0.703382 0.0230741 0.00793238
1 0.940579 0.254129 0.00862928 0.00295364
1 0.761013 0.455846 0.0098952 0.00529492
