5 0.626529 0.519276 0.110887 0.115057
0 0.264127 0.0281768 0.00930695 0.0166177
3 0.107645 0.931967 0.038183 0.066913
0 0.779024 0.649555 0.0145552 0.00756454
0 0.879253 0.966659 0.026556 0.0129899
0 0.449514 0.403247 0.0251314 0.0141169
3 0.0452515 0.931207 0.0374849 0.0687305
0 0.497204 0.420506 0.00808203 0.0141922
0 0.269585 0.720302 0.0150415 0.0257452
0 0.30691 0.0530147 0.0133349 0.0235215
2 0.330587 0.604906 0.0479663 0.0252011
2 0.133857 0.749852 0.104952 0.104766
0 0.449221 0.378608 0.0245416 0.0145144
0 0.937168 0.94759 0.0151379 0.0266497
0 0.327011 0.0552451 0.00918685 0.0176444
0 0.575983 0.0431018 0.0262217 0.0143408
0 0.759844 0.0266054 0.032741 0.0205537
1 0.0641242 0.466418 0.014648 0.0133047
0 0.81918 0.0182218 0.0329954 0.0195971
0 0.926743 0.916952 0.0157232 0.00753834
0 0.837561 0.970704 0.024034 0.0122801
0 0.447706 0.501222 0.0195197 0.0344436
1 0.0641787 0.499646 0.015542 0.0129892
0 0.865016 0.651274 0.01579 0.00796534
0 0.303479 0.335575 0.00813275 0.0145836
0 0.496886 0.386522 0.00831892 0.0151075
0 0.681871 0.683971 0.0260978 0.0147043
0 0.63374 0.667321 0.00959071 0.016377
0 0.65047 0.666631 0.0091574 0.0161138
0 0.449743 0.42784 0.0256383 0.0145621
0 0.968674 0.923192 0.0235599 0.011926
0 0.370082 0.20578 0.0149909 0.0247471
0 0.628057 0.232371 0.0167091 0.0092288
0 0.913998 0.953722 0.0139722 0.0254669
0 0.234273 0.759945 0.016376 0.00860783
0 0.476532 0.318026 0.0214205 0.0358515
0 0.820189 0.650827 0.0147334 0.00765416
0 0.6912 0.420566 0.00830009 0.0160276
0 0.360422 0.0591598 0.025499 0.0139336
0 0.510959 0.319849 0.0208846 0.0363611
0 0.888534 0.931586 0.00914646 0.0160354
0 0.863259 0.601417 0.0279116 0.0139876
0 0.411629 0.558679 0.0203034 0.0395228
0 0.354799 0.27036 0.0333025 0.020067
0 0.534153 0.0410825 0.0276315 0.0145619
0 0.531447 0.169721 0.0255127 0.0147844
1 0.591449 0.042989 0.00471303 0.0156035
0 0.378223 0.616004 0.0212992 0.0393021
1 0.0269381 0.632438 0.018962 0.0409994
0 0.451991 0.226112 0.0137931 0.0246754
0 0.446212 0.557733 0.0216522 0.0404416
0 0.360313 0.0814306 0.0250622 0.014368
0 0.626547 0.412034 0.0153573 0.0080442
0 0.378391 0.559392 0.0234155 0.0427623
0 0.410348 0.615379 0.0212798 0.0352441
0 0.960057 0.960662 0.0145657 0.0254632
0 0.414923 0.501544 0.0210196 0.0340221
0 0.382464 0.502869 0.0216366 0.0371321
3 0.76267 0.95569 0.0670549 0.0569479
0 0.727058 0.300752 0.0168425 0.00818872
0 0.819299 0.601579 0.0254398 0.0140753
0 0.58591 0.235661 0.026519 0.0151302
0 0.737854 0.322497 0.0155708 0.00789636
0 0.628023 0.215371 0.0159237 0.00828233
1 0.105962 0.888169 0.0281531 0.0167637
0 0.285281 0.790034 0.0161539 0.0252192
0 0.566183 0.649629 0.0215073 0.0360745
0 0.310851 0.267878 0.0215658 0.0335718
1 0.306931 0.0677201 0.0139793 0.00546393
1 0.805376 0.954965 0.0199854 0.0419408
0 0.707882 0.441662 0.00744629 0.016607
0 0.307047 0.19463 0.0146301 0.023472
0 0.378997 0.364168 0.0210215 0.0335211
0 0.236653 0.0340447 0.0169557 0.00858699
0 0.83975 0.778302 0.00887248 0.0155129
1 0.0287153 0.483226 0.0155285 0.0133247
0 0.774481 0.602002 0.0274367 0.014294
0 0.442553 0.616202 0.0206084 0.0342251
0 0.888832 0.869398 0.0164759 0.00867668
1 0.73846 0.0272026 0.00881601 0.0246348
1 0.322056 0.518512 0.0100986 0.0188784
0 0.536791 0.238767 0.0352988 0.0212104
1 0.410704 0.638431 0.0222918 0.00737894
2 0.07077 0.633443 0.0731705 0.057126
0 0.325609 0.342653 0.0144017 0.0248433
1 0.442854 0.638121 0.0233866 0.00773095
0 0.595993 0.0685428 0.0159485 0.00832376
0 0.718142 0.593438 0.0165026 0.00895141
1 0.476472 0.340818 0.0228911 0.00813509
1 0.377956 0.638632 0.0225568 0.00732372
2 0.0517811 0.563196 0.0194493 0.0495655
1 0.717039 0.955362 0.0208271 0.0419734
0 0.420658 0.303117 0.0332502 0.0207117
0 0.592927 0.689934 0.0175474 0.00975781
0 0.53475 0.596619 0.0151496 0.00795771
2 0.305683 0.497941 0.0483998 0.0241121
0 0.295117 0.395667 0.0143272 0.0254851
1 0.840218 0.0182577 0.00919855 0.0226835
2 0.0469978 0.483986 0.0186334 0.0477521
0 0.531572 0.649945 0.0221059 0.0373867
1 0.447651 0.479971 0.0227067 0.00783145
1 0.311114 0.24666 0.0230897 0.0076952
0 0.614541 0.312353 0.0144068 0.0267532
1 0.888599 0.941421 0.0106647 0.00400493
1 0.382549 0.480023 0.0217141 0.00773574
1 0.116029 0.633318 0.01825 0.0420413
1 0.798229 0.0176892 0.00851322 0.0224953
0 0.53515 0.203717 0.0332805 0.0215894
1 0.800353 0.883684 0.0276898 0.0622327
0 0.890986 0.900409 0.0255945 0.0137334
1 0.346698 0.626574 0.009596 0.0175888
1 0.0691864 0.577368 0.0153216 0.0136232
0 0.480249 0.0531199 0.0300466 0.0164232
1 0.295113 0.411144 0.0160847 0.00526394
1 0.53136 0.627935 0.0229805 0.00753378
1 0.330199 0.626554 0.0106431 0.0185196
0 0.77691 0.138073 0.00909543 0.0158907
1 0.476242 0.296048 0.0235189 0.00758077
1 0.72088 0.884951 0.0256496 0.0628129
1 0.313662 0.626622 0.0105816 0.0187375
2 0.76077 0.798374 0.102446 0.110406
1 0.605561 0.0681871 0.00271119 0.0103484
1 0.543187 0.596791 0.00278423 0.00903808
1 0.246385 0.034655 0.00324643 0.00964744
1 0.463217 0.378138 0.00544686 0.0157201
1 0.443151 0.594703 0.0231951 0.00863716
0 0.519529 0.527183 0.00860618 0.0162768
1 0.215513 0.71001 0.0628927 0.0267079
1 0.379425 0.534843 0.0246404 0.00701592
1 0.106449 0.97467 0.0283358 0.0170516
1 0.414555 0.479612 0.0201594 0.00720765
1 0.863924 0.966502 0.00388574 0.0146196
1 0.0346339 0.560793 0.0157828 0.0123033
1 0.780256 0.0257172 0.00902413 0.0233999
1 0.321712 0.474152 0.00991978 0.0206207
1 0.306359 0.518258 0.0092659 0.01799
1 0.636378 0.412094 0.00298284 0.00936658
1 0.65107 0.676213 0.0115071 0.00272726
1 0.510715 0.341313 0.0227417 0.00670311
1 0.441696 0.303332 0.00788492 0.0221369
1 0.73795 0.301137 0.0028729 0.00919461
1 0.894408 0.966586 0.00463842 0.015918
1 0.369635 0.191105 0.0169542 0.00391612
1 0.345823 0.581688 0.00982879 0.0194271
1 0.0446846 0.888034 0.0273386 0.0150893
1 0.0689837 0.545318 0.0148221 0.0129411
1 0.378656 0.386171 0.02225 0.00802637
1 0.760682 0.733612 0.0909221 0.0258595
1 0.5506 0.0420274 0.0038364 0.016934
0 0.396154 0.211979 0.00950723 0.0177226
1 0.746967 0.282913 0.00302074 0.0100907
1 0.464339 0.40334 0.00439181 0.0158227
0 0.73749 0.283137 0.0156604 0.00866402
1 0.4649 0.427665 0.0047468 0.0160352
2 0.591997 0.811404 0.172246 0.118098
1 0.697385 0.683814 0.00514865 0.0158024
1 0.289991 0.51823 0.00941264 0.0180464
1 0.434417 0.402911 0.00490326 0.0161921
1 0.823896 0.970548 0.00386466 0.0142511
1 0.637366 0.215122 0.00251088 0.0101262
1 0.379086 0.342026 0.0236278 0.00830979
1 0.878895 0.601324 0.00423682 0.0159906
1 0.917947 0.917144 0.00256704 0.00809097
1 0.578871 0.447406 0.00782063 0.028333
1 0.513769 0.203776 0.00796008 0.0235015
1 0.329641 0.58215 0.0100449 0.0194394
0 0.840395 0.83517 0.0148501 0.0245386
1 0.496835 0.394746 0.00753425 0.00281722
1 0.51451 0.239083 0.00829744 0.0222332
1 0.306931 0.208965 0.0147964 0.00579693
1 0.305604 0.474313 0.00940939 0.0199784
1 0.634662 0.446776 0.00683212 0.0264189
1 0.264062 0.0181294 0.0104272 0.00361476
1 0.0449656 0.974596 0.0279548 0.0167323
1 0.558183 0.237586 0.0057752 0.0226755
1 0.497312 0.411206 0.00819541 0.00354995
1 0.565266 0.628127 0.022855 0.00734016
1 0.32739 0.0660015 0.00994135 0.00382283
1 0.434864 0.378307 0.00505529 0.0158824
1 0.244835 0.759995 0.00385034 0.00987731
1 0.582482 0.69002 0.0028846 0.0110724
1 0.620571 0.446948 0.0085311 0.0267435
1 0.214839 0.78793 0.0581939 0.0245853
1 0.556215 0.513318 0.0312514 0.00897073
1 0.285556 0.80657 0.0183091 0.0057218
1 0.369951 0.220821 0.0160912 0.00565956
1 0.565903 0.671518 0.0234873 0.00764772
1 0.707996 0.59315 0.00416421 0.00964068
1 0.878374 0.869305 0.0037551 0.0101328
1 0.412248 0.535171 0.0222591 0.00705262
1 0.666465 0.684027 0.00471916 0.0152309
1 0.289912 0.474013 0.0100024 0.0192438
1 0.377021 0.270863 0.00827599 0.0216283
1 0.311012 0.28931 0.0242192 0.00804188
1 0.557308 0.203644 0.00832192 0.0231589
1 0.434847 0.427537 0.00451679 0.0159451
1 0.847359 0.60127 0.00291699 0.0163577
1 0.346315 0.0815181 0.004388 0.015723
1 0.556537 0.48594 0.0295747 0.00895872
1 0.497319 0.0527556 0.00638486 0.015074
1 0.558958 0.237226 0.00576069 0.0203285
1 0.776928 0.127531 0.0092921 0.00434434
1 0.518196 0.0406649 0.00406362 0.0157611
1 0.556148 0.540732 0.0316013 0.00894647
1 0.606398 0.446983 0.00709534 0.0271726
1 0.854886 0.650904 0.00277266 0.00918892
1 0.698335 0.511579 0.0264093 0.00745392
1 0.823366 0.969681 0.00551893 0.0135205
1 0.555035 0.541317 0.031961 0.00661612
1 0.313391 0.582174 0.0093956 0.0191662
1 0.400129 0.302819 0.00650018 0.0216381
0 0.479717 0.422527 0.00896704 0.016858
1 0.463527 0.0536126 0.00406168 0.0168393
1 0.556058 0.512087 0.0304138 0.00592104
1 0.269443 0.736446 0.0169842 0.00539673
1 0.446192 0.533926 0.023337 0.00731834
1 0.55598 0.486731 0.0294515 0.0061643
1 0.698411 0.485819 0.0282098 0.00822208
1 0.223517 0.760193 0.00298273 0.00938372
1 0.409995 0.594577 0.0229169 0.00836107
1 0.55666 0.527295 0.0314267 0.00889872
1 0.698605 0.541198 0.0272024 0.00758268
0 0.330311 0.197836 0.00918232 0.0180112
1 0.746337 0.322408 0.00217769 0.00880885
1 0.395946 0.221947 0.00959109 0.00349218
1 0.760933 0.87096 0.0111442 0.00269436
1 0.690773 0.4106 0.00953268 0.00329493
1 0.509744 0.297807 0.023406 0.0070132
1 0.698779 0.471751 0.0288546 0.00971485
1 0.592367 0.447643 0.00726412 0.0285134
1 0.70013 0.567294 0.0261674 0.0100455
1 0.294414 0.377766 0.0154485 0.0108559
1 0.67531 0.447023 0.00819109 0.0273303
1 0.410735 0.582378 0.0220658 0.00847413
1 0.0569602 0.667818 0.0100162 0.0115202
1 0.269481 0.704445 0.0154479 0.00568434
1 0.510485 0.340113 0.0220666 0.00650656
1 0.33454 0.270247 0.00622946 0.0243672
1 0.839483 0.768709 0.00870345 0.00325194
1 0.625763 0.890389 0.00886786 0.0392647
1 0.936481 0.932826 0.0170147 0.00411818
1 0.379705 0.582623 0.0238732 0.00771901
1 0.379084 0.591287 0.0234387 0.00603798
1 0.571004 0.890282 0.00879869 0.0399092
1 0.634491 0.592091 0.00749113 0.0274282
1 0.556442 0.56683 0.0287619 0.00550298
1 0.769363 0.649898 0.00233378 0.00956438
1 0.447072 0.523126 0.022543 0.00805211
0 0.735529 0.322601 0.0127151 0.00815857
1 0.555874 0.527996 0.0314226 0.00569634
1 0.479396 0.411641 0.00862272 0.00429435
1 0.699004 0.527152 0.0285266 0.00763437
1 0.591961 0.59161 0.00694731 0.0284887
1 0.646846 0.447805 0.00725837 0.0278397
1 0.556402 0.472152 0.0288155 0.00916578
1 0.583949 0.890745 0.0082525 0.0403714
1 0.661285 0.447026 0.00709346 0.0267104
1 0.579126 0.591391 0.00801874 0.0280664
1 0.531902 0.672445 0.0233724 0.00774928
0 0.0162488 0.902948 0.011892 0.0161354
1 0.761595 0.861374 0.012069 0.0154469
1 0.697836 0.553471 0.0260194 0.00732278
1 0.556207 0.499209 0.0306599 0.00838198
1 0.325409 0.326504 0.0163692 0.00562608
1 0.621388 0.591423 0.00559685 0.0273713
