2 0.291639 0.846638 0.0327411 0.0175854
0 0.0527084 0.934667 0.0250322 0.0141824
2 0.725019 0.65838 0.0720365 0.0556402
0 0.329087 0.864929 0.00925017 0.016489
0 0.225098 0.839185 0.0140058 0.0259988
0 0.232046 0.953373 0.00833815 0.0169957
0 0.565924 0.481709 0.0248049 0.0138141
0 0.563376 0.404456 0.0236209 0.0133155
0 0.220414 0.927456 0.0168024 0.00927934
0 0.152999 0.840671 0.0148606 0.0257266
0 0.137995 0.957062 0.0148197 0.0268889
0 0.112436 0.873452 0.014691 0.0271959
0 0.786459 0.779939 0.012526 0.0236156
0 0.0886875 0.870472 0.014384 0.0276177
0 0.280129 0.916678 0.00800348 0.0143234
0 0.597394 0.41973 0.0125526 0.0242995
0 0.181568 0.886816 0.0136535 0.0246856
0 0.270969 0.738045 0.010363 0.0163956
0 0.497787 0.355136 0.0133148 0.0244114
0 0.0879259 0.925005 0.0145173 0.0256042
0 0.339809 0.913651 0.016976 0.00985799
0 0.275887 0.945898 0.0174436 0.0091796
0 0.263861 0.916837 0.00926495 0.0153814
0 0.187726 0.963687 0.0142843 0.025556
2 0.360842 0.846276 0.033707 0.0171509
0 0.528905 0.603185 0.00749932 0.0158913
0 0.253286 0.943453 0.00799226 0.0154303
0 0.0563666 0.892855 0.014183 0.0258839
0 0.756342 0.780912 0.0220383 0.0339544
0 0.564149 0.357022 0.025243 0.0127302
0 0.110827 0.966806 0.0144199 0.0252547
0 0.564093 0.381538 0.025208 0.0130461
0 0.0885585 0.967092 0.0135823 0.024492
0 0.0759871 0.668789 0.024519 0.0133992
0 0.565205 0.459453 0.0243783 0.0134615
0 0.0321322 0.967649 0.0133567 0.0242725
1 0.755982 0.759555 0.0237174 0.00833393
0 0.561144 0.610172 0.00935395 0.0164482
0 0.22568 0.886245 0.0140272 0.0244228
0 0.139645 0.883907 0.0137764 0.026097
0 0.52843 0.57002 0.0080941 0.0152916
0 0.528784 0.639816 0.0167962 0.00937152
0 0.214746 0.953405 0.00939411 0.0171392
0 0.728475 0.331359 0.00969214 0.0163161
0 0.203506 0.886556 0.0137303 0.0255041
0 0.563284 0.427556 0.0255027 0.0147116
1 0.137831 0.941561 0.016134 0.00420117
1 0.225376 0.871298 0.0159783 0.00416828
1 0.371343 0.863344 0.00739445 0.0150302
0 0.557427 0.555073 0.00848151 0.0158534
1 0.303482 0.863025 0.00768852 0.0147032
1 0.756179 0.803217 0.0243412 0.00758956
1 0.497173 0.340075 0.0151361 0.00445632
0 0.169029 0.525825 0.00793657 0.0152263
0 0.061342 0.968401 0.0138932 0.0252645
0 0.498338 0.637377 0.0165822 0.00919842
0 0.134842 0.782603 0.0257497 0.0141219
0 0.329743 0.834312 0.00754941 0.0139937
0 0.254119 0.738409 0.00758648 0.0151929
1 0.203767 0.871544 0.0150148 0.00469852
0 0.0952967 0.830038 0.0137206 0.0249593
0 0.5809 0.609676 0.00949559 0.0161931
1 0.181645 0.90141 0.0148761 0.00442467
1 0.0907386 0.668389 0.00491458 0.0149831
1 0.349357 0.863111 0.00597382 0.0150562
0 0.255217 0.693637 0.00876683 0.0154183
1 0.597477 0.434722 0.0141015 0.00520515
0 0.225078 0.666711 0.00911939 0.0166004
0 0.299164 0.889966 0.0147847 0.007917
1 0.0886697 0.886674 0.0172084 0.00525296
1 0.181912 0.871812 0.0159632 0.00391551
1 0.329127 0.854617 0.010224 0.00331447
2 0.720845 0.476756 0.14981 0.153593
1 0.279999 0.925693 0.0090898 0.00245929
0 0.723121 0.782044 0.0223963 0.0382185
1 0.153567 0.855783 0.0168208 0.00446864
1 0.18759 0.94883 0.0158155 0.00383496
1 0.110723 0.982791 0.0155894 0.00604261
1 0.78598 0.79498 0.0143193 0.0060997
1 0.225657 0.854947 0.0163349 0.00417584
1 0.681992 0.659347 0.0158646 0.0392923
1 0.0871668 0.910088 0.0159166 0.0044136
1 0.0890364 0.854537 0.015797 0.00398254
1 0.0887947 0.981962 0.0146399 0.0049653
0 0.0742134 0.631549 0.0154089 0.0076828
1 0.722926 0.759515 0.02238 0.00878406
1 0.138159 0.972193 0.0162559 0.00459158
1 0.267244 0.372601 0.00719189 0.0399159
1 0.203448 0.901433 0.014455 0.00459033
1 0.229949 0.927507 0.00244791 0.00945951
5 0.351283 0.511765 0.230238 0.231386
1 0.29187 0.830122 0.00486164 0.0152905
1 0.286578 0.945864 0.00377142 0.00950541
1 0.0882449 0.94054 0.0161189 0.00469971
1 0.550679 0.481459 0.00514265 0.015639
1 0.0680597 0.934466 0.00485799 0.0158398
1 0.349497 0.830376 0.00744641 0.0153404
1 0.277737 0.372911 0.00720787 0.0406242
1 0.26374 0.926507 0.0111454 0.00295308
1 0.153421 0.825723 0.0161835 0.00447752
1 0.0561248 0.877584 0.0159093 0.00435451
1 0.549743 0.458977 0.00489807 0.0156135
1 0.48808 0.637556 0.00234504 0.010205
1 0.0564942 0.908688 0.0171472 0.00544332
1 0.497774 0.36981 0.0148795 0.00458358
1 0.372198 0.830815 0.00704681 0.0153611
1 0.224982 0.676398 0.0110513 0.00353135
1 0.168875 0.535446 0.00923068 0.0035336
1 0.519466 0.639681 0.00286578 0.00924401
1 0.25599 0.373769 0.00717007 0.0394599
1 0.225157 0.823358 0.0157449 0.00445557
1 0.708574 0.692725 0.0113463 0.00861721
1 0.302153 0.830151 0.00511735 0.0142949
1 0.580646 0.619691 0.00991071 0.00435063
1 0.112923 0.857374 0.0170254 0.00515591
1 0.244425 0.373728 0.00701673 0.0384107
1 0.225643 0.90122 0.0140206 0.00443837
1 0.254718 0.683603 0.00936442 0.00372909
1 0.0320396 0.982685 0.0150277 0.00541424
1 0.253513 0.933397 0.00901654 0.00342729
1 0.350624 0.373939 0.0684114 0.0423001
1 0.728755 0.340719 0.0104772 0.00284714
1 0.0950995 0.815602 0.0136256 0.00428203
1 0.111127 0.951537 0.0165805 0.00552055
0 0.18113 0.995127 0.0155783 0.00775553
1 0.549303 0.380811 0.00475267 0.0152533
1 0.280604 0.862935 0.00854761 0.0154181
1 0.761399 0.315466 0.0218422 0.00907964
1 0.549196 0.356439 0.00477144 0.0146758
1 0.330104 0.824852 0.00847698 0.0030193
1 0.711523 0.693084 0.00888061 0.00845781
0 0.763026 0.333389 0.0123349 0.0249979
1 0.423172 0.373335 0.00675129 0.0384053
1 0.231713 0.963763 0.0093565 0.00373077
1 0.581335 0.482048 0.00504728 0.0145896
1 0.213046 0.428488 0.0387642 0.00722372
1 0.215829 0.942408 0.011844 0.00318358
0 0.0592836 0.753556 0.0153787 0.0308053
1 0.120828 0.782597 0.00365725 0.0153853
1 0.580317 0.459425 0.00548816 0.0150331
1 0.308557 0.88966 0.00279649 0.00872528
1 0.771373 0.660186 0.0199773 0.0441112
1 0.213224 0.516797 0.041044 0.00733138
1 0.187938 0.978717 0.0146958 0.00521375
1 0.48897 0.428236 0.0377282 0.00724389
1 0.213049 0.617639 0.0367047 0.00793751
1 0.549001 0.404675 0.00566745 0.0148768
1 0.289531 0.371907 0.00750923 0.0401139
1 0.30077 0.373835 0.00812959 0.0374604
1 0.231833 0.942275 0.0077272 0.00355911
1 0.488784 0.439285 0.0374319 0.00672031
1 0.561392 0.619942 0.0102076 0.00389981
1 0.212847 0.594938 0.039324 0.00744973
1 0.719232 0.392111 0.014703 0.0190491
1 0.212947 0.417271 0.0402444 0.00653767
1 0.213713 0.461794 0.0387876 0.00718736
1 0.212624 0.450465 0.0392505 0.00622871
1 0.212742 0.506049 0.0395624 0.00697852
1 0.214817 0.963639 0.010118 0.00489125
1 0.67336 0.358189 0.0267022 0.0932506
1 0.181458 0.854158 0.0133978 0.0043113
1 0.4335 0.373451 0.00726271 0.0389287
1 0.489513 0.461623 0.0389154 0.00744207
0 0.181688 0.83858 0.01459 0.0270282
1 0.213287 0.539689 0.0399457 0.00741959
1 0.289461 0.649227 0.00767408 0.0402653
1 0.301488 0.6496 0.00805551 0.0387677
1 0.528521 0.613514 0.00956582 0.00305007
1 0.267515 0.649533 0.00695479 0.03904
1 0.253591 0.732269 0.00718636 0.00601509
1 0.212578 0.58412 0.0392464 0.00721003
1 0.785899 0.764102 0.0145559 0.0058837
1 0.724015 0.803611 0.0226197 0.00691417
1 0.488698 0.417274 0.0357908 0.0066761
1 0.213116 0.495253 0.0383158 0.00672784
1 0.411772 0.37388 0.00654721 0.0364421
1 0.488903 0.483733 0.0371511 0.00751805
1 0.456911 0.649531 0.00738144 0.0378554
1 0.580994 0.599665 0.0102318 0.00480083
1 0.212907 0.561635 0.0384223 0.00734711
1 0.212793 0.439686 0.0396191 0.00658107
1 0.280079 0.829676 0.00614207 0.0156121
1 0.245259 0.650415 0.00670904 0.0386698
0 0.136416 0.807014 0.00859135 0.0139452
1 0.489124 0.472472 0.0385829 0.00685026
1 0.21262 0.573251 0.0393006 0.00703536
1 0.213095 0.483758 0.0385273 0.00746114
