5 0.626714 0.519026 0.110949 0.11505
3 0.762564 0.954455 0.0696551 0.0562391
0 0.778945 0.649396 0.0149076 0.00769556
0 0.449633 0.403204 0.025591 0.0145567
0 0.269455 0.720403 0.0153998 0.0256512
2 0.329991 0.60422 0.0486294 0.0245464
1 0.0634277 0.498883 0.014964 0.0122752
0 0.819077 0.0176999 0.0326107 0.0200408
0 0.759457 0.0263072 0.0330434 0.0201948
3 0.105773 0.93263 0.0395303 0.0719634
0 0.326489 0.0550263 0.00974414 0.0175125
0 0.575778 0.043063 0.0254645 0.0141143
3 0.0451977 0.93189 0.0381346 0.0689619
0 0.448456 0.426992 0.0270839 0.0153345
0 0.836852 0.969932 0.0237646 0.0129476
0 0.306362 0.0533423 0.0130844 0.0229461
0 0.449431 0.378303 0.0266651 0.0150267
0 0.447074 0.502863 0.0219006 0.0387808
0 0.926013 0.916816 0.0156685 0.00795952
0 0.36989 0.205488 0.0148079 0.0250927
0 0.411295 0.557086 0.0208527 0.0393081
0 0.879105 0.966775 0.0265544 0.0130062
0 0.681784 0.683592 0.0260178 0.0146992
0 0.650442 0.666708 0.00903896 0.0156075
0 0.410168 0.615453 0.0217934 0.0395088
0 0.263712 0.0278584 0.00935378 0.016189
0 0.565589 0.650026 0.0215131 0.0390191
1 0.0636204 0.466364 0.0142451 0.0124258
0 0.3546 0.270419 0.0342733 0.0201513
0 0.627492 0.23258 0.0162625 0.00896276
0 0.888318 0.931362 0.00916922 0.0160764
0 0.445663 0.558243 0.0232087 0.0462159
0 0.967922 0.922496 0.0246462 0.0127118
1 0.590745 0.0430526 0.00455594 0.0157674
1 0.0252828 0.63362 0.0199571 0.042511
0 0.234007 0.759682 0.0159384 0.00815989
0 0.913387 0.953443 0.0131202 0.0256722
0 0.379006 0.362903 0.0194534 0.031456
0 0.306033 0.193871 0.0149151 0.0255388
0 0.633958 0.666717 0.0096181 0.0167692
0 0.359516 0.0815048 0.0255214 0.0145283
0 0.960214 0.960763 0.0151575 0.0265522
0 0.888395 0.869917 0.0158655 0.00792563
0 0.626348 0.411827 0.014905 0.00809279
0 0.595389 0.0687157 0.016887 0.00926658
0 0.360213 0.0587928 0.0256813 0.0146885
2 0.133928 0.74949 0.105346 0.104579
2 0.0706591 0.633133 0.0732873 0.0569699
1 0.447124 0.479494 0.0214794 0.00931621
0 0.592463 0.68942 0.0162108 0.00944206
0 0.86494 0.65125 0.0149622 0.00769137
1 0.442219 0.637365 0.0219379 0.0086598
0 0.819617 0.650851 0.0147073 0.00820016
0 0.377985 0.559802 0.0204285 0.0382033
1 0.41046 0.638363 0.0212879 0.00792388
0 0.451394 0.226562 0.0147898 0.0246301
0 0.441641 0.615268 0.0189034 0.0332583
1 0.105766 0.888695 0.0295433 0.0181735
0 0.585103 0.235876 0.0259843 0.014502
0 0.302971 0.335592 0.00742934 0.0140806
0 0.382157 0.501238 0.0202608 0.0333861
0 0.510043 0.318521 0.0213712 0.0354701
0 0.936282 0.947333 0.0141021 0.0259822
2 0.046292 0.482554 0.0200822 0.0452055
0 0.707152 0.441558 0.00764284 0.0165233
0 0.533778 0.0409034 0.0270376 0.0140194
0 0.727053 0.301142 0.0169411 0.00851406
1 0.888294 0.941246 0.0106027 0.00401925
0 0.413422 0.500131 0.0196748 0.0350194
0 0.377115 0.617897 0.0211603 0.0377293
0 0.496728 0.421053 0.00812077 0.0139294
0 0.236942 0.0344436 0.0170436 0.00932665
1 0.311291 0.246405 0.0220717 0.00739202
1 0.839752 0.0178355 0.00959909 0.0235972
0 0.325169 0.342868 0.0146791 0.0242282
0 0.776549 0.137981 0.00917816 0.0156027
0 0.476186 0.319991 0.0219857 0.0389031
0 0.530907 0.169005 0.0250122 0.0149422
0 0.737392 0.323057 0.0153696 0.00796528
1 0.306553 0.0678616 0.0137798 0.00586423
0 0.628045 0.215148 0.0152414 0.00794963
1 0.780178 0.0257556 0.00883496 0.0228231
0 0.294961 0.395436 0.0145374 0.0250111
0 0.534586 0.237699 0.0328853 0.0206094
0 0.690579 0.421413 0.00816883 0.0160391
0 0.311265 0.267268 0.0202821 0.0327908
0 0.773968 0.602068 0.0277011 0.0143029
0 0.496485 0.386591 0.00804107 0.0147004
1 0.414452 0.479165 0.0208195 0.00810076
1 0.0284332 0.483579 0.0147171 0.0117649
1 0.382005 0.479964 0.022954 0.00857084
0 0.890429 0.9001 0.0260272 0.0142116
0 0.284918 0.789815 0.0162753 0.0250049
1 0.721237 0.884728 0.0274596 0.0644835
1 0.738055 0.0267956 0.00848626 0.0235764
0 0.42101 0.302874 0.0330388 0.0208939
0 0.862742 0.600664 0.0262377 0.013928
2 0.305783 0.496424 0.0505483 0.0233662
1 0.464283 0.377954 0.00545889 0.015585
1 0.246721 0.0350607 0.00368831 0.0106627
0 0.840383 0.83535 0.0155127 0.0249155
0 0.717352 0.593701 0.0142089 0.00845718
1 0.637306 0.21511 0.00249194 0.00979867
1 0.345986 0.626784 0.0103444 0.0181525
0 0.820034 0.601635 0.0235309 0.0137725
1 0.115843 0.632476 0.0176327 0.0418138
1 0.805123 0.955281 0.0198136 0.042397
1 0.798806 0.883616 0.0265265 0.0618603
1 0.0448281 0.888287 0.0278078 0.0161642
1 0.433028 0.427185 0.00454956 0.0153289
1 0.758729 0.734196 0.094875 0.0299227
1 0.379335 0.535782 0.024015 0.008574
0 0.534805 0.203262 0.0337087 0.0220556
0 0.737608 0.283677 0.0157049 0.00845087
1 0.313116 0.626613 0.00998012 0.0192201
0 0.83885 0.778008 0.00936058 0.0156295
1 0.329925 0.626291 0.0104575 0.0190253
1 0.369468 0.19045 0.0167394 0.00486451
1 0.605523 0.0685556 0.00305251 0.0107793
0 0.534022 0.596197 0.0157117 0.00835775
1 0.716882 0.955388 0.0218874 0.0415028
1 0.214839 0.710074 0.0614995 0.0259433
0 0.531259 0.649415 0.0222566 0.0392081
1 0.476228 0.296341 0.0231719 0.00780156
1 0.46426 0.403423 0.00445094 0.0161228
1 0.321638 0.473686 0.00993294 0.0200662
1 0.79889 0.0168692 0.0076768 0.0220908
1 0.294824 0.410961 0.0165775 0.00560676
1 0.377526 0.270786 0.00799035 0.021764
1 0.0685043 0.576894 0.0151981 0.0111517
1 0.43371 0.377979 0.00481499 0.0165261
1 0.543266 0.596561 0.00271975 0.0092063
0 0.518769 0.526535 0.00842001 0.0148597
1 0.441887 0.303148 0.00774734 0.0223727
1 0.376845 0.595181 0.0211213 0.00884247
0 0.614011 0.3131 0.0143526 0.0223936
1 0.0691621 0.54551 0.0143796 0.0125825
1 0.329042 0.58172 0.00959944 0.018571
2 0.76041 0.798696 0.102821 0.109551
2 0.0514056 0.562908 0.0193133 0.0500255
1 0.321667 0.51854 0.00936245 0.0191889
1 0.345596 0.581373 0.0105439 0.0189343
1 0.863767 0.966841 0.00369838 0.0147745
1 0.434354 0.403063 0.00464161 0.0168016
0 0.395461 0.212323 0.00897923 0.0169875
1 0.464082 0.427037 0.00527454 0.0168328
1 0.269608 0.704408 0.0163511 0.00584818
1 0.893675 0.96659 0.00430773 0.0153415
2 0.591904 0.811135 0.172066 0.119171
1 0.509669 0.341187 0.0231385 0.0064605
1 0.313262 0.581898 0.0101265 0.0182877
1 0.651023 0.676009 0.0107937 0.00254966
1 0.289175 0.517817 0.0103086 0.0184834
1 0.614148 0.299416 0.015117 0.00463067
1 0.0351348 0.560408 0.0149845 0.0106292
1 0.746371 0.322966 0.00235611 0.00911509
1 0.519074 0.535423 0.00831748 0.00232346
1 0.0449818 0.975277 0.0276089 0.016561
1 0.40101 0.302818 0.00873394 0.0243777
1 0.442321 0.594574 0.0231884 0.00747724
1 0.636023 0.411471 0.00320316 0.0091917
1 0.411771 0.582075 0.0231955 0.00844155
1 0.549918 0.0417548 0.00391732 0.016363
1 0.878374 0.869932 0.00312999 0.00953899
1 0.746839 0.283495 0.00300148 0.00987341
1 0.411956 0.53477 0.0223083 0.00660799
0 0.167165 0.668191 0.0304094 0.0159712
1 0.378558 0.385513 0.0219666 0.0081571
1 0.564759 0.62778 0.0232718 0.00743616
1 0.697214 0.683642 0.00511576 0.0157383
1 0.578598 0.447433 0.00834724 0.0285419
1 0.369568 0.22068 0.0160903 0.00542759
1 0.294324 0.380594 0.0157775 0.00497271
1 0.496441 0.3947 0.00767945 0.00279711
1 0.305397 0.473973 0.00929529 0.0193601
1 0.306893 0.518342 0.0083293 0.0181423
1 0.334447 0.270044 0.00665918 0.022999
1 0.620078 0.446844 0.00850871 0.0265232
1 0.510172 0.296541 0.0212048 0.00798332
1 0.31133 0.288402 0.0223508 0.0085341
1 0.244598 0.759858 0.00404713 0.00966763
1 0.377523 0.639094 0.0225306 0.00653101
1 0.476392 0.340809 0.0228153 0.00701964
1 0.513445 0.203145 0.00656128 0.0232204
1 0.776687 0.127534 0.00953918 0.00428229
1 0.289271 0.473788 0.00948893 0.0191499
1 0.699285 0.485678 0.0258663 0.00837623
1 0.606288 0.4465 0.00734642 0.0264283
1 0.737874 0.301227 0.00304438 0.00930155
1 0.413059 0.522334 0.0215771 0.00748172
1 0.21508 0.788621 0.0619367 0.0252158
1 0.666279 0.683564 0.00488087 0.015805
1 0.634347 0.446626 0.00680411 0.026446
1 0.848196 0.601133 0.00315294 0.0156786
1 0.555585 0.485702 0.0285752 0.00868338
1 0.530994 0.627149 0.0227424 0.00766773
1 0.85502 0.65101 0.00278904 0.00870533
1 0.223446 0.760588 0.00282836 0.00841178
1 0.378836 0.342305 0.0237009 0.00888312
1 0.769301 0.649462 0.00295501 0.00933694
1 0.58202 0.689406 0.00260738 0.010447
1 0.809195 0.650661 0.00331616 0.00958496
1 0.699075 0.540534 0.0256128 0.00771119
1 0.496702 0.411237 0.00851215 0.00367877
1 0.555233 0.513017 0.0305303 0.0087087
1 0.823654 0.969648 0.00333717 0.0138781
1 0.514344 0.238065 0.00762414 0.0219301
1 0.67508 0.447162 0.00848476 0.0276047
1 0.699428 0.471737 0.025909 0.00901247
1 0.555083 0.54098 0.031266 0.00690817
1 0.698815 0.553461 0.0259571 0.00816845
1 0.63411 0.676351 0.0108844 0.00289298
1 0.106134 0.97584 0.0286268 0.0153296
1 0.55586 0.471897 0.0295949 0.00946917
1 0.699067 0.526555 0.0256233 0.008579
1 0.566601 0.673507 0.0256502 0.00707407
1 0.26909 0.73646 0.0170339 0.00522864
1 0.326901 0.0650374 0.00924761 0.00459981
1 0.592667 0.4473 0.00766441 0.0283661
1 0.699065 0.498683 0.0267331 0.00796818
1 0.584107 0.891345 0.00851484 0.0369399
1 0.707651 0.59335 0.00412369 0.00971184
1 0.690522 0.410842 0.00943181 0.00426664
1 0.518879 0.0409542 0.00393758 0.0159691
1 0.44371 0.592563 0.0241517 0.00874103
1 0.55593 0.236919 0.00753009 0.0216652
1 0.0668626 0.757692 0.0303412 0.0796532
0 0.330896 0.197505 0.00921859 0.0186264
1 0.531913 0.673071 0.0227532 0.00758574
1 0.284667 0.80636 0.01864 0.00589133
1 0.591906 0.590849 0.00705219 0.0294723
1 0.394947 0.221941 0.00919448 0.00344724
1 0.64655 0.447356 0.00699184 0.0272344
1 0.823116 0.969258 0.00510369 0.0135455
1 0.555899 0.49797 0.0289552 0.00596475
1 0.446132 0.526509 0.0240818 0.0067532
1 0.556219 0.527073 0.0313529 0.00913848
1 0.637147 0.232827 0.00219689 0.009956
1 0.555941 0.567545 0.0286197 0.00838708
1 0.557022 0.237043 0.00654296 0.0196589
1 0.556606 0.203722 0.00748587 0.0223836
1 0.2637 0.0183453 0.0105086 0.00386372
1 0.496549 0.381795 0.00753915 0.00835997
1 0.555589 0.498977 0.0301771 0.00849993
1 0.378752 0.581024 0.0207568 0.00657898
1 0.330373 0.207084 0.00893058 0.00388622
1 0.699054 0.511956 0.025249 0.00735927
1 0.935832 0.932194 0.0160625 0.00470233
1 0.570662 0.890436 0.00876398 0.0390155
1 0.445677 0.53336 0.0234867 0.00693018
1 0.306003 0.17781 0.0171895 0.00490295
1 0.326768 0.0443625 0.0099447 0.00426451
1 0.556088 0.471968 0.0277331 0.00577783
1 0.555567 0.52789 0.0305657 0.0057944
1 0.183232 0.668396 0.00379026 0.0163043
1 0.381605 0.521813 0.0219849 0.00635579
1 0.555506 0.540941 0.0309421 0.0101004
1 0.661334 0.446946 0.00679998 0.0267066
1 0.761151 0.86104 0.0130424 0.0136704
0 0.478737 0.0526612 0.026946 0.0156728
1 0.70009 0.567322 0.0246169 0.00948621
1 0.620802 0.591084 0.00738688 0.0282538
1 0.555269 0.511987 0.0302982 0.00561189
1 0.634151 0.59066 0.00707533 0.0298374
