0 0.0754281 0.668836 0.0249492 0.0131618
0 0.137396 0.95682 0.0151255 0.026192
0 0.224764 0.839163 0.0145396 0.0252824
0 0.152928 0.840904 0.0148673 0.0260167
0 0.0882138 0.871034 0.0142596 0.0258955
0 0.231891 0.953817 0.00812182 0.0155578
0 0.596884 0.419938 0.0123799 0.0241569
0 0.497635 0.355665 0.0134043 0.0243972
0 0.111888 0.873457 0.0142909 0.0262409
0 0.0532331 0.93472 0.0247744 0.0148506
0 0.0880927 0.967125 0.0140365 0.0241402
0 0.0874457 0.924707 0.014394 0.0261099
0 0.339233 0.913688 0.0170024 0.00997018
2 0.291285 0.846132 0.0330546 0.0177815
0 0.562323 0.381093 0.0241178 0.0134982
0 0.786595 0.779852 0.0127742 0.0241926
0 0.275562 0.946148 0.0175756 0.00978495
0 0.562447 0.40439 0.0252631 0.0136821
0 0.562687 0.356815 0.0239928 0.0120207
0 0.279452 0.91686 0.00837958 0.0147479
0 0.755724 0.781395 0.0216243 0.0342761
0 0.528275 0.603005 0.00815295 0.0165827
2 0.360166 0.84679 0.0326659 0.0167794
0 0.563694 0.459272 0.0228908 0.0129536
1 0.302552 0.862934 0.00812112 0.0150533
2 0.72536 0.658626 0.0729997 0.0546615
0 0.565726 0.481709 0.0255568 0.0139096
0 0.270261 0.737948 0.010974 0.0169067
0 0.219688 0.927607 0.0160881 0.00958433
0 0.561061 0.60965 0.00959252 0.0161868
0 0.225156 0.886065 0.0146047 0.0244062
0 0.181057 0.88601 0.0136991 0.0249026
0 0.187446 0.964021 0.0146826 0.0258376
0 0.0560114 0.893005 0.0145409 0.0251274
0 0.528465 0.639954 0.0168379 0.00957176
0 0.110217 0.967365 0.0144667 0.0242023
0 0.254214 0.693814 0.00938314 0.0168417
0 0.262943 0.916743 0.00971163 0.0160051
1 0.137374 0.94139 0.0163808 0.00446726
1 0.755176 0.759864 0.0235796 0.00850878
1 0.202744 0.871308 0.0150893 0.00426208
0 0.56178 0.427347 0.0279308 0.0160524
1 0.34884 0.863276 0.00572886 0.0152343
0 0.329348 0.833893 0.0077085 0.0144741
0 0.0314991 0.967377 0.0141838 0.0246032
0 0.32849 0.864971 0.00909521 0.0162719
0 0.727797 0.331343 0.0101601 0.0168075
0 0.528171 0.569876 0.0080583 0.0148889
1 0.225078 0.871251 0.0160359 0.00419048
0 0.580179 0.609879 0.00949359 0.0161662
0 0.556666 0.555372 0.0086007 0.0153046
0 0.21448 0.953846 0.00867442 0.0164375
0 0.139315 0.884026 0.0137371 0.0258702
1 0.722427 0.759907 0.0223392 0.00855974
0 0.202855 0.886351 0.0143631 0.0254152
0 0.135337 0.783077 0.0269918 0.014541
0 0.0606651 0.969182 0.0136343 0.0221832
1 0.497097 0.34037 0.01495 0.00463589
0 0.0947026 0.83058 0.013384 0.024596
1 0.755335 0.80336 0.0247324 0.00766648
0 0.251955 0.943758 0.00819606 0.0156248
0 0.723144 0.781608 0.022403 0.0337017
1 0.0905607 0.668075 0.00521457 0.0153622
0 0.253671 0.73836 0.00777893 0.0154491
1 0.153368 0.856132 0.0161932 0.00428222
1 0.279338 0.926 0.00976834 0.00279198
0 0.497887 0.637424 0.016743 0.00926853
1 0.371002 0.863385 0.00684588 0.0147023
0 0.224678 0.666885 0.00916236 0.0162894
2 0.719916 0.477451 0.150381 0.153618
1 0.597187 0.434811 0.0137754 0.00481665
1 0.723511 0.803628 0.0231712 0.00743534
1 0.550444 0.481633 0.00527598 0.0154927
1 0.181172 0.87127 0.0153165 0.00375529
1 0.229736 0.927424 0.00289398 0.0091856
1 0.0881497 0.982241 0.0154499 0.00504684
0 0.155109 0.991383 0.0105587 0.0144551
0 0.299027 0.889915 0.0150852 0.00784521
1 0.0865219 0.909621 0.0152612 0.00374997
1 0.202848 0.901532 0.0148277 0.00480439
1 0.0881496 0.88665 0.0166851 0.00534508
1 0.153283 0.825744 0.0157254 0.00471078
1 0.187205 0.949062 0.0154524 0.00376917
1 0.137548 0.971726 0.0165614 0.00450347
1 0.180875 0.901141 0.0148694 0.0050708
1 0.254542 0.682942 0.0103922 0.00362721
1 0.0884311 0.856254 0.0155379 0.00386785
1 0.681628 0.661089 0.015018 0.0372825
1 0.328367 0.855085 0.0101366 0.00270293
1 0.78618 0.794752 0.0146704 0.00553775
1 0.26281 0.926505 0.0115779 0.00300479
1 0.0553059 0.878326 0.0159746 0.0043123
1 0.349057 0.831028 0.00713846 0.0149302
1 0.497884 0.369954 0.0160336 0.00459671
1 0.291509 0.82929 0.00504753 0.0148489
1 0.266739 0.373019 0.00698365 0.0384456
0 0.168562 0.526092 0.00794997 0.015058
1 0.301913 0.829505 0.00476859 0.0146599
5 0.351373 0.5113 0.232055 0.230021
1 0.371798 0.831198 0.00602972 0.0149711
1 0.0315429 0.982753 0.0159254 0.00579821
1 0.0878838 0.940424 0.0164728 0.00437414
1 0.329712 0.824615 0.00880551 0.00256742
1 0.224499 0.676539 0.0112108 0.00352716
1 0.527834 0.613728 0.00983407 0.00327758
1 0.308324 0.889404 0.00290905 0.00883615
0 0.179874 0.995709 0.0156661 0.00741746
1 0.068094 0.934751 0.00479647 0.0158143
1 0.225117 0.854555 0.0161909 0.00406134
0 0.0729245 0.631898 0.0137516 0.00776747
1 0.225076 0.901175 0.014403 0.00432368
1 0.22506 0.823361 0.016705 0.00487043
1 0.155043 0.98181 0.00958491 0.00384259
1 0.277244 0.372912 0.00718345 0.0399365
1 0.0672411 0.935043 0.00385483 0.0156419
1 0.244353 0.373529 0.00700063 0.0365883
1 0.094867 0.816012 0.0143714 0.00456619
1 0.0875682 0.941233 0.0148182 0.00501539
1 0.286271 0.946211 0.0037409 0.0102519
1 0.54973 0.458958 0.00460778 0.0149057
1 0.0561996 0.908499 0.0169627 0.00543832
1 0.51879 0.640092 0.00302052 0.00988982
1 0.0611409 0.956506 0.0147496 0.00447914
1 0.168285 0.535443 0.00867375 0.00339771
1 0.707695 0.692817 0.0125026 0.00864241
1 0.110351 0.98274 0.01646 0.00594974
1 0.255029 0.373399 0.00737523 0.0376213
1 0.110609 0.951855 0.0169463 0.00617337
1 0.581245 0.482194 0.00499062 0.0148553
1 0.58 0.619947 0.00955294 0.00394821
1 0.488061 0.637484 0.00210646 0.00946295
0 0.0588481 0.754185 0.0151667 0.0304525
1 0.561137 0.619875 0.0101802 0.0043647
1 0.279751 0.829052 0.00593901 0.0157414
0 0.347518 0.714627 0.0104752 0.0202305
1 0.212323 0.450859 0.039058 0.00742887
1 0.0603687 0.668677 0.00477953 0.0148948
1 0.280114 0.862476 0.00718827 0.0145299
1 0.212916 0.516906 0.0403649 0.00759506
1 0.187998 0.978941 0.0146044 0.00495623
1 0.300169 0.373987 0.00778448 0.037504
1 0.400313 0.373199 0.0073467 0.037923
1 0.213187 0.461737 0.0399329 0.00751089
1 0.488713 0.428284 0.0354047 0.00701773
1 0.215618 0.942564 0.0109858 0.00347019
1 0.433201 0.373412 0.00727632 0.0382089
1 0.139764 0.869786 0.0149988 0.00454975
0 0.143634 0.806566 0.0230901 0.0143352
1 0.718118 0.392987 0.0139991 0.0194619
1 0.410602 0.373461 0.00668576 0.0394089
1 0.2129 0.428375 0.0385223 0.00703493
1 0.288475 0.373497 0.00773073 0.0408402
1 0.596588 0.40483 0.0151427 0.00611174
1 0.231513 0.942604 0.00767308 0.00400399
1 0.712206 0.692934 0.00785015 0.00802243
1 0.593032 0.784771 0.00927753 0.00333886
1 0.112187 0.857711 0.0174295 0.00552437
1 0.30145 0.650235 0.00772192 0.037903
0 0.762484 0.331947 0.0140357 0.0288948
1 0.444288 0.373827 0.00713502 0.0385299
1 0.21251 0.506149 0.0390468 0.00719452
1 0.771956 0.657394 0.0178664 0.0370438
1 0.556438 0.564917 0.00977419 0.00455963
1 0.349847 0.37496 0.0660218 0.0393441
1 0.212352 0.417614 0.0403272 0.00648645
1 0.422425 0.373625 0.00764084 0.0385705
1 0.212155 0.584128 0.0387799 0.00694581
1 0.212866 0.539514 0.040114 0.00763559
1 0.212915 0.617649 0.0382759 0.00785734
1 0.673823 0.358347 0.0267701 0.0948807
1 0.150895 0.782735 0.00472141 0.0146401
1 0.771073 0.650199 0.017854 0.0228362
1 0.488108 0.517407 0.0353898 0.00634766
1 0.785662 0.764198 0.0153096 0.00595262
1 0.212568 0.595185 0.0397236 0.00709296
1 0.214433 0.963841 0.00936916 0.00446413
1 0.212296 0.57327 0.0384004 0.00733898
1 0.121134 0.783207 0.00392277 0.0163739
1 0.212553 0.495075 0.0387396 0.00736399
1 0.266961 0.649583 0.00694728 0.0390165
1 0.231446 0.963793 0.00915409 0.00389055
