2 0.848391 0.473356 0.0808249 0.0616553
0 0.151452 0.645176 0.0125315 0.0218761
0 0.304141 0.353859 0.0221308 0.0116252
0 0.0352252 0.388162 0.0239147 0.012053
0 0.0350447 0.216435 0.0240583 0.0129727
0 0.186431 0.215639 0.0120211 0.0226643
1 0.632447 0.269587 0.0230577 0.00811114
0 0.0353487 0.685685 0.0243256 0.0128755
0 0.304215 0.808354 0.0235574 0.0132112
0 0.151973 0.302513 0.0121524 0.0225977
0 0.0356547 0.301536 0.0241892 0.0130398
0 0.151835 0.459546 0.012286 0.0226973
0 0.186297 0.895243 0.0123066 0.0234022
0 0.15154 0.554523 0.011902 0.0223678
0 0.870108 0.0424062 0.0135303 0.0251082
0 0.152886 0.343234 0.0119255 0.022761
0 0.159472 0.825364 0.0129416 0.0230371
0 0.0353625 0.598753 0.024511 0.0130007
0 0.158713 0.691867 0.0132423 0.0230458
0 0.0359268 0.131106 0.0239991 0.0121566
0 0.869462 0.365368 0.0207535 0.0349574
0 0.651169 0.231503 0.0208057 0.0355964
0 0.186354 0.772743 0.011667 0.0231874
0 0.304185 0.1308 0.0234314 0.0121644
0 0.303554 0.854579 0.0235788 0.0125744
0 0.178473 0.181146 0.023515 0.0126078
0 0.154382 0.129363 0.0122687 0.0226617
0 0.153908 0.599797 0.0120403 0.023236
0 0.185991 0.418918 0.0125017 0.0234846
0 0.0355418 0.0376649 0.0240927 0.0125788
0 0.937318 0.499779 0.0119488 0.0245553
2 0.374754 0.443175 0.0182933 0.0461868
0 0.0360114 0.0877587 0.0235529 0.0123773
0 0.15923 0.379018 0.0240616 0.0130211
0 0.185662 0.854547 0.0126677 0.0231659
0 0.553003 0.466106 0.0215566 0.0334409
0 0.0348033 0.769911 0.023291 0.0135108
0 0.0353148 0.473602 0.0241905 0.0129125
0 0.158831 0.732493 0.0126504 0.0237231
0 0.03537 0.729018 0.0239087 0.0128908
0 0.297171 0.246792 0.0122932 0.0224034
0 0.664469 0.290273 0.0215674 0.0379668
0 0.0355984 0.345674 0.0232882 0.0126067
0 0.30403 0.642809 0.0229464 0.0123912
0 0.160356 0.784104 0.012674 0.0237296
0 0.30388 0.0893782 0.0239937 0.0122906
0 0.186676 0.732855 0.0117317 0.0223484
0 0.908449 0.480919 0.00759437 0.0153302
0 0.0351516 0.25901 0.0249533 0.012961
0 0.186086 0.813546 0.0114458 0.0235627
0 0.186434 0.302853 0.0122562 0.0239554
0 0.950824 0.529438 0.0165861 0.00946226
1 0.392454 0.441998 0.0153822 0.0135066
0 0.662908 0.348116 0.0201292 0.0329469
0 0.816895 0.376131 0.0239943 0.0133264
0 0.185987 0.146912 0.0120829 0.0237587
0 0.0350291 0.811737 0.0236302 0.0125166
0 0.152479 0.417513 0.0127426 0.0228468
0 0.598541 0.290637 0.0214848 0.0338189
0 0.632533 0.290457 0.0212865 0.0346854
0 0.303957 0.684643 0.0220142 0.0122103
0 0.0361056 0.55698 0.0233406 0.0129411
0 0.367563 0.321121 0.0231742 0.0120627
0 0.152294 0.513127 0.0121763 0.0228567
0 0.155508 0.0471733 0.0119052 0.0237708
0 0.185968 0.691015 0.0128889 0.0219209
1 0.160289 0.768604 0.0144921 0.00508499
0 0.186245 0.257256 0.0122814 0.0230386
0 0.816419 0.351664 0.0170513 0.00965118
0 0.035912 0.173292 0.0230135 0.0130427
0 0.794391 0.519466 0.00989414 0.0166821
0 0.304035 0.949271 0.0243665 0.0132574
0 0.035573 0.430485 0.0233284 0.0130295
0 0.297159 0.20597 0.0122971 0.0240057
0 0.186284 0.647867 0.0115958 0.0231097
0 0.155872 0.0876682 0.0119106 0.0232374
0 0.305522 0.42129 0.0220718 0.0117322
0 0.711701 0.30663 0.0343303 0.0202591
0 0.303881 0.76951 0.0220788 0.0118899
0 0.185756 0.554326 0.0120546 0.0230806
0 0.296691 0.287209 0.0121815 0.0237198
0 0.185922 0.343547 0.0122 0.0241519
0 0.0350945 0.515456 0.0231531 0.0127382
0 0.71174 0.235744 0.0333308 0.0208101
0 0.18671 0.0972118 0.0121999 0.0232886
0 0.15189 0.213641 0.012279 0.0224345
0 0.0354027 0.642753 0.024513 0.0126507
0 0.305312 0.459217 0.0227492 0.0118754
0 0.30387 0.0468795 0.0223204 0.0117298
1 0.15927 0.839783 0.0139797 0.00527204
0 0.594887 0.471095 0.0136267 0.0239297
0 0.297287 0.16464 0.0122788 0.0240535
0 0.186053 0.0455288 0.0121577 0.0238545
0 0.767751 0.143469 0.0144668 0.0247451
1 0.185561 0.839901 0.0148107 0.00530599
0 0.975623 0.0334389 0.0126749 0.0249961
0 0.186477 0.976126 0.0237325 0.0124664
0 0.312464 0.905298 0.0221368 0.0118921
0 0.905152 0.349623 0.0255002 0.013813
1 0.567198 0.270629 0.0214439 0.00995029
1 0.158902 0.746636 0.0139689 0.00498675
0 0.567077 0.291088 0.0191779 0.030039
1 0.357812 0.45867 0.012536 0.0105841
0 0.710479 0.271947 0.034148 0.0196903
0 0.304485 0.725894 0.0225458 0.0123818
0 0.152288 0.258203 0.0119538 0.0222056
1 0.152162 0.316465 0.0142579 0.0045929
1 0.663519 0.369686 0.0231633 0.00941242
1 0.870238 0.0271717 0.0156126 0.00459371
2 0.370125 0.508833 0.0196887 0.0469214
1 0.881348 0.424381 0.0102365 0.0287502
1 0.151997 0.474082 0.0142533 0.00529061
0 0.399266 0.790727 0.0261866 0.0140426
0 0.304972 0.39013 0.0229316 0.0114488
1 0.186089 0.0825953 0.0154216 0.00504827
1 0.0205758 0.0378505 0.00538802 0.0147945
1 0.155875 0.0731663 0.0157616 0.00464485
1 0.553016 0.444555 0.0235209 0.00859558
1 0.975194 0.018077 0.0165217 0.00470736
1 0.553042 0.487116 0.0230148 0.00775093
1 0.297672 0.191468 0.0143727 0.00451529
1 0.152339 0.432325 0.0150117 0.00532757
1 0.152055 0.527004 0.013813 0.00443362
0 0.710662 0.342388 0.0334711 0.0218814
1 0.88113 0.519017 0.011035 0.0300765
1 0.869507 0.386929 0.0238848 0.00853073
1 0.66425 0.268758 0.0226183 0.00763727
1 0.154368 0.114473 0.0140526 0.00520507
1 0.650989 0.209275 0.0225854 0.00767501
1 0.318567 0.855026 0.00594367 0.0146272
1 0.869958 0.0573144 0.0149963 0.00465398
1 0.153687 0.614389 0.0141867 0.00574662
1 0.0205166 0.812113 0.00558205 0.0147454
1 0.0210069 0.13144 0.00543925 0.0138668
1 0.29635 0.301619 0.0139382 0.0048754
1 0.816159 0.424097 0.0118742 0.0289526
1 0.0498547 0.473569 0.00586839 0.0136835
1 0.151665 0.659284 0.0145284 0.00543826
1 0.0205981 0.216623 0.00574425 0.0151361
1 0.152068 0.630813 0.0153103 0.00579277
1 0.186164 0.676983 0.0136086 0.00592735
1 0.598576 0.269535 0.0235402 0.00674748
1 0.83128 0.37653 0.0060396 0.0148828
1 0.801926 0.375944 0.00545664 0.0160899
1 0.187008 0.746105 0.0140517 0.00377192
1 0.185806 0.287673 0.0153072 0.00596703
1 0.319036 0.808086 0.00623381 0.0151288
1 0.859804 0.519232 0.0102023 0.0301278
1 0.297603 0.260678 0.0148196 0.00467239
1 0.186476 0.316634 0.0135028 0.00339367
0 0.186225 0.459025 0.0121305 0.0238986
1 0.186205 0.705291 0.0143803 0.00501032
1 0.732439 0.305652 0.00837689 0.0231844
1 0.0504032 0.130944 0.00549343 0.0143142
1 0.186464 0.22968 0.0135476 0.0040664
1 0.144589 0.379038 0.00472736 0.0153573
1 0.0500243 0.174041 0.0059427 0.0147195
1 0.317495 0.354142 0.00471819 0.0134624
1 0.0204537 0.258733 0.00534827 0.0152483
1 0.732578 0.235676 0.00824237 0.0226322
1 0.0206011 0.598683 0.00540934 0.0152784
1 0.732586 0.271745 0.0084555 0.0222223
1 0.0500289 0.598823 0.0055538 0.0142193
1 0.049865 0.643028 0.00564504 0.0147444
1 0.185862 0.0598013 0.0138392 0.00471181
1 0.18596 0.799294 0.013824 0.00494985
1 0.0204873 0.3013 0.00541854 0.0155578
1 0.0502256 0.0877188 0.00597323 0.0137388
1 0.594798 0.456135 0.0151838 0.00506176
1 0.0490987 0.769855 0.00586262 0.0147306
1 0.0501636 0.388033 0.0058402 0.014014
1 0.632376 0.312866 0.0237443 0.00794454
1 0.0499302 0.301782 0.00574612 0.0137034
1 0.154502 0.143571 0.0141636 0.00562844
1 0.860011 0.424713 0.0104816 0.0301064
1 0.185893 0.16124 0.0134023 0.00488993
1 0.192695 0.180874 0.00425195 0.0146637
1 0.388171 0.492321 0.0134525 0.0121379
1 0.38804 0.525451 0.0139407 0.0125184
1 0.908721 0.471456 0.00848626 0.0032388
1 0.152241 0.287923 0.0150537 0.00626683
1 0.318367 0.643267 0.00533207 0.0146957
1 0.939678 0.529611 0.00518417 0.0100701
1 0.317384 0.0466131 0.00425064 0.0130192
1 0.187165 0.11147 0.0137144 0.00539972
1 0.0500185 0.037833 0.00543536 0.0137334
1 0.0207085 0.685519 0.00500963 0.0148866
1 0.599466 0.312911 0.0235001 0.00802766
1 0.0502638 0.557307 0.00563432 0.0148739
1 0.0205144 0.643312 0.00489873 0.0149419
1 0.18605 0.90964 0.0152501 0.00487944
1 0.152911 0.35699 0.0130632 0.00461044
1 0.0498972 0.216335 0.00586273 0.014547
1 0.0207257 0.473648 0.00562829 0.0151847
0 0.330775 0.248376 0.0131515 0.0253115
1 0.185931 0.433085 0.0137977 0.00368059
1 0.0498667 0.729642 0.00568961 0.014924
1 0.152192 0.200269 0.0146965 0.00408268
1 0.159142 0.706046 0.0154717 0.00461028
1 0.159887 0.810545 0.0155912 0.00557021
1 0.0207744 0.515515 0.00542415 0.0140293
1 0.151796 0.541811 0.0131971 0.00395753
1 0.0209606 0.388404 0.00560729 0.014403
1 0.330756 0.263739 0.0147419 0.00529152
1 0.838651 0.519555 0.0107402 0.0299879
1 0.0505331 0.685482 0.00538209 0.0148985
1 0.316414 0.76981 0.00437164 0.0130143
0 0.579523 0.590887 0.0274551 0.0201621
1 0.83789 0.424566 0.0104339 0.0298818
1 0.56715 0.310875 0.0209332 0.00894568
1 0.919336 0.34856 0.00418378 0.0154234
1 0.186542 0.785942 0.013519 0.00389193
1 0.732954 0.342768 0.00778173 0.0225443
1 0.651566 0.252849 0.0224483 0.00799823
1 0.152415 0.403769 0.0147703 0.00471925
1 0.0503759 0.259372 0.0057316 0.0147371
1 0.15821 0.676769 0.0142678 0.00507542
1 0.0504509 0.81191 0.00550611 0.0143116
1 0.291449 0.421697 0.00483428 0.0133808
1 0.663188 0.326455 0.0239867 0.00835681
1 0.201612 0.976305 0.00606512 0.0149071
1 0.868624 0.342992 0.0216034 0.00720406
1 0.0500563 0.34621 0.00587416 0.015059
1 0.767786 0.158902 0.015465 0.00510355
1 0.15183 0.228476 0.0143523 0.00547916
1 0.664029 0.313997 0.0240944 0.00742031
1 0.17443 0.379524 0.00503343 0.0139044
1 0.0208677 0.430387 0.00603382 0.0139996
1 0.0207638 0.769957 0.00539751 0.0151868
1 0.768011 0.128258 0.0155537 0.00332362
1 0.0212502 0.0880522 0.00552925 0.0146653
1 0.0497809 0.51523 0.00545047 0.0143312
1 0.358518 0.424823 0.0140784 0.00954944
1 0.816929 0.518643 0.00992878 0.0277646
1 0.297282 0.150345 0.0143437 0.00501648
1 0.0211495 0.173864 0.00626604 0.0154181
1 0.297903 0.23192 0.01457 0.00490362
1 0.186401 0.66125 0.0130361 0.00415471
1 0.690244 0.235968 0.00715224 0.0231382
1 0.291394 0.458849 0.00416643 0.0133344
1 0.594282 0.486914 0.016131 0.00650681
1 0.317265 0.684609 0.00473688 0.0127256
1 0.689787 0.306435 0.00579008 0.0214725
1 0.0207543 0.72942 0.00522797 0.0147075
1 0.186035 0.201278 0.0149662 0.00521958
1 0.186202 0.270574 0.0140395 0.00453758
1 0.0207703 0.345536 0.005653 0.0143924
0 0.185514 0.605692 0.0121151 0.0232594
1 0.297374 0.220807 0.0150843 0.00504636
1 0.318574 0.0898 0.00566639 0.0140882
1 0.186334 0.869528 0.0143301 0.00487756
1 0.158462 0.71672 0.0140657 0.0046146
1 0.152373 0.245076 0.0133004 0.00363433
1 0.68969 0.272264 0.00729464 0.02224
1 0.325875 0.90488 0.00472103 0.0134537
1 0.918238 0.349037 0.00291968 0.0146308
1 0.290407 0.389822 0.00590903 0.0142137
1 0.158905 0.707123 0.0150836 0.00494479
1 0.185462 0.131543 0.0154387 0.00631486
1 0.185998 0.40425 0.014401 0.00568259
1 0.0499231 0.430216 0.00577313 0.0144727
1 0.732304 0.33988 0.00801537 0.0201976
1 0.153483 0.584794 0.0141097 0.0062117
1 0.021193 0.557057 0.00597131 0.0149986
1 0.690121 0.342313 0.00631451 0.0230692
1 0.185778 0.568092 0.0132065 0.00476024
1 0.291129 0.390171 0.00474908 0.0127047
1 0.152315 0.270321 0.012088 0.00431389
1 0.160417 0.799285 0.0161442 0.00530149
1 0.151761 0.567441 0.0127727 0.00419273
1 0.186797 0.880392 0.0141788 0.00473835
1 0.18503 0.0301866 0.0157668 0.00615646
1 0.317342 0.725436 0.00401015 0.0125046
1 0.185928 0.473418 0.0131425 0.00436489
0 0.996074 0.0859364 0.00785284 0.0171906
1 0.318591 0.949452 0.00591087 0.014166
1 0.354487 0.321341 0.00427734 0.0146707
