0 0.730697 0.13147 0.0482879 0.0259633
0 0.154973 0.76738 0.00855885 0.0155648
0 0.460106 0.936741 0.0151916 0.00840972
3 0.423678 0.188361 0.0710612 0.0546799
0 0.0292779 0.120924 0.0248318 0.012625
0 0.0442283 0.93013 0.0201766 0.032687
0 0.771943 0.781869 0.00924376 0.0166588
0 0.729407 0.704882 0.0164078 0.00987875
0 0.0976824 0.76836 0.0271394 0.0151882
0 0.0818951 0.917764 0.0256535 0.0142417
0 0.705288 0.209653 0.0168469 0.00921756
0 0.0824966 0.119096 0.0248685 0.012913
0 0.183031 0.983728 0.0261964 0.0145549
0 0.455726 0.756052 0.0247042 0.01321
0 0.970494 0.126873 0.0233335 0.0122081
0 0.0801915 0.721988 0.0191711 0.0299119
0 0.371037 0.127599 0.0233586 0.0128869
0 0.456111 0.901647 0.0161218 0.00828183
0 0.740147 0.193104 0.0206844 0.0332762
0 0.558991 0.710362 0.023928 0.0133763
0 0.791767 0.20467 0.0338361 0.021565
0 0.440987 0.0291136 0.0160153 0.00849023
0 0.486776 0.842175 0.00871611 0.0143902
0 0.137864 0.0342152 0.0158236 0.00816929
0 0.494001 0.97425 0.00888771 0.0153637
0 0.45326 0.885193 0.0162065 0.00825726
0 0.43245 0.13022 0.0442857 0.024897
0 0.45642 0.919673 0.0152565 0.00887499
0 0.733724 0.613226 0.0130503 0.0241602
0 0.574715 0.182353 0.0265546 0.0147222
0 0.701635 0.724641 0.0147283 0.00860833
0 0.470105 0.846056 0.00799038 0.0152624
0 0.575008 0.205425 0.0270474 0.0138297
0 0.747611 0.854761 0.00935933 0.015486
0 0.554045 0.965781 0.00868081 0.0155282
0 0.141048 0.0663102 0.0154208 0.00839578
0 0.710098 0.0393136 0.00782369 0.0158573
0 0.528399 0.983092 0.0132341 0.0237986
0 0.729178 0.686312 0.0165208 0.00966382
0 0.342569 0.896122 0.0169544 0.00933982
0 0.351947 0.987006 0.0163392 0.00911469
0 0.669139 0.12771 0.0225926 0.0121078
0 0.620709 0.190001 0.0266175 0.0147922
0 0.696664 0.861073 0.015442 0.00801349
0 0.459856 0.971464 0.0162947 0.00795177
0 0.808749 0.839514 0.00967745 0.0160599
0 0.459466 0.991052 0.0159003 0.00867725
0 0.794402 0.741348 0.00868919 0.014472
0 0.453438 0.0899976 0.0159787 0.00810562
0 0.280837 0.939599 0.0162323 0.00825238
0 0.792335 0.839605 0.00832567 0.0152328
0 0.280755 0.922796 0.0138022 0.00796953
0 0.459618 0.953383 0.0152646 0.00829672
0 0.694926 0.97403 0.00850834 0.0154238
0 0.409551 0.041318 0.00811542 0.0147409
0 0.811064 0.167147 0.0327261 0.0208871
0 0.380126 0.972655 0.0163433 0.00958452
0 0.454733 0.846733 0.00868547 0.0158212
0 0.190112 0.951797 0.0336267 0.0223175
0 0.591107 0.788531 0.00808334 0.014949
1 0.0441942 0.951274 0.0237993 0.00790599
1 0.733497 0.598015 0.0160005 0.00529217
0 0.693167 0.928316 0.00852541 0.0152542
0 0.18063 0.885573 0.0256104 0.0144191
0 0.844805 0.801913 0.0140672 0.0218947
1 0.590802 0.205478 0.0047381 0.0161473
1 0.832323 0.167082 0.00834299 0.0230958
1 0.378392 0.188243 0.0205081 0.0415804
1 0.0439831 0.121023 0.00428981 0.0145626
1 0.740915 0.213087 0.0224411 0.00688731
0 0.751051 0.0877834 0.0154911 0.00787457
0 0.577454 0.921376 0.00839496 0.0150722
0 0.188169 0.918856 0.0313726 0.0188664
2 0.132073 0.71567 0.0453043 0.0250567
1 0.0976685 0.119449 0.00527868 0.0151954
1 0.154679 0.77703 0.0095677 0.00362184
1 0.715118 0.209476 0.00285408 0.0102371
1 0.167142 0.983845 0.00489854 0.0175741
1 0.589538 0.181527 0.00398336 0.0141584
1 0.0825074 0.768406 0.00429719 0.0169551
1 0.113074 0.76811 0.00426042 0.0169565
0 0.861715 0.861345 0.0162429 0.00887786
0 0.50056 0.771642 0.0145686 0.00794601
1 0.956532 0.127373 0.00432468 0.0144011
1 0.440579 0.756178 0.00503074 0.0169696
1 0.0972885 0.917704 0.00425977 0.0160105
1 0.0799404 0.700447 0.0220389 0.00901019
1 0.871407 0.861768 0.00330841 0.0107746
1 0.771819 0.791973 0.0102091 0.00432136
0 0.730929 0.85505 0.00802318 0.0149429
0 0.739073 0.0312289 0.0156526 0.00855523
1 0.0448336 0.909009 0.0238971 0.0066018
1 0.636748 0.189757 0.0052726 0.0163928
1 0.747694 0.863884 0.00973911 0.00256216
1 0.168142 0.952065 0.00875378 0.0246116
1 0.168293 0.919461 0.00773749 0.0236551
1 0.870165 0.816502 0.0160738 0.00494622
1 0.0675945 0.119168 0.0049575 0.0142528
1 0.699744 0.131148 0.0104754 0.0265418
1 0.544163 0.710644 0.00524021 0.0145443
1 0.465369 0.920082 0.00297524 0.0100392
1 0.554148 0.9561 0.00902626 0.0033343
1 0.844878 0.815541 0.0155407 0.00471916
1 0.149187 0.694992 0.00913232 0.0148739
1 0.770735 0.204336 0.00657641 0.023523
1 0.493772 0.964146 0.00987528 0.00393752
1 0.454938 0.856627 0.0100843 0.00394746
1 0.694972 0.964457 0.0089903 0.00330628
1 0.738645 0.685869 0.00240876 0.0112282
1 0.14246 0.735973 0.0255403 0.0144529
1 0.559353 0.204774 0.00450084 0.0182462
1 0.33185 0.895763 0.00451279 0.0106332
1 0.465527 0.90225 0.00306939 0.00948452
1 0.733429 0.627788 0.0146087 0.00534483
1 0.462351 0.130099 0.0127467 0.0276323
1 0.559117 0.182259 0.0050703 0.0169751
1 0.70616 0.861564 0.00367237 0.00852228
0 0.869743 0.801836 0.0141528 0.0230307
1 0.813005 0.204514 0.00804351 0.0234777
1 0.470407 0.855855 0.0101098 0.00401781
0 0.151398 0.668993 0.0158689 0.00912144
1 0.466928 0.187188 0.0174214 0.0391277
1 0.762039 0.130308 0.0110926 0.0268383
0 0.665498 0.105185 0.0121739 0.00759894
1 0.683064 0.127952 0.00553988 0.0150837
1 0.739661 0.704852 0.00399518 0.0105184
1 0.573482 0.710256 0.00539561 0.0154281
0 0.687819 0.790246 0.00793207 0.0139856
1 0.34106 0.987314 0.00479626 0.0108304
1 0.197988 0.984088 0.0046541 0.0168571
1 0.362402 0.987027 0.00405371 0.00986981
4 0.295981 0.704911 0.177885 0.170806
1 0.0797491 0.742642 0.0215032 0.00830497
1 0.486765 0.832489 0.00880373 0.00353554
1 0.369981 0.972396 0.00347597 0.00961804
1 0.080157 0.741149 0.0218634 0.00796484
1 0.132618 0.695387 0.0119824 0.0150528
1 0.760689 0.0880531 0.00367524 0.0094592
1 0.385088 0.12828 0.00592929 0.0175922
1 0.687591 0.800101 0.00933269 0.00336656
1 0.211192 0.95158 0.00783872 0.0224695
1 0.128323 0.0343098 0.0027262 0.0099275
1 0.793562 0.73154 0.00937227 0.00392282
1 0.463714 0.885603 0.00404392 0.00973592
1 0.116791 0.73574 0.00941334 0.0153267
1 0.116269 0.69462 0.00770983 0.0141974
1 0.449441 0.97123 0.00287162 0.0100429
1 0.159942 0.669618 0.0034498 0.0101114
1 0.693198 0.918463 0.0086199 0.0032363
1 0.809161 0.848436 0.0104423 0.00374015
1 0.470874 0.756315 0.00524787 0.0142951
1 0.605519 0.189909 0.00310898 0.0145131
1 0.692215 0.72462 0.0034089 0.0090933
1 0.772103 0.771219 0.0100007 0.00428816
1 0.528139 0.967509 0.014948 0.00621677
1 0.510409 0.771475 0.00416756 0.00865817
0 0.555283 0.226283 0.0146853 0.00843422
1 0.40972 0.0504179 0.00838602 0.00269876
1 0.0672056 0.917652 0.00364842 0.0147021
1 0.730847 0.863195 0.0083423 0.00268874
1 0.460223 0.12956 0.0116662 0.0267456
1 0.463188 0.0902341 0.00456557 0.00897063
1 0.449676 0.990225 0.00254697 0.00995336
1 0.208888 0.918553 0.00759453 0.0215196
1 0.739823 0.170512 0.0220423 0.00760604
1 0.790335 0.166341 0.00807878 0.0227579
1 0.27084 0.93976 0.00424591 0.00952955
1 0.730308 0.03096 0.00278354 0.00919571
1 0.0138736 0.121113 0.00555549 0.0152159
1 0.654488 0.127865 0.00534702 0.0136409
1 0.528825 0.996987 0.014168 0.00528955
1 0.270536 0.92346 0.0035972 0.00842416
1 0.357236 0.127945 0.00509894 0.0149797
1 0.590921 0.778372 0.00869076 0.00363709
