0 0.870626 0.0423907 0.0141713 0.0262477
0 0.303817 0.0896323 0.0228772 0.0127101
0 0.0355042 0.130744 0.0248473 0.0124172
2 0.84756 0.472496 0.0816365 0.0617285
0 0.0351222 0.388158 0.0241772 0.011424
0 0.305505 0.459288 0.0214372 0.0118992
0 0.304162 0.129862 0.0233254 0.0125361
0 0.304127 0.807794 0.0240132 0.0131753
0 0.154721 0.128957 0.0118396 0.0223842
0 0.152107 0.644157 0.01273 0.0221939
0 0.905301 0.34845 0.0254488 0.0145348
0 0.186366 0.215046 0.0125412 0.0232665
0 0.304558 0.35325 0.0213105 0.0116951
0 0.151758 0.213352 0.012886 0.0228296
0 0.304374 0.682966 0.0232145 0.0125681
0 0.185877 0.89441 0.0124583 0.0227387
0 0.152737 0.554002 0.012259 0.0227665
0 0.0360529 0.684964 0.0243524 0.0123677
0 0.0361751 0.0371761 0.0243201 0.0125952
0 0.159306 0.691533 0.0129712 0.0228469
0 0.159329 0.825193 0.0133632 0.0231214
0 0.297334 0.286885 0.011825 0.0228058
0 0.0355122 0.215141 0.0250165 0.0136656
1 0.632446 0.268744 0.0221982 0.008031
0 0.0361283 0.810888 0.0248481 0.0127719
0 0.816632 0.351441 0.0174567 0.00957473
0 0.152552 0.342436 0.0115875 0.0209342
0 0.908422 0.480847 0.0076207 0.0154822
0 0.159283 0.379215 0.0238691 0.0131339
0 0.296795 0.246081 0.0126172 0.023899
0 0.0347469 0.514943 0.0240552 0.0127114
0 0.152431 0.513123 0.013029 0.0226896
0 0.186314 0.302613 0.0119888 0.0231196
0 0.0356233 0.173389 0.023769 0.0125302
0 0.185495 0.146293 0.0125951 0.0238931
0 0.185999 0.772277 0.012211 0.0228947
0 0.152823 0.302208 0.0118977 0.0217376
0 0.552996 0.464047 0.0209055 0.0326909
0 0.303891 0.948261 0.0217771 0.0121658
0 0.035018 0.300862 0.0234393 0.0131918
0 0.651284 0.23069 0.0197048 0.0334276
0 0.632619 0.290921 0.0215538 0.0349028
0 0.178194 0.180307 0.0236164 0.0129931
0 0.186055 0.812914 0.0121369 0.0231297
0 0.155646 0.0877603 0.0112976 0.0231634
2 0.37496 0.442799 0.0185015 0.047936
0 0.367323 0.321448 0.0232015 0.011994
0 0.154393 0.599782 0.0124106 0.022835
0 0.304752 0.0473731 0.0235971 0.0122802
0 0.159786 0.78285 0.0132723 0.0238147
0 0.0358858 0.345688 0.0230488 0.012899
0 0.186962 0.731842 0.0118051 0.0218854
0 0.186365 0.647165 0.0119396 0.0233943
0 0.0353259 0.72834 0.0236722 0.0129498
0 0.663927 0.349587 0.0213804 0.0376955
0 0.185811 0.853329 0.0127188 0.0237959
0 0.0346697 0.59812 0.023946 0.0128532
0 0.303927 0.768644 0.0231388 0.0115249
0 0.312145 0.904575 0.0230509 0.0123915
0 0.159773 0.732122 0.0121363 0.0232856
0 0.937516 0.499208 0.0124402 0.0253851
0 0.816597 0.37596 0.0238223 0.0129293
0 0.869664 0.366531 0.0196982 0.0344161
1 0.392478 0.44129 0.0146117 0.0128318
0 0.152399 0.458034 0.0120732 0.0218419
0 0.151961 0.257008 0.0123429 0.0216096
0 0.0351074 0.472975 0.0246354 0.0131466
0 0.0353228 0.768758 0.0247012 0.0131631
1 0.159663 0.746172 0.0136448 0.00504622
0 0.186168 0.256291 0.0116901 0.0226659
0 0.0351155 0.429892 0.0247565 0.0124552
0 0.0351166 0.257912 0.02349 0.0130624
0 0.29742 0.164238 0.0123164 0.02347
0 0.035883 0.0883257 0.0226422 0.0125501
0 0.305545 0.39089 0.0226477 0.0117619
0 0.30563 0.42114 0.0231823 0.0121274
0 0.0355293 0.555724 0.0245283 0.0133381
0 0.186533 0.417862 0.0122555 0.0236474
0 0.185996 0.975692 0.0231229 0.0121669
0 0.185477 0.690151 0.0127192 0.0214232
0 0.71099 0.270629 0.0309539 0.0197717
0 0.399521 0.790305 0.0274511 0.0146477
0 0.152814 0.417713 0.0126327 0.0229354
0 0.303485 0.725783 0.0226873 0.0121544
0 0.186852 0.0966915 0.0120159 0.0235847
0 0.303965 0.853466 0.0227554 0.0121441
1 0.158978 0.839792 0.0140095 0.00541293
0 0.598553 0.290395 0.0219402 0.0323437
0 0.303502 0.64254 0.0233377 0.0125639
0 0.0356176 0.643256 0.0236875 0.0130663
0 0.297394 0.20468 0.0126135 0.0238982
0 0.186193 0.554315 0.011588 0.0226078
0 0.794592 0.519026 0.0103346 0.0169177
0 0.186621 0.0450774 0.0119012 0.0228333
0 0.156555 0.0468498 0.011777 0.0233119
1 0.552596 0.443073 0.02292 0.00783076
0 0.186738 0.343206 0.0114788 0.0230043
1 0.3574 0.458601 0.0128562 0.0101355
1 0.870939 0.0268582 0.0156367 0.00445557
0 0.767731 0.142061 0.0147314 0.0249848
0 0.711363 0.305676 0.0331149 0.0193468
1 0.552676 0.487062 0.0231898 0.00834574
0 0.975448 0.0325483 0.0127185 0.0249354
0 0.594881 0.470239 0.0128551 0.0232941
1 0.152513 0.527162 0.0145756 0.0048673
1 0.155758 0.0732878 0.0150038 0.00481258
1 0.186022 0.838565 0.0154895 0.00522826
1 0.870473 0.0575037 0.0155771 0.00490044
0 0.330885 0.248099 0.0130502 0.0252603
1 0.0506316 0.215035 0.00574635 0.0150543
0 0.950716 0.529316 0.0168905 0.00965881
0 0.567308 0.290016 0.0190823 0.0274255
1 0.567243 0.309119 0.0205597 0.0102363
1 0.159764 0.767894 0.01499 0.00536703
1 0.297325 0.230927 0.0150554 0.00472974
1 0.651133 0.209343 0.0231426 0.00829149
2 0.370456 0.507506 0.0204549 0.0469928
1 0.868853 0.344275 0.0215103 0.00819509
0 0.711301 0.235585 0.0341598 0.0216195
1 0.599076 0.269263 0.0224855 0.00786581
1 0.297827 0.190303 0.0150219 0.0050689
1 0.18657 0.0818631 0.0154309 0.00528275
1 0.869362 0.38736 0.0238547 0.00829734
1 0.0496165 0.598426 0.00541435 0.0147699
1 0.331098 0.263081 0.0148334 0.00469644
1 0.152623 0.403401 0.0148792 0.0049194
1 0.186194 0.87964 0.0138913 0.00463961
1 0.732447 0.235281 0.00847507 0.0229319
0 0.664622 0.289393 0.022933 0.0344293
1 0.152485 0.629452 0.0155742 0.00507186
1 0.0206683 0.81119 0.00529468 0.0146937
1 0.651627 0.252106 0.0214914 0.0083673
1 0.159777 0.810279 0.0161509 0.00538304
1 0.187331 0.745144 0.0141993 0.0044904
0 0.71052 0.342164 0.0311836 0.0204647
1 0.152164 0.658598 0.0149559 0.00603473
1 0.152598 0.287938 0.0153199 0.00659036
1 0.387496 0.491561 0.0144837 0.0109461
1 0.020612 0.684729 0.00511597 0.0146725
1 0.0504185 0.685218 0.00541352 0.0140562
1 0.144814 0.378955 0.00484437 0.0151147
1 0.567417 0.270636 0.0225043 0.00926374
1 0.0497657 0.473162 0.00578761 0.0141056
1 0.599091 0.311179 0.0241407 0.00744591
1 0.297213 0.300641 0.0135732 0.00474592
1 0.97466 0.0180219 0.016019 0.00409528
1 0.152168 0.199572 0.0154071 0.00426346
1 0.318146 0.0895599 0.0053953 0.0140102
1 0.0201741 0.515326 0.00531853 0.0136799
1 0.186434 0.0596231 0.0135241 0.00480349
1 0.15244 0.472309 0.0142636 0.00539076
1 0.0504969 0.810985 0.00540534 0.0146452
1 0.357917 0.42483 0.0135875 0.0104897
1 0.154129 0.613742 0.0141195 0.00536859
1 0.186266 0.269764 0.0126953 0.00432887
1 0.020769 0.0375374 0.00540442 0.0143118
0 0.579397 0.591106 0.0286993 0.0185145
1 0.0505385 0.0375727 0.00533224 0.0137632
1 0.859913 0.51892 0.0102024 0.0296643
1 0.152522 0.355683 0.0122085 0.00388811
1 0.663957 0.370757 0.0231445 0.00737415
1 0.151849 0.269847 0.0131082 0.00413263
1 0.152762 0.432482 0.014373 0.00483478
1 0.159423 0.676364 0.014761 0.00533601
1 0.0508122 0.130581 0.00573923 0.0146078
1 0.66374 0.325839 0.0234978 0.00802074
1 0.0499891 0.769029 0.00575488 0.0151162
1 0.0201438 0.598261 0.0052394 0.0156233
1 0.0207705 0.130622 0.00528379 0.0143813
1 0.802039 0.375204 0.00528673 0.0163236
1 0.0205064 0.215332 0.00555708 0.0156939
1 0.859674 0.424411 0.0107751 0.0294618
1 0.185414 0.676014 0.0140542 0.00534108
1 0.186718 0.229355 0.0142517 0.00430876
1 0.297678 0.260394 0.0155719 0.00476055
1 0.186594 0.661329 0.0130601 0.00456307
1 0.186193 0.78585 0.013397 0.00419023
1 0.152406 0.315706 0.0129307 0.0043577
1 0.185788 0.287677 0.0155185 0.00622737
1 0.831088 0.376068 0.0057535 0.0149232
1 0.0500614 0.388186 0.00562303 0.0131593
1 0.0204891 0.258332 0.00551747 0.0146326
1 0.0207702 0.38769 0.00581972 0.0152646
1 0.0493955 0.300999 0.00567403 0.0143255
1 0.186354 0.403048 0.0144687 0.00495088
1 0.153082 0.568253 0.0138292 0.00515735
1 0.732033 0.305438 0.00829934 0.0224024
1 0.0203633 0.769136 0.0052655 0.0152599
1 0.881019 0.518878 0.0103385 0.0292752
1 0.317812 0.725512 0.00505006 0.0144411
1 0.31717 0.948477 0.00407219 0.0131969
1 0.0205561 0.555649 0.00552057 0.0149319
1 0.185263 0.160456 0.0142139 0.00456607
1 0.200958 0.975707 0.00571734 0.0146264
1 0.02085 0.173308 0.00635431 0.0144826
1 0.881388 0.423905 0.0107155 0.0278727
1 0.0206507 0.728714 0.00573814 0.0149481
1 0.632449 0.313424 0.0235948 0.00768136
1 0.0202185 0.430108 0.00511488 0.0140976
1 0.0499086 0.0884766 0.00544409 0.0128913
1 0.837875 0.424294 0.0110113 0.0303828
1 0.174214 0.379186 0.00549531 0.0148206
1 0.154937 0.114422 0.013589 0.00492784
1 0.185868 0.908983 0.0150595 0.00524546
1 0.388115 0.524685 0.0138924 0.0121529
1 0.317306 0.353232 0.00361033 0.0131972
1 0.816301 0.423827 0.0112543 0.0302665
1 0.15931 0.705781 0.0151817 0.00480352
1 0.153899 0.584762 0.0155311 0.00629975
0 0.186152 0.458888 0.0125536 0.0243757
1 0.186496 0.316013 0.0130789 0.0033655
1 0.838533 0.519189 0.0109472 0.0299411
1 0.192591 0.179923 0.00469258 0.0149702
1 0.049989 0.643356 0.00581059 0.0149579
0 0.186178 0.605406 0.0127136 0.022773
1 0.15458 0.143286 0.0149024 0.00519526
1 0.0499548 0.728594 0.00588527 0.014827
1 0.939687 0.529235 0.00489851 0.0107234
1 0.291017 0.420227 0.00522323 0.014797
1 0.0500647 0.346077 0.00622031 0.0144476
1 0.0203381 0.643581 0.00580338 0.0151443
1 0.0504187 0.173607 0.00625323 0.0141633
1 0.0502902 0.556287 0.00598788 0.0147538
1 0.186807 0.357332 0.0132126 0.00501967
1 0.291485 0.390225 0.00537854 0.0140856
1 0.318895 0.807852 0.00578987 0.0154359
0 0.920229 0.996819 0.012023 0.00569403
1 0.187248 0.111277 0.0135405 0.00551411
1 0.665638 0.268335 0.0216393 0.00708546
1 0.595244 0.455543 0.0150066 0.00510682
1 0.184987 0.131427 0.0157275 0.00601495
1 0.908719 0.471914 0.00775816 0.00281762
1 0.185988 0.200794 0.0150329 0.0048381
1 0.317874 0.642693 0.00492818 0.0138742
1 0.732023 0.271895 0.00766279 0.0215257
1 0.0502622 0.257733 0.00613919 0.0152319
1 0.185894 0.799569 0.0138548 0.00482534
1 0.0204109 0.472973 0.00525535 0.0149703
1 0.291838 0.45888 0.00457179 0.0140932
1 0.318034 0.853416 0.00461697 0.0126627
1 0.317687 0.769145 0.00434103 0.013696
1 0.152215 0.228529 0.0148609 0.00573569
1 0.416489 0.790958 0.00571882 0.0169625
1 0.0207906 0.344962 0.00633127 0.0136443
1 0.0503763 0.430383 0.00579031 0.0137682
1 0.185717 0.0299881 0.016085 0.00597631
1 0.0499988 0.514807 0.00554569 0.0144856
1 0.817246 0.517876 0.00936408 0.0275996
1 0.318008 0.68316 0.00463986 0.0140261
1 0.186243 0.567889 0.0128295 0.00451079
1 0.920231 0.348243 0.00525484 0.0164719
1 0.325963 0.904796 0.00493206 0.0128808
1 0.690313 0.271645 0.00747837 0.0225971
1 0.291999 0.353334 0.00390212 0.012386
1 0.186066 0.432403 0.0153681 0.00520997
1 0.152788 0.498778 0.0157153 0.00597119
0 0.983077 0.997004 0.0123584 0.00599189
1 0.767516 0.158174 0.0167911 0.00559514
1 0.598306 0.591033 0.00654139 0.0198708
1 0.18614 0.473692 0.0135937 0.0045162
1 0.664177 0.31035 0.0233385 0.00635707
1 0.0214469 0.0888682 0.00634843 0.0144181
1 0.690482 0.341989 0.00674226 0.0222663
1 0.0206562 0.30091 0.00535351 0.0148609
1 0.690263 0.305663 0.00527885 0.0214964
1 0.29735 0.150146 0.0145099 0.00550487
1 0.815899 0.424016 0.00787735 0.0260523
1 0.18641 0.704987 0.0147893 0.00566289
1 0.919424 0.348323 0.00438809 0.0161426
