0 0.786209 0.584253 0.0254068 0.0139062
0 0.230146 0.9591 0.0237205 0.0123243
0 0.166555 0.475291 0.0123468 0.0225874
0 0.230213 0.871967 0.024973 0.0132756
0 0.197859 0.0754304 0.0128585 0.0237269
0 0.167481 0.20103 0.0123227 0.0232012
0 0.584179 0.763801 0.0126282 0.0230226
0 0.197585 0.427523 0.0129874 0.0233703
0 0.337887 0.217456 0.0125683 0.0235493
0 0.732826 0.747843 0.0209567 0.0339615
0 0.0468519 0.145788 0.0231256 0.0122778
0 0.317962 0.255918 0.0238575 0.0125282
0 0.185021 0.0423273 0.0240755 0.0132797
0 0.696878 0.792394 0.0136362 0.0257125
0 0.319195 0.298555 0.0228257 0.0127352
0 0.18019 0.1373 0.0230943 0.0122108
2 0.47604 0.374951 0.103863 0.104955
0 0.167738 0.563839 0.0117364 0.0231009
0 0.871287 0.800183 0.0256846 0.015023
0 0.16682 0.516051 0.0123139 0.0234864
0 0.319124 0.144867 0.0242652 0.0131229
0 0.0398099 0.870794 0.0229219 0.0121889
0 0.77049 0.734062 0.0253731 0.0135669
0 0.181634 0.016329 0.0238858 0.0126477
0 0.720408 0.934258 0.0155016 0.0254152
0 0.319167 0.0256225 0.0234918 0.012136
0 0.197822 0.33871 0.0125855 0.0229664
0 0.166499 0.386679 0.0122692 0.0233496
0 0.0485635 0.595147 0.0239487 0.0127254
0 0.878486 0.769154 0.0328232 0.0208568
0 0.166738 0.339539 0.0127377 0.0228506
0 0.048753 0.383673 0.0247294 0.0132911
0 0.318091 0.552788 0.0234278 0.0128266
0 0.197768 0.474983 0.0126908 0.0220675
0 0.0449399 0.084208 0.0238186 0.0125749
0 0.19756 0.563554 0.012541 0.0233741
0 0.197651 0.515957 0.0123318 0.022118
0 0.198065 0.606356 0.0125725 0.0228357
0 0.318697 0.338767 0.0224375 0.0129768
0 0.17845 0.111762 0.0233517 0.0123436
0 0.16708 0.250622 0.0122495 0.0233576
0 0.373278 0.967364 0.0201563 0.0324483
0 0.319198 0.425788 0.0225046 0.0131001
0 0.0487775 0.425413 0.0235547 0.0131076
0 0.0488058 0.552836 0.0238378 0.0122585
0 0.840073 0.485269 0.0160721 0.00923923
0 0.317452 0.510758 0.0221196 0.0129379
0 0.167623 0.427081 0.0123066 0.022092
0 0.167015 0.606423 0.0127794 0.0223954
0 0.048792 0.510532 0.0243463 0.0125589
0 0.19752 0.386214 0.0127245 0.0231892
0 0.0449124 0.025439 0.0231345 0.012823
0 0.767976 0.538578 0.0199654 0.0289779
0 0.0488312 0.254893 0.0239285 0.0127928
0 0.0493123 0.20397 0.0244635 0.012866
0 0.0490495 0.467236 0.0243402 0.0125179
0 0.167544 0.298185 0.0125055 0.0233383
0 0.31679 0.646237 0.0244747 0.0121334
0 0.318521 0.119077 0.0238591 0.0127659
0 0.19523 0.172567 0.012626 0.0245348
0 0.569974 0.388563 0.0160546 0.00867612
0 0.222506 0.679016 0.0233333 0.0120998
0 0.609444 0.763459 0.0151432 0.024569
0 0.0483284 0.339821 0.0243654 0.0129088
0 0.317029 0.467638 0.0235333 0.012941
0 0.317283 0.595139 0.0244957 0.0130801
0 0.611651 0.329048 0.013292 0.0248685
0 0.311616 0.195935 0.0116919 0.024111
0 0.318548 0.383966 0.024364 0.0136034
2 0.820727 0.531836 0.048209 0.0251896
0 0.0486947 0.300317 0.0234989 0.0127685
0 0.624032 0.796506 0.0270015 0.0142083
0 0.969621 0.755991 0.0151403 0.0081093
1 0.167549 0.215026 0.0139376 0.00416918
1 0.197341 0.0900039 0.014541 0.0050388
0 0.0483828 0.647543 0.0246435 0.0130241
1 0.373542 0.988681 0.0228511 0.0083717
1 0.200255 0.0417903 0.00606176 0.015383
1 0.167581 0.440915 0.0138014 0.00524121
1 0.197597 0.488432 0.0139233 0.00467341
1 0.197776 0.620621 0.0135281 0.00545689
0 0.969781 0.738995 0.0153613 0.00754904
1 0.697352 0.777278 0.0154922 0.00434869
1 0.332465 0.255541 0.00632805 0.0150171
1 0.197503 0.441179 0.0137443 0.00460531
0 0.868816 0.701455 0.0262053 0.0149263
1 0.197595 0.502807 0.0138618 0.00404705
1 0.0593366 0.0257031 0.00598148 0.0151608
1 0.19788 0.371715 0.0145483 0.00495182
1 0.166743 0.489307 0.013805 0.00471587
1 0.697079 0.807641 0.0160379 0.00466719
1 0.373014 0.946797 0.022326 0.00811836
0 0.657981 0.724285 0.0216872 0.0318047
1 0.73237 0.767866 0.0232129 0.00850465
1 0.337951 0.231893 0.0138763 0.00463659
1 0.167231 0.620341 0.0138947 0.00548747
1 0.167502 0.236454 0.0137963 0.00464289
0 0.876818 0.734204 0.0338149 0.0205732
1 0.167369 0.591752 0.0150265 0.00537109
1 0.856012 0.800111 0.00508143 0.0170158
1 0.333211 0.119425 0.00611283 0.0148763
1 0.609051 0.778384 0.0158359 0.00481809
1 0.720408 0.949507 0.0161154 0.00474611
1 0.720324 0.918945 0.0166255 0.00447233
1 0.16723 0.401282 0.0156075 0.0049491
1 0.334148 0.144905 0.00582232 0.0151871
1 0.167289 0.324906 0.0156327 0.00478957
1 0.197556 0.324937 0.0149054 0.00408254
1 0.583916 0.777767 0.0146167 0.00508487
1 0.886087 0.800322 0.00512239 0.0153911
1 0.167808 0.549852 0.0139839 0.00452542
1 0.033983 0.425428 0.0057407 0.0148719
1 0.333747 0.0257171 0.00542603 0.0140352
0 0.611409 0.408967 0.0137802 0.0219065
1 0.167714 0.283612 0.0150069 0.00526878
1 0.801032 0.584465 0.00483754 0.0171909
1 0.16699 0.372166 0.0147417 0.00494182
1 0.0338065 0.300295 0.00571582 0.0145664
1 0.192858 0.111898 0.00506664 0.0139328
1 0.167296 0.0163549 0.00524113 0.0153383
1 0.0344032 0.552845 0.00479935 0.0139559
1 0.0342757 0.467339 0.00518177 0.0138703
1 0.767971 0.518869 0.022931 0.00979874
1 0.197517 0.401058 0.0159659 0.00527485
1 0.331543 0.511073 0.00572383 0.0141153
0 0.197125 0.250039 0.0122821 0.0230603
1 0.332176 0.646324 0.00591641 0.0139668
1 0.167348 0.502597 0.0138849 0.00409939
1 0.0595949 0.0841643 0.00555201 0.0139128
1 0.0343271 0.203637 0.00501434 0.0154895
1 0.197737 0.549384 0.013806 0.00446613
1 0.805605 0.552405 0.00884803 0.0146125
1 0.332188 0.553028 0.00571729 0.0143384
1 0.332266 0.595413 0.00597738 0.0144528
1 0.830321 0.551824 0.0225444 0.0145302
1 0.0338513 0.254442 0.00509356 0.0147525
1 0.025336 0.870892 0.00573556 0.0144429
1 0.0333247 0.383302 0.00555151 0.0156405
1 0.785655 0.734178 0.00470978 0.0155541
1 0.302551 0.645835 0.00562905 0.0148773
1 0.302332 0.467395 0.0058428 0.0150373
1 0.770162 0.5842 0.00464055 0.0162477
1 0.657733 0.745581 0.0234113 0.00792744
1 0.302289 0.594816 0.00639606 0.0154235
1 0.198352 0.0598564 0.0145251 0.00598439
1 0.197681 0.353508 0.0142539 0.00583261
1 0.215286 0.871937 0.00438424 0.0154806
1 0.0338566 0.595124 0.00530791 0.0149415
1 0.0338 0.510959 0.00511207 0.0145231
1 0.333077 0.425782 0.00562712 0.0145965
1 0.16664 0.459946 0.0143314 0.00675742
4 0.576585 0.594568 0.172641 0.170421
1 0.333211 0.338363 0.00533767 0.0134001
0 0.167045 0.65726 0.0132284 0.0237851
1 0.165674 0.137046 0.0057278 0.0146728
1 0.215777 0.959189 0.00405049 0.0140974
1 0.197461 0.591925 0.0147467 0.00518205
1 0.333543 0.383643 0.00552084 0.014306
1 0.197452 0.459913 0.0140727 0.00670924
1 0.302755 0.552318 0.00605439 0.0150113
1 0.331471 0.467918 0.00604104 0.0143403
1 0.821554 0.511406 0.0116889 0.0155251
1 0.768616 0.55842 0.0226297 0.00750157
1 0.302951 0.255253 0.00638712 0.0149931
1 0.837571 0.511418 0.00905916 0.0158558
1 0.167074 0.402354 0.0153877 0.00515353
1 0.167327 0.186122 0.0155911 0.00612814
0 0.843598 0.584038 0.00887855 0.0142643
1 0.033247 0.64732 0.00533164 0.0151938
1 0.855726 0.734318 0.00780406 0.0234827
1 0.0336556 0.339717 0.00464144 0.01422
1 0.207163 0.679197 0.00508362 0.0140453
1 0.855926 0.770126 0.00778179 0.0217632
1 0.0295241 0.084246 0.00616345 0.0151131
1 0.843565 0.574025 0.00921181 0.00349057
1 0.560064 0.388031 0.00380807 0.00968455
1 0.334164 0.298183 0.00592579 0.0137977
1 0.197295 0.411813 0.0149772 0.00505413
1 0.732462 0.724929 0.0228538 0.00778867
1 0.0298151 0.0252419 0.00659518 0.0138253
1 0.169512 0.0420967 0.00594777 0.0150145
1 0.197331 0.402225 0.0152947 0.00590621
1 0.406959 0.380558 0.028512 0.0838381
1 0.557612 0.332411 0.0611601 0.0299101
1 0.609467 0.748276 0.0163896 0.00572467
1 0.580867 0.388309 0.00474761 0.00862825
1 0.245022 0.872524 0.00577667 0.014364
1 0.853096 0.70152 0.00539211 0.0171069
1 0.311787 0.18194 0.0135432 0.00451427
1 0.236406 0.679172 0.00536448 0.0154499
1 0.611303 0.395044 0.0134626 0.00466681
1 0.197353 0.489381 0.0139662 0.0050667
1 0.428664 0.987058 0.0248604 0.0258846
1 0.897181 0.734274 0.00735674 0.0221622
1 0.244946 0.959807 0.00574529 0.0143618
1 0.302365 0.510608 0.00683634 0.0150054
1 0.19677 0.621257 0.0126793 0.005651
0 0.167938 0.568238 0.0125367 0.0176871
0 0.768321 0.543736 0.0205198 0.023354
1 0.6119 0.315384 0.0135934 0.0037839
1 0.167048 0.354184 0.0144259 0.00518511
1 0.197348 0.261917 0.0129662 0.00536013
1 0.583888 0.748128 0.0164691 0.00656315
1 0.195248 0.158516 0.0140494 0.00436467
1 0.803989 0.511482 0.00815426 0.0152337
1 0.1671 0.643162 0.0142771 0.00467188
1 0.899123 0.767296 0.00723736 0.0219486
