0 0.786492 0.583368 0.0256588 0.0144543
0 0.658297 0.723117 0.0215724 0.036336
0 0.167052 0.201237 0.0124744 0.0226473
0 0.185328 0.0410296 0.0238437 0.0124644
0 0.584323 0.762754 0.0127043 0.0240595
0 0.770881 0.733469 0.0259438 0.0137796
0 0.337773 0.217665 0.0128207 0.0236033
0 0.317544 0.552037 0.0238503 0.0126069
0 0.198261 0.0747539 0.0127212 0.0228536
0 0.230234 0.871538 0.0251076 0.0131382
0 0.167479 0.475073 0.0126421 0.0230902
0 0.197534 0.605217 0.0129873 0.0235651
0 0.167098 0.605278 0.0122234 0.0232418
0 0.0451581 0.0828912 0.023841 0.0127105
0 0.317601 0.25499 0.0237699 0.0128496
0 0.198027 0.426651 0.0126982 0.0234998
0 0.182068 0.0163198 0.0236202 0.0124926
0 0.230106 0.958349 0.0245442 0.012409
0 0.870476 0.800489 0.0261889 0.0146708
0 0.197595 0.515224 0.0123254 0.0227759
0 0.319154 0.339094 0.0217651 0.0124806
0 0.720246 0.93433 0.015412 0.0250039
0 0.166666 0.249568 0.01163 0.0226442
0 0.317596 0.645923 0.0243597 0.0130915
0 0.198136 0.474919 0.0130837 0.0224447
0 0.167055 0.514992 0.0120618 0.0224856
0 0.0482453 0.338238 0.0233081 0.0122683
0 0.166755 0.297231 0.0123044 0.0234628
0 0.319131 0.144922 0.0241169 0.0127223
0 0.167588 0.563123 0.012017 0.0234203
0 0.0487516 0.552123 0.0239047 0.0127664
0 0.17989 0.137052 0.0228216 0.0123979
0 0.0402164 0.870063 0.0232591 0.0121775
0 0.768059 0.537506 0.0197339 0.0312741
0 0.696708 0.791466 0.0136012 0.0258861
0 0.373516 0.967551 0.020309 0.0332129
0 0.167571 0.426898 0.0122105 0.022068
0 0.318947 0.0254457 0.0236195 0.0124096
0 0.0491699 0.424293 0.0242634 0.0131834
0 0.0484617 0.509902 0.0245009 0.0126138
0 0.197928 0.338252 0.0132279 0.0235525
0 0.319525 0.425122 0.0221575 0.0127331
0 0.0484388 0.594207 0.0239931 0.012912
0 0.0487766 0.382765 0.0243618 0.0127955
0 0.609396 0.762562 0.0156815 0.0248845
0 0.732403 0.746054 0.0205922 0.0343058
0 0.166898 0.386281 0.0119757 0.0230107
0 0.0474292 0.146095 0.022714 0.0119772
0 0.318882 0.297896 0.0245004 0.0130003
0 0.197942 0.563173 0.0120987 0.0228153
0 0.04863 0.299029 0.0231604 0.0123856
0 0.311936 0.195078 0.012233 0.0235102
0 0.196303 0.171823 0.0128632 0.0231134
0 0.0489978 0.646197 0.023945 0.0124769
0 0.16671 0.338628 0.0129155 0.0233845
0 0.198071 0.386775 0.0126254 0.0220944
0 0.179091 0.111075 0.022806 0.0122511
0 0.319151 0.119264 0.0243127 0.0126098
0 0.316747 0.594942 0.0247673 0.0126929
0 0.0479905 0.466472 0.0242405 0.0123625
2 0.821378 0.531062 0.0476718 0.0250268
0 0.31875 0.382168 0.0243898 0.0128071
0 0.222758 0.678491 0.0244079 0.0121793
0 0.570934 0.387909 0.0152236 0.00829762
0 0.0490849 0.253723 0.0245962 0.0131198
2 0.476143 0.375648 0.105362 0.106096
0 0.317046 0.510022 0.0229266 0.0129976
1 0.167757 0.488897 0.0149189 0.00470646
0 0.0454284 0.0244039 0.0241756 0.0130821
0 0.316916 0.467426 0.0238712 0.0130414
0 0.624384 0.796246 0.025441 0.013936
1 0.830378 0.551438 0.0232122 0.0149797
0 0.969598 0.755073 0.0156526 0.00793369
0 0.0490567 0.202586 0.0244031 0.0130057
0 0.96962 0.738243 0.015213 0.00708289
1 0.197983 0.440891 0.0134708 0.00484742
1 0.373642 0.947325 0.0229797 0.00744891
1 0.332242 0.254958 0.00535336 0.013985
0 0.877625 0.768784 0.0339322 0.0195828
1 0.197935 0.488187 0.0145609 0.00421261
1 0.373697 0.988455 0.0230824 0.00862021
0 0.612173 0.32832 0.0139131 0.0242747
0 0.612293 0.407677 0.0132618 0.023467
1 0.167401 0.215097 0.0147525 0.00441115
1 0.198124 0.32398 0.0159421 0.00440876
1 0.19998 0.041007 0.00551921 0.0151284
1 0.583825 0.777777 0.0146463 0.00563124
1 0.197307 0.590995 0.0147689 0.00453355
1 0.167642 0.440753 0.0132764 0.00538557
1 0.197424 0.0890303 0.0141073 0.00521928
1 0.697321 0.776273 0.0155877 0.00427077
1 0.16755 0.591233 0.0147458 0.00448396
1 0.333693 0.0258612 0.00546909 0.0143406
1 0.198335 0.371878 0.0146014 0.00492799
1 0.167377 0.371948 0.0147376 0.00480545
1 0.801545 0.583466 0.0047114 0.0159381
1 0.167627 0.0164437 0.00535297 0.014965
1 0.720206 0.919031 0.0166576 0.00468751
1 0.167387 0.324632 0.015591 0.0043375
1 0.609636 0.777572 0.0160621 0.00474248
1 0.332418 0.552076 0.00591122 0.0142676
1 0.720212 0.949526 0.0161773 0.00478119
1 0.0341574 0.299128 0.00510998 0.0143733
1 0.732503 0.724131 0.0219336 0.00746843
0 0.197792 0.249034 0.0127042 0.0235786
1 0.0602456 0.0826396 0.00611732 0.0142178
1 0.768331 0.558698 0.0227907 0.00816946
1 0.768131 0.517799 0.0235506 0.00977516
1 0.854755 0.800263 0.00501345 0.0169346
0 0.868272 0.701298 0.0253334 0.0145927
0 0.839997 0.484919 0.0159269 0.00937593
1 0.167093 0.619803 0.0146076 0.0058458
1 0.657275 0.745273 0.0234492 0.00743178
1 0.197405 0.619921 0.014284 0.00559378
1 0.332251 0.645746 0.00617002 0.0149603
1 0.612444 0.393769 0.0146122 0.00479454
1 0.337744 0.232471 0.0144691 0.00530868
1 0.0338419 0.551746 0.00538277 0.0147307
1 0.0345937 0.646266 0.00484886 0.0142434
1 0.885747 0.800923 0.00529336 0.0160296
0 0.198225 0.297824 0.0122558 0.0232916
1 0.770782 0.583602 0.00510907 0.0171614
1 0.0603633 0.0242595 0.00570536 0.0157399
1 0.334044 0.119491 0.00528304 0.0144928
1 0.0340851 0.203003 0.00522992 0.0144141
0 0.8778 0.733723 0.0334429 0.0208173
1 0.333837 0.144877 0.00550401 0.0145524
1 0.244811 0.871874 0.00558379 0.01442
1 0.696729 0.807281 0.0161483 0.00493647
1 0.301934 0.594708 0.00586225 0.0145606
1 0.0342627 0.424529 0.00482473 0.0152968
1 0.167433 0.528897 0.0134755 0.00467801
1 0.732506 0.767515 0.0237608 0.00830141
1 0.785983 0.733787 0.00431605 0.0161383
1 0.0342424 0.25382 0.00484532 0.0150251
1 0.198193 0.549228 0.0133756 0.00452067
1 0.557622 0.413213 0.0609363 0.0266647
1 0.302756 0.645292 0.00616383 0.0149103
1 0.331579 0.510136 0.0061497 0.0142499
1 0.0255953 0.870516 0.00557584 0.0144237
1 0.333039 0.339079 0.00604623 0.013544
1 0.0336893 0.382677 0.00514336 0.0137906
0 0.843604 0.584173 0.009122 0.0142647
1 0.331902 0.594917 0.00581032 0.0141142
1 0.167157 0.459662 0.0148221 0.0065236
1 0.03377 0.338672 0.0048916 0.0143032
1 0.215557 0.958255 0.00409662 0.0146623
1 0.333707 0.382264 0.00511967 0.0145757
1 0.804135 0.551721 0.00856568 0.0149794
1 0.0337072 0.594225 0.00502819 0.0141828
1 0.165537 0.137029 0.00592094 0.0147971
1 0.837824 0.511075 0.00885985 0.0153582
1 0.302263 0.5093 0.00672565 0.0147507
1 0.167019 0.28348 0.0133769 0.00447464
1 0.0329701 0.466302 0.00562212 0.0136955
1 0.333684 0.425071 0.00545245 0.0138869
1 0.167287 0.548917 0.0130046 0.00473904
1 0.302363 0.467024 0.0057969 0.0147998
1 0.197119 0.411596 0.0140185 0.00404671
1 0.331597 0.467639 0.00591578 0.0142364
1 0.805325 0.510945 0.0093946 0.0146895
1 0.0333409 0.510161 0.00533412 0.0145738
1 0.609436 0.747797 0.0171463 0.00500932
1 0.167799 0.400603 0.0153183 0.00515412
1 0.215222 0.87152 0.0040963 0.0156423
1 0.197749 0.528868 0.0129042 0.00444481
1 0.0336721 0.14566 0.00458096 0.0134247
1 0.843556 0.574186 0.00923488 0.0033852
0 0.167504 0.657071 0.0129062 0.02285
1 0.821874 0.511194 0.00980784 0.0148309
1 0.207154 0.678877 0.00556988 0.0140886
1 0.197989 0.459892 0.0145984 0.00662841
1 0.19876 0.0599809 0.0137745 0.00567202
1 0.197586 0.489483 0.0145941 0.00484573
1 0.302911 0.551292 0.00662066 0.015248
1 0.170146 0.0412332 0.00616027 0.0142698
1 0.24471 0.959256 0.0057348 0.0144824
1 0.193206 0.110878 0.00489538 0.0135488
1 0.198087 0.400736 0.0153308 0.0048795
1 0.167323 0.186056 0.0152076 0.00595118
1 0.167377 0.263913 0.0131334 0.00561017
1 0.302762 0.254255 0.00656009 0.0152931
1 0.198162 0.353267 0.0144656 0.0057908
1 0.236501 0.678079 0.0050576 0.0147304
1 0.196348 0.0896646 0.0123421 0.0057351
1 0.583699 0.7468 0.0170641 0.00609514
4 0.577519 0.5947 0.17266 0.170799
1 0.198427 0.283989 0.0135378 0.00405111
1 0.581272 0.388112 0.00364673 0.00915956
0 0.968445 0.721337 0.0171795 0.00892308
1 0.0296427 0.0241085 0.00627747 0.0149349
1 0.755141 0.733341 0.0042522 0.0154829
1 0.334496 0.297747 0.00612581 0.0152584
1 0.406991 0.384811 0.0285871 0.0738332
1 0.856755 0.768288 0.00636554 0.0220812
1 0.197357 0.0163301 0.0055671 0.0146221
1 0.0295181 0.0828298 0.0062628 0.0152762
1 0.167519 0.643047 0.0145353 0.00470902
1 0.0646656 0.424736 0.00555944 0.0155607
1 0.979755 0.737295 0.00411962 0.00993109
1 0.557417 0.331285 0.0612235 0.0270203
1 0.167981 0.412545 0.0152332 0.00575566
1 0.1982 0.26269 0.013348 0.00491106
1 0.332794 0.0260157 0.00453983 0.0149401
1 0.0646671 0.254294 0.00558679 0.014483
1 0.853234 0.701562 0.00513721 0.0175347
1 0.197451 0.502914 0.0144225 0.00519584
1 0.166976 0.353645 0.0147438 0.00551808
1 0.543205 0.334752 0.0336192 0.022164
1 0.555734 0.335159 0.0591624 0.0220149
1 0.192396 0.136981 0.00645173 0.0130878
