0 0.730599 0.130356 0.0423627 0.0259006
0 0.493726 0.973758 0.00896788 0.0155019
0 0.729435 0.704633 0.0163874 0.00998806
0 0.028962 0.121159 0.0259151 0.012912
0 0.459975 0.953906 0.0153333 0.00820673
0 0.138514 0.0339038 0.0157139 0.0084259
0 0.0803442 0.722006 0.0188776 0.0301047
0 0.970158 0.126774 0.0235917 0.0119378
0 0.461088 0.935846 0.0142614 0.00880945
0 0.0825864 0.119026 0.02416 0.0129412
0 0.669702 0.127331 0.0219722 0.0113065
0 0.729249 0.685947 0.016644 0.00965787
0 0.0977747 0.767372 0.0262805 0.0148614
0 0.771606 0.781549 0.00930598 0.0164452
0 0.433103 0.128377 0.0430986 0.0249397
0 0.0825014 0.91703 0.025476 0.0137926
0 0.740664 0.192384 0.0203251 0.0347458
0 0.455608 0.755673 0.0246535 0.013076
0 0.704855 0.209312 0.0173495 0.00881561
0 0.182728 0.983684 0.0262367 0.0143971
0 0.044081 0.929331 0.020331 0.032531
0 0.371219 0.127211 0.0241884 0.0129094
0 0.559123 0.709815 0.0237766 0.0131156
0 0.696224 0.861049 0.0153585 0.00808022
0 0.734129 0.613649 0.0126648 0.0249022
0 0.808678 0.839411 0.00975512 0.0163982
0 0.155013 0.768034 0.00892097 0.0158426
0 0.694803 0.9739 0.00857925 0.0155251
0 0.79488 0.741162 0.00884391 0.0148182
0 0.620241 0.189288 0.0282977 0.0152582
0 0.140886 0.0657274 0.0150141 0.00817726
0 0.488021 0.841652 0.00895434 0.0142538
0 0.574644 0.1819 0.0263276 0.0146116
0 0.453218 0.884362 0.0162212 0.00854017
0 0.455979 0.901392 0.016035 0.00826595
0 0.456575 0.91983 0.0152473 0.00916772
0 0.379957 0.972767 0.0163903 0.00930705
0 0.441907 0.0285801 0.0152606 0.00786157
0 0.747699 0.854517 0.00935614 0.0151955
0 0.351915 0.986891 0.0164163 0.00897955
0 0.459418 0.990323 0.0156664 0.00858857
0 0.701841 0.723951 0.0148385 0.00774634
1 0.377524 0.18754 0.0183949 0.0427221
0 0.280984 0.939322 0.0159218 0.00805308
0 0.408668 0.0407986 0.00785434 0.0146092
0 0.528374 0.982838 0.013244 0.0235362
0 0.342736 0.895574 0.0169206 0.00905303
0 0.574343 0.205124 0.0266659 0.0143021
1 0.0446358 0.908821 0.0228933 0.00722241
0 0.453287 0.089659 0.0156269 0.00792663
0 0.500302 0.771306 0.014088 0.00786553
1 0.0445693 0.121021 0.00503691 0.0149252
0 0.180422 0.885071 0.0252041 0.0146169
0 0.750604 0.0875298 0.0145506 0.00777838
0 0.845393 0.801182 0.01385 0.0230982
1 0.0443888 0.950486 0.0241351 0.00780818
1 0.154631 0.777782 0.00993002 0.00338908
3 0.422361 0.188539 0.0716381 0.0558455
0 0.553681 0.965667 0.00878619 0.0151973
0 0.731113 0.854581 0.00759925 0.0147159
1 0.733603 0.598067 0.0162111 0.0057111
1 0.747514 0.863633 0.00992034 0.00289854
0 0.45988 0.971496 0.0160892 0.00854229
0 0.861958 0.861185 0.0161834 0.00904215
0 0.454195 0.846434 0.00915343 0.0156313
0 0.281446 0.922421 0.014893 0.00795102
0 0.792685 0.204443 0.032593 0.0214528
0 0.739396 0.0308643 0.0152435 0.00860541
0 0.189177 0.951602 0.0346588 0.0229843
1 0.715083 0.209149 0.00278604 0.00988719
0 0.811322 0.16643 0.0323071 0.0202296
1 0.636892 0.189724 0.00538754 0.0176845
1 0.0974787 0.917164 0.00402574 0.0152404
1 0.454589 0.856471 0.0105888 0.00426533
1 0.589939 0.204763 0.00423719 0.0153754
0 0.688469 0.790264 0.00790412 0.0139793
0 0.591037 0.788256 0.00817859 0.0149653
0 0.792376 0.839218 0.00804745 0.0152548
0 0.18998 0.917141 0.030484 0.0193264
0 0.469957 0.845659 0.00851465 0.0151758
0 0.577368 0.921134 0.00873372 0.0146255
0 0.693358 0.928475 0.00837326 0.0145392
1 0.741198 0.21322 0.0223195 0.00712066
1 0.440527 0.755915 0.00520494 0.0168423
1 0.558833 0.204705 0.00468707 0.0186472
1 0.0973926 0.119554 0.00563471 0.0150604
1 0.956078 0.127027 0.00436714 0.0138896
1 0.589405 0.181388 0.00442517 0.0140737
1 0.832152 0.166277 0.0080452 0.0225356
2 0.132859 0.71564 0.0480079 0.0247492
1 0.0827972 0.767009 0.00468481 0.017195
1 0.573692 0.709549 0.00501764 0.0150495
1 0.694902 0.964299 0.00892426 0.00337982
1 0.166827 0.983428 0.00492271 0.0175602
1 0.733689 0.628809 0.0155959 0.00561123
1 0.871454 0.861778 0.00309278 0.0105856
1 0.740655 0.169963 0.0229226 0.00783572
1 0.493602 0.963976 0.0102115 0.00330328
1 0.739046 0.685317 0.00285865 0.0112462
1 0.11291 0.767344 0.00452742 0.0163238
1 0.544587 0.710095 0.00536772 0.0148673
1 0.362476 0.98676 0.00416171 0.0102429
1 0.14266 0.73456 0.0250514 0.0164033
1 0.0677962 0.119121 0.00534078 0.0148675
1 0.465601 0.901816 0.00325409 0.00939297
1 0.341047 0.987103 0.00455159 0.0104939
1 0.559014 0.181827 0.00474667 0.0171694
1 0.385689 0.127549 0.00560201 0.0173561
1 0.470321 0.855606 0.00978076 0.0043981
1 0.0803245 0.74174 0.0219399 0.00838827
1 0.77162 0.791783 0.00994779 0.00461066
1 0.466017 0.187595 0.0162026 0.039227
1 0.149458 0.694701 0.00885082 0.0149083
0 0.710592 0.0401173 0.00828302 0.0150443
1 0.332122 0.895458 0.00434566 0.0103915
1 0.457798 0.129109 0.00948049 0.0259357
1 0.705711 0.861624 0.00423288 0.00866086
1 0.464141 0.884684 0.00419648 0.00968702
1 0.487568 0.831968 0.00947583 0.00311586
0 0.151738 0.668737 0.0152538 0.00876799
1 0.128715 0.033894 0.00282574 0.0100502
1 0.845313 0.815298 0.0159235 0.00456238
1 0.553834 0.956486 0.00846944 0.0028362
2 0.422376 0.188232 0.0711422 0.055957
1 0.683693 0.12745 0.00516748 0.0145688
1 0.704771 0.129588 0.00735761 0.0274902
1 0.739569 0.70449 0.00358481 0.0103698
1 0.16856 0.951553 0.00749844 0.0241833
1 0.755521 0.13005 0.00948978 0.0260612
1 0.408627 0.128354 0.00726819 0.0262654
1 0.688424 0.799593 0.00895966 0.00418253
1 0.449881 0.95425 0.0032722 0.00949353
1 0.770828 0.203908 0.00585487 0.0234294
1 0.465495 0.920297 0.00360239 0.00987006
4 0.298042 0.706597 0.179565 0.171122
1 0.198001 0.983466 0.00476754 0.0173266
1 0.510313 0.771182 0.0043657 0.00908848
1 0.760413 0.129683 0.0152569 0.0262785
1 0.771906 0.770988 0.0102523 0.00419567
1 0.603787 0.18856 0.00469402 0.0151143
1 0.40893 0.0504694 0.00858913 0.00292425
1 0.16004 0.669265 0.00301341 0.00986962
0 0.55543 0.226783 0.0154941 0.00842723
1 0.760321 0.088324 0.00397429 0.00828458
1 0.470807 0.756029 0.00512129 0.0136163
4 0.899094 0.681799 0.138971 0.130129
1 0.731016 0.863477 0.00859726 0.00285958
1 0.20901 0.917132 0.00681297 0.0221241
1 0.370092 0.972428 0.00363134 0.00920267
1 0.730466 0.030351 0.00242659 0.00936044
1 0.117774 0.734932 0.00818217 0.0165829
1 0.169033 0.918602 0.00775708 0.0244207
1 0.35699 0.127616 0.00553241 0.0151329
1 0.080036 0.701218 0.0223066 0.00765678
1 0.577458 0.911317 0.00952817 0.00375573
1 0.794135 0.73104 0.00980233 0.00360301
1 0.69336 0.918808 0.00827145 0.00339389
1 0.528598 0.996633 0.0140396 0.00527691
1 0.442335 0.884346 0.00453643 0.0105803
1 0.813373 0.204742 0.00714812 0.0221615
1 0.792251 0.848307 0.00879807 0.00303994
1 0.700283 0.130454 0.00971547 0.027144
1 0.590757 0.778545 0.00851909 0.00379444
2 0.0300641 0.166695 0.0533883 0.0521009
1 0.449789 0.989763 0.00303531 0.00980902
1 0.0675682 0.91695 0.00393802 0.0150619
1 0.528293 0.967443 0.0145681 0.00617787
1 0.449735 0.971279 0.00310707 0.00985418
1 0.13237 0.694833 0.0114069 0.0148307
1 0.462097 0.129917 0.0125729 0.0273092
1 0.270857 0.939466 0.00401581 0.00936164
1 0.845007 0.785867 0.0144365 0.0041492
1 0.0136148 0.121257 0.00521665 0.0150649
1 0.116383 0.694281 0.00776225 0.0140555
1 0.809121 0.847924 0.0100791 0.00378512
