0 0.0280933 0.611814 0.0172137 0.00934332
0 0.385591 0.752358 0.0132337 0.022666
0 0.51064 0.443445 0.0145017 0.0252747
0 0.651842 0.977358 0.0319823 0.0205012
0 0.346234 0.0336445 0.0156868 0.00744133
2 0.895865 0.376301 0.0340631 0.0183755
0 0.346841 0.247548 0.0256059 0.0131597
0 0.787378 0.231466 0.0267598 0.0141759
0 0.26661 0.0149737 0.0176845 0.00958144
0 0.923223 0.955583 0.0342078 0.0204794
0 0.420362 0.496482 0.00783683 0.0146276
0 0.496189 0.690046 0.0159867 0.00863741
0 0.760495 0.208135 0.026654 0.0143201
0 0.518858 0.0533111 0.0251993 0.0124986
0 0.460012 0.69306 0.0149852 0.0088556
0 0.904016 0.542473 0.0137872 0.0265908
0 0.441707 0.347226 0.0251895 0.0142196
0 0.346155 0.0143675 0.0160568 0.00845923
0 0.349363 0.0595171 0.0318996 0.0198273
0 0.213316 0.242978 0.0188662 0.0332972
0 0.380215 0.712965 0.0164707 0.0100319
0 0.0754426 0.251606 0.0140886 0.0261633
0 0.678953 0.868709 0.0199771 0.0280847
0 0.425208 0.261828 0.0277646 0.0143962
0 0.552214 0.758897 0.00831172 0.0160154
0 0.294802 0.241563 0.0200757 0.0328733
0 0.186373 0.292896 0.0130225 0.0239781
2 0.060633 0.733373 0.0811959 0.0604744
0 0.0807545 0.624989 0.0204738 0.0341377
1 0.631048 0.977199 0.0084004 0.0230687
0 0.0537224 0.250931 0.0140785 0.026822
0 0.637242 0.738136 0.0314374 0.0199048
0 0.449518 0.397845 0.026346 0.0141008
0 0.756236 0.619062 0.0097927 0.0173874
0 0.525768 0.21654 0.00976397 0.0161831
0 0.84518 0.654539 0.0141312 0.0264452
0 0.148739 0.760091 0.0127226 0.0253777
0 0.0815884 0.30267 0.0129112 0.0244534
0 0.0280576 0.636541 0.0227971 0.0133641
0 0.647774 0.869861 0.0207949 0.0276342
0 0.448187 0.37039 0.0283793 0.0150822
0 0.37633 0.498653 0.00862372 0.0150398
1 0.901631 0.955226 0.0100153 0.0253509
1 0.295281 0.261656 0.0227032 0.0072435
0 0.415254 0.0246783 0.0126239 0.0245795
0 0.573462 0.688318 0.0151752 0.00760863
0 0.716413 0.479245 0.00801562 0.0150823
0 0.486115 0.207785 0.0211534 0.033126
0 0.399143 0.171047 0.0243682 0.0123869
0 0.288489 0.176255 0.0132148 0.0238953
0 0.575218 0.727463 0.0330946 0.0212087
0 0.238607 0.0293973 0.0161675 0.00957513
0 0.595621 0.790515 0.00865742 0.0157535
1 0.355658 0.0336073 0.00305379 0.00945797
0 0.424825 0.29861 0.0264927 0.0130798
0 0.618957 0.412607 0.00809335 0.0154714
1 0.678815 0.848474 0.0231151 0.00962067
0 0.375408 0.786515 0.015546 0.00854586
1 0.0808097 0.604359 0.0229787 0.00710741
0 0.532583 0.326978 0.0151898 0.0251025
0 0.0299075 0.250919 0.0138034 0.0270662
1 0.679361 0.889424 0.0228837 0.00993347
1 0.0807175 0.646994 0.0230621 0.00817002
1 0.94413 0.954741 0.00911788 0.0234087
1 0.294918 0.219485 0.0228779 0.00840286
1 0.885067 0.358848 0.0121022 0.0151432
1 0.21321 0.264025 0.0212484 0.00738263
1 0.370224 0.059129 0.00855468 0.0238492
0 0.831575 0.567106 0.0169662 0.0100534
0 0.54311 0.213137 0.00952361 0.0159069
1 0.647988 0.889747 0.0230184 0.0100916
0 0.526141 0.281338 0.0248532 0.0132704
1 0.081643 0.317491 0.0148816 0.00485029
1 0.464907 0.370299 0.00372765 0.0164842
0 0.162219 0.789184 0.0161247 0.00946232
1 0.0421594 0.636406 0.00612153 0.0149909
0 0.423018 0.532205 0.00757777 0.0152617
0 0.648982 0.391923 0.00805651 0.0165036
1 0.907346 0.358889 0.0109449 0.0132434
0 0.568062 0.363749 0.0245343 0.012728
1 0.896309 0.39209 0.0099037 0.0128404
0 0.119468 0.741121 0.00752795 0.0148318
1 0.186043 0.277879 0.0155964 0.00493347
0 0.380302 0.0153037 0.00813519 0.0154125
1 0.43352 0.397488 0.00437868 0.0171087
0 0.115863 0.609224 0.0248749 0.0143787
0 0.588043 0.399278 0.0150477 0.00796484
0 0.680049 0.792661 0.0081799 0.0155667
0 0.553477 0.395054 0.0164978 0.00927428
0 0.481626 0.352644 0.00923954 0.0162963
1 0.213634 0.222241 0.0228555 0.0068676
0 0.581543 0.0161801 0.00918798 0.0156468
1 0.394916 0.963235 0.00818634 0.0228969
1 0.148397 0.744556 0.0152017 0.00535252
0 0.373859 0.963646 0.031994 0.0197696
0 0.509102 0.352689 0.00939941 0.0163711
0 0.421672 0.60707 0.00824928 0.0153736
0 0.358712 0.177715 0.013557 0.022001
0 0.00578823 0.77931 0.00915976 0.017703
0 0.704472 0.517567 0.00777366 0.0150218
1 0.672615 0.976862 0.00902132 0.0233724
1 0.329896 0.0590853 0.0076995 0.0237934
1 0.355134 0.0141987 0.00272119 0.00919514
1 0.510989 0.458793 0.0164299 0.00512379
0 0.406421 0.0618941 0.0150114 0.00789341
1 0.64744 0.849127 0.0228288 0.010241
0 0.479842 0.384052 0.00909752 0.0146395
1 0.582696 0.363575 0.00398611 0.014591
1 0.48567 0.229635 0.0235706 0.00777215
1 0.484875 0.18665 0.0228984 0.00821143
1 0.744843 0.20866 0.00460609 0.0170107
1 0.50403 0.0537669 0.00486446 0.0137797
1 0.386211 0.738496 0.0155757 0.00502765
1 0.755854 0.629199 0.0115114 0.00351427
1 0.464471 0.39718 0.00482225 0.016669
0 0.557941 0.335084 0.00839271 0.0154204
0 0.407604 0.203145 0.0126118 0.024236
1 0.277043 0.0148927 0.00385572 0.0109554
1 0.456871 0.347356 0.00446285 0.0150596
1 0.511207 0.280931 0.0039171 0.0151862
0 0.703601 0.553336 0.0141153 0.00699772
1 0.596755 0.727493 0.00840259 0.0243772
1 0.0929649 0.684355 0.00996519 0.0290942
1 0.543087 0.222558 0.0109846 0.00432074
1 0.441244 0.261762 0.00374103 0.0158397
1 0.440178 0.298588 0.00453883 0.0148234
1 0.525635 0.205757 0.0108905 0.00436681
1 0.904593 0.558402 0.0171002 0.00484385
1 0.409619 0.298654 0.00406256 0.0160284
1 0.41599 0.00948255 0.0150277 0.00549121
1 0.0285861 0.779139 0.0106359 0.0301507
1 0.151518 0.789925 0.00347739 0.0106424
1 0.049769 0.779003 0.00994408 0.0306227
1 0.704636 0.52701 0.00898818 0.00329277
1 0.0493357 0.684144 0.0102279 0.0303401
1 0.776075 0.20797 0.00439666 0.0150039
1 0.0276922 0.684039 0.00921518 0.0298829
1 0.0925934 0.778742 0.0102311 0.0304955
4 0.875634 0.824566 0.172502 0.172829
1 0.649323 0.402011 0.00948021 0.00327117
1 0.186103 0.307436 0.0150588 0.00451738
0 0.0690831 0.0269389 0.0248604 0.0153401
1 0.385559 0.767779 0.0145195 0.00610233
1 0.370259 0.712878 0.00273235 0.0102415
1 0.358683 0.191422 0.0141954 0.00433379
1 0.0132344 0.635934 0.00523508 0.0152473
1 0.597328 0.399627 0.00312217 0.00863588
1 0.845274 0.638409 0.0174822 0.00507567
1 0.716364 0.488679 0.00896573 0.0031197
1 0.533551 0.0534862 0.00525809 0.0148501
1 0.361795 0.24777 0.00558997 0.0152574
0 0.567406 0.666835 0.029242 0.0154278
1 0.770803 0.231321 0.00486017 0.0160938
1 0.903572 0.525861 0.017014 0.00487246
1 0.236777 0.766017 0.0181627 0.010278
1 0.582248 0.688199 0.00233828 0.00851003
1 0.0757693 0.268066 0.0174811 0.00564982
1 0.557765 0.325359 0.00912157 0.0040655
1 0.481608 0.362793 0.00997018 0.00285674
1 0.619252 0.403125 0.00808359 0.00279452
1 0.0710823 0.779257 0.0105797 0.0304305
0 0.66567 0.357738 0.00986762 0.019272
1 0.0712721 0.684281 0.00945139 0.0293169
1 0.331819 0.247739 0.00359226 0.0148958
1 0.288396 0.191304 0.0144665 0.00416005
1 0.420179 0.488518 0.00770444 0.00255291
1 0.129435 0.608703 0.00378036 0.0152242
1 0.00582357 0.769146 0.00940023 0.00283832
1 0.119958 0.731915 0.00769505 0.00394102
1 0.510594 0.427609 0.0163009 0.00458061
1 0.845725 0.669187 0.0150952 0.00528648
1 0.408579 0.262134 0.00424801 0.0158491
1 0.415003 0.0407613 0.0147958 0.00645151
1 0.376712 0.488847 0.00978842 0.00383271
1 0.0305992 0.267648 0.0177359 0.00537966
1 0.0812856 0.287412 0.0139837 0.00535965
0 0.038533 0.375904 0.0157145 0.0287079
1 0.557439 0.726843 0.00623346 0.0229457
1 0.595668 0.799721 0.00995824 0.00370845
1 0.416805 0.0615197 0.00454246 0.00861553
1 0.431428 0.370229 0.005211 0.0164083
1 0.65809 0.736855 0.0082622 0.0225709
1 0.288363 0.161456 0.0154852 0.00441654
1 0.42711 0.347338 0.00455053 0.0160081
1 0.053843 0.267489 0.0165978 0.00560551
1 0.38568 0.786254 0.00349892 0.00887105
1 0.380653 0.00484212 0.00887227 0.00370417
1 0.421732 0.59691 0.00859917 0.00364754
1 0.450269 0.692795 0.00364404 0.0090454
1 0.543668 0.395243 0.00280305 0.00946498
1 0.647739 0.853428 0.0219089 0.0070797
1 0.845701 0.668016 0.0156633 0.00524877
1 0.541434 0.280702 0.00594855 0.0161531
1 0.55225 0.768514 0.00911431 0.00401331
1 0.580931 0.0259026 0.00900218 0.00425512
1 0.620601 0.737217 0.00596043 0.0217768
1 0.14878 0.7759 0.014103 0.00535477
1 0.679972 0.800267 0.00815507 0.00397566
1 0.550949 0.666935 0.00368881 0.016583
1 0.553308 0.726977 0.0071211 0.0236671
1 0.386186 0.170681 0.00417941 0.014021
1 0.423293 0.542075 0.00860283 0.00374309
