0 0.0281097 0.611634 0.0173377 0.00931374
0 0.510674 0.442758 0.0144892 0.0250684
0 0.385653 0.752089 0.0136561 0.0232239
0 0.346384 0.0328795 0.0158612 0.00795278
0 0.652766 0.976809 0.0328702 0.0204785
2 0.895597 0.375895 0.0330193 0.0185041
0 0.903895 0.541924 0.0143595 0.0265274
0 0.380519 0.712387 0.0163581 0.0101383
0 0.923575 0.954572 0.0329731 0.0198898
0 0.760678 0.207837 0.026695 0.0146935
0 0.265992 0.0142269 0.0168439 0.00916728
0 0.346993 0.247211 0.025387 0.013266
0 0.350254 0.0588008 0.0320002 0.0193365
0 0.519442 0.0531033 0.0249538 0.012999
0 0.495932 0.690343 0.0162076 0.00886085
2 0.0598328 0.732629 0.082 0.0616169
0 0.0285388 0.636066 0.0227907 0.0130763
0 0.787518 0.231127 0.026999 0.0143997
0 0.756373 0.618178 0.00958296 0.01689
0 0.44205 0.346799 0.0258909 0.0136518
0 0.0821005 0.302421 0.013422 0.0230506
0 0.213716 0.24327 0.0197023 0.03292
0 0.186279 0.292275 0.0133173 0.025602
0 0.346271 0.0145242 0.0158252 0.0085803
0 0.844925 0.654019 0.0141796 0.0259829
0 0.486772 0.208051 0.0195673 0.0341863
0 0.449141 0.397235 0.0265486 0.0136393
0 0.295256 0.23986 0.0208926 0.033483
0 0.41535 0.0243992 0.012941 0.0240092
0 0.380126 0.0150717 0.00886423 0.0161107
0 0.552171 0.758906 0.0081899 0.0158663
0 0.149042 0.759422 0.0122855 0.025279
0 0.679176 0.868351 0.019613 0.0287603
0 0.0756741 0.250226 0.0138747 0.024902
0 0.0804129 0.625634 0.021236 0.0341422
0 0.375571 0.784897 0.0153642 0.00806239
0 0.419805 0.496028 0.00735711 0.0141361
1 0.6479 0.889336 0.023026 0.0101771
0 0.162105 0.788751 0.0170596 0.00961791
0 0.703301 0.553284 0.0145195 0.0079644
1 0.35609 0.0327874 0.00281869 0.00950228
0 0.376393 0.498468 0.00814366 0.0144481
0 0.573177 0.688451 0.0151558 0.00772607
0 0.0536642 0.250378 0.0141249 0.0264932
0 0.618795 0.412437 0.007709 0.0155758
0 0.448431 0.370062 0.0284367 0.0148474
0 0.424641 0.29847 0.0264146 0.013468
1 0.213772 0.222304 0.022744 0.00790494
0 0.715792 0.478656 0.0077958 0.015066
0 0.39963 0.170538 0.0243889 0.0129132
0 0.574981 0.726173 0.0302174 0.0217461
1 0.943924 0.953871 0.00867987 0.0223267
0 0.52571 0.215907 0.00988676 0.0157738
0 0.532651 0.326268 0.0150752 0.0254253
0 0.647532 0.869002 0.0204553 0.0293921
1 0.673197 0.976663 0.00819541 0.0227457
0 0.288534 0.175214 0.012491 0.0234662
1 0.896285 0.391706 0.0112071 0.0128904
0 0.422874 0.531305 0.00784983 0.0162649
0 0.11944 0.740867 0.00756222 0.0147779
1 0.631359 0.976755 0.00925014 0.023258
1 0.0806644 0.604398 0.0234233 0.00792575
0 0.831216 0.566754 0.0165207 0.00970484
0 0.543093 0.212782 0.0094869 0.0157989
1 0.902328 0.95406 0.00922894 0.0242872
0 0.116386 0.608206 0.0251293 0.0149276
0 0.359138 0.176653 0.0137601 0.0225642
1 0.464734 0.370056 0.00435198 0.0167661
0 0.525563 0.281071 0.0249141 0.0121796
1 0.213671 0.263564 0.0226381 0.0072856
0 0.568558 0.362942 0.0242243 0.0130339
1 0.907087 0.358685 0.0110053 0.0140234
1 0.295698 0.261256 0.0234032 0.00811506
1 0.0806392 0.647186 0.024235 0.00839784
0 0.0689163 0.0261275 0.0260221 0.0156296
1 0.885147 0.358521 0.0121618 0.0150509
1 0.679801 0.889436 0.0224152 0.00992891
0 0.23882 0.0286554 0.0168658 0.0095154
0 0.638286 0.737601 0.0301787 0.0203148
0 0.421631 0.606477 0.00830159 0.0153751
1 0.679069 0.848108 0.0232238 0.00928116
0 0.557734 0.33438 0.00801374 0.0151861
1 0.370194 0.0586684 0.00821601 0.0236396
0 0.0298707 0.250246 0.0143141 0.0252174
0 0.407828 0.202479 0.0130823 0.0237095
1 0.510662 0.457592 0.0165408 0.0047816
0 0.460785 0.69232 0.0135259 0.0087613
0 0.59559 0.790345 0.00859977 0.0151996
1 0.48576 0.18596 0.0236562 0.00802345
0 0.00616761 0.778972 0.00937082 0.0175829
0 0.704428 0.517469 0.00821079 0.0150543
0 0.481501 0.351815 0.00898883 0.0153571
0 0.424656 0.261374 0.0276241 0.0140868
0 0.553703 0.394892 0.0159061 0.00925421
1 0.485838 0.229208 0.0225924 0.00826743
0 0.406899 0.0618268 0.01476 0.00789133
0 0.649236 0.391207 0.00771807 0.0144019
1 0.3861 0.737978 0.0160615 0.00504209
0 0.680161 0.792222 0.00805664 0.0148905
1 0.46448 0.396798 0.00502124 0.0173666
1 0.042252 0.636355 0.00546158 0.0149834
1 0.237888 0.76616 0.017495 0.00859232
4 0.876152 0.823299 0.174547 0.175758
1 0.186083 0.277199 0.0158454 0.00443587
1 0.0820825 0.316308 0.0151066 0.00403314
1 0.433095 0.396939 0.00408154 0.0165287
1 0.582873 0.363052 0.00396216 0.014936
0 0.373345 0.962485 0.0312039 0.0197174
1 0.355441 0.0144107 0.00279033 0.009287
1 0.457351 0.346877 0.00416112 0.014392
1 0.394479 0.962412 0.00857928 0.0226936
0 0.581225 0.015778 0.00936333 0.0160376
1 0.236896 0.749144 0.019147 0.0102426
1 0.744941 0.208124 0.00472166 0.0169382
1 0.330712 0.0589605 0.00668929 0.0227593
1 0.370147 0.712579 0.00298284 0.0109091
1 0.0926578 0.77832 0.0104999 0.0303375
1 0.704801 0.52704 0.00953699 0.00341578
1 0.415976 0.00960271 0.0148274 0.00532745
1 0.44029 0.298543 0.00468873 0.0154983
1 0.0497684 0.778714 0.00999064 0.029938
1 0.511532 0.280972 0.00342272 0.014632
1 0.543221 0.222289 0.0110187 0.00356519
1 0.276472 0.0139104 0.00412775 0.0101373
1 0.756247 0.628366 0.0110989 0.00386598
1 0.0492001 0.68368 0.00973385 0.0304238
1 0.0280695 0.683412 0.0119922 0.0303628
1 0.845285 0.638353 0.0168165 0.0049229
1 0.409545 0.298263 0.00366474 0.0160885
1 0.775873 0.207714 0.00445038 0.0152665
1 0.557601 0.324964 0.00889068 0.00375366
1 0.361665 0.247265 0.0056127 0.0151251
1 0.904013 0.557828 0.017283 0.00475361
1 0.504437 0.0534087 0.00444887 0.0147576
1 0.0925938 0.683779 0.0106934 0.0290647
1 0.331788 0.247212 0.00423144 0.0148803
1 0.148821 0.743675 0.0159001 0.00604536
1 0.359353 0.190896 0.0144181 0.00418505
1 0.903657 0.525542 0.0167141 0.00506698
0 0.508603 0.352174 0.00950694 0.0154414
1 0.557954 0.72646 0.00555063 0.0226827
1 0.0716384 0.683878 0.0102805 0.0294345
1 0.150936 0.789019 0.0049993 0.0106476
1 0.680135 0.80091 0.00826601 0.00273345
1 0.510855 0.427482 0.0159667 0.00432577
1 0.29556 0.21937 0.0228959 0.00756264
1 0.0285976 0.778199 0.00999764 0.0284219
1 0.5826 0.688518 0.00275859 0.00858426
1 0.287802 0.16095 0.0147679 0.00432988
1 0.59609 0.726626 0.00864692 0.0237223
1 0.385419 0.17047 0.00390322 0.0142689
1 0.64705 0.848373 0.0216069 0.00803256
1 0.236779 0.731521 0.0191787 0.0102263
1 0.713666 0.55316 0.0042365 0.00986693
1 0.534005 0.0533472 0.00484398 0.0146734
1 0.61902 0.403056 0.00806371 0.00312155
1 0.00617353 0.768637 0.00992622 0.0032717
1 0.0713422 0.77866 0.0102118 0.0302508
1 0.715878 0.488638 0.00867937 0.00332366
1 0.347205 0.748808 0.019102 0.00845993
0 0.665422 0.35736 0.0100662 0.0203128
1 0.385872 0.767767 0.0147078 0.00580991
1 0.845435 0.668807 0.0158868 0.004773
0 0.478917 0.383419 0.00881445 0.0132913
1 0.659068 0.737228 0.00774765 0.0235546
1 0.0132144 0.635413 0.0056512 0.0152587
1 0.53252 0.341001 0.0157539 0.0039716
1 0.620939 0.736839 0.00567915 0.0209716
1 0.379784 0.00421596 0.010405 0.00361338
1 0.40854 0.261534 0.00420117 0.0152817
1 0.42174 0.596671 0.00865411 0.0038581
1 0.597059 0.399343 0.00372483 0.00855649
1 0.120006 0.73165 0.00746095 0.00379919
1 0.416929 0.0616518 0.00439512 0.00894607
1 0.427162 0.347091 0.00468195 0.01583
1 0.186825 0.307207 0.0150418 0.00454831
1 0.525729 0.20575 0.0109364 0.00419665
1 0.543963 0.395133 0.00324968 0.00989855
1 0.346957 0.766897 0.0177119 0.0110946
1 0.052729 0.0254827 0.00579569 0.0179554
1 0.28849 0.19032 0.0130153 0.00460142
1 0.4316 0.370127 0.00487112 0.0161314
1 0.294598 0.218008 0.0222951 0.00816608
1 0.439923 0.261437 0.0042143 0.0150423
1 0.376789 0.488841 0.00932403 0.0033989
1 0.770913 0.230909 0.00476037 0.0159574
1 0.396096 0.06196 0.00436233 0.00880179
1 0.0832013 0.0260064 0.00456235 0.0171341
1 0.420119 0.504041 0.00750338 0.00289689
1 0.532761 0.310672 0.0166593 0.00477666
1 0.481659 0.362395 0.00874401 0.00368118
1 0.649345 0.401292 0.00846244 0.00346021
1 0.48126 0.341175 0.00968677 0.00403783
1 0.346526 0.731408 0.0179446 0.0102432
1 0.552382 0.768708 0.00902714 0.00384421
1 0.471292 0.691995 0.00486536 0.00852009
