5 0.777824 0.515197 0.164357 0.166028
5 0.478954 0.514902 0.163811 0.165987
5 0.179922 0.515922 0.162558 0.165783
0 0.915404 0.621759 0.0268171 0.0510437
3 0.325052 0.703364 0.07129 0.0554142
0 0.630888 0.645919 0.0460443 0.0270627
0 0.914479 0.409262 0.0253642 0.0508773
0 0.31488 0.391862 0.0264415 0.0518024
0 0.614988 0.378125 0.0261521 0.0496949
0 0.641651 0.706533 0.0207162 0.0339066
0 0.652457 0.602475 0.0155492 0.007705
0 0.570617 0.64238 0.0203265 0.0115459
0 0.712589 0.681965 0.032871 0.0211046
0 0.331151 0.644094 0.0458913 0.0267606
0 0.0387423 0.548452 0.0140617 0.00817977
0 0.354053 0.604663 0.0147747 0.00756467
0 0.0410328 0.581025 0.0137976 0.00779274
1 0.368559 0.702304 0.018642 0.0405113
0 0.872644 0.640579 0.0228424 0.012886
0 0.27207 0.641878 0.0234608 0.0128944
1 0.914368 0.37758 0.0276217 0.0117327
0 0.606499 0.724548 0.0159128 0.00903395
0 0.521684 0.704711 0.0267952 0.0143361
0 0.341958 0.543918 0.0155345 0.008024
0 0.476121 0.720315 0.0271336 0.0145316
0 0.309948 0.55543 0.00824606 0.0155797
1 0.315648 0.423429 0.0262216 0.00969968
0 0.475536 0.69658 0.0265792 0.014184
1 0.279402 0.703377 0.0218501 0.0421662
1 0.914612 0.652734 0.0282087 0.0104904
0 0.456148 0.741196 0.014944 0.00839027
0 0.912986 0.554118 0.00791087 0.0145379
1 0.615183 0.41019 0.0269994 0.0116558
1 0.31506 0.360205 0.0285152 0.0115465
0 0.640545 0.545731 0.0160427 0.00895309
0 0.611779 0.55383 0.00842248 0.0153482
1 0.914166 0.441048 0.0278451 0.0114982
0 0.69344 0.719812 0.0321894 0.0212268
1 0.914476 0.588978 0.0276301 0.0124584
1 0.641051 0.685636 0.0229931 0.00698852
1 0.363102 0.604934 0.00326604 0.00874429
1 0.614754 0.346768 0.0279882 0.0105058
1 0.722742 0.612935 0.00804088 0.0253075
1 0.714082 0.720245 0.00836469 0.0213854
1 0.737031 0.416591 0.0067699 0.027362
1 0.642427 0.7278 0.0223336 0.00755097
1 0.0808637 0.584655 0.0282497 0.00935314
1 0.736291 0.612166 0.00783551 0.027442
1 0.0502369 0.581419 0.0030124 0.00923788
1 0.886707 0.641293 0.00487137 0.0136299
1 0.424536 0.61275 0.00788617 0.0270536
1 0.603527 0.6453 0.00956451 0.0273652
1 0.790585 0.612189 0.00774346 0.0291948
1 0.424364 0.417284 0.00873969 0.0281867
1 0.875139 0.460346 0.0260119 0.0080471
1 0.874424 0.58236 0.0261529 0.00837883
1 0.31008 0.565788 0.0093795 0.00383133
1 0.356437 0.643954 0.00795974 0.0269845
1 0.762141 0.612591 0.00798122 0.0263485
1 0.87538 0.569196 0.0257275 0.00831898
1 0.450606 0.613031 0.00768174 0.0263531
1 0.332313 0.544203 0.00340283 0.00929786
1 0.845157 0.416825 0.00895428 0.0274361
1 0.791482 0.416812 0.00652695 0.0291668
1 0.816591 0.612621 0.00829784 0.0272095
1 0.0814595 0.475351 0.0274846 0.00797534
1 0.663307 0.644573 0.011271 0.0281484
1 0.165634 0.613911 0.00764515 0.027881
1 0.874134 0.472942 0.0249768 0.00798263
1 0.300684 0.644208 0.00794683 0.0287966
1 0.87671 0.501044 0.023036 0.00876236
1 0.0812947 0.516515 0.0281724 0.0082631
1 0.874245 0.527455 0.0244625 0.00801011
1 0.0812581 0.461894 0.0278669 0.00842001
1 0.777257 0.61248 0.00840734 0.0268977
1 0.875167 0.514652 0.0259805 0.00799476
1 0.151832 0.614686 0.0079782 0.0257192
1 0.83193 0.612353 0.00851872 0.0280866
1 0.464773 0.613025 0.00779652 0.025738
1 0.576463 0.472779 0.0269702 0.00626267
1 0.533746 0.417129 0.0076646 0.0272957
1 0.276982 0.517313 0.0278784 0.00669839
1 0.081198 0.52984 0.0283003 0.00772382
1 0.0816462 0.50294 0.0281219 0.00846159
1 0.803523 0.417435 0.00768105 0.0287985
1 0.380563 0.472978 0.0273441 0.00832379
1 0.43832 0.416789 0.00770384 0.0274906
1 0.61151 0.543704 0.00900794 0.00342585
1 0.479292 0.612578 0.00804789 0.0280493
1 0.246783 0.414761 0.00898904 0.0189674
1 0.74903 0.41727 0.00745723 0.0278308
1 0.875191 0.44622 0.025416 0.00875423
1 0.409675 0.613306 0.00826382 0.0260578
1 0.0817363 0.447939 0.0275639 0.00854683
1 0.27686 0.463125 0.0271916 0.00642376
1 0.381353 0.582958 0.0292517 0.0103726
1 0.505099 0.612974 0.00734342 0.0285033
1 0.178485 0.614309 0.00775408 0.0280521
1 0.0810297 0.57107 0.0282806 0.00815845
1 0.874714 0.542025 0.0246561 0.00769149
1 0.558514 0.642654 0.00378374 0.0127099
1 0.803443 0.61285 0.0074284 0.0289791
1 0.124147 0.614338 0.00732016 0.0263961
1 0.844622 0.6119 0.00873853 0.0277596
1 0.678992 0.569026 0.0301122 0.00769524
1 0.362618 0.644167 0.0133855 0.0284531
1 0.77684 0.416799 0.00878787 0.0279004
1 0.575653 0.582214 0.0278433 0.00754091
1 0.70749 0.612891 0.00846744 0.0273535
1 0.380691 0.569166 0.0283932 0.00847676
1 0.381131 0.514341 0.0270375 0.00773264
1 0.831735 0.416991 0.00896979 0.0274674
1 0.679182 0.514348 0.0292111 0.00781203
1 0.081558 0.557478 0.0294143 0.00893183
1 0.219916 0.418566 0.00779957 0.0289016
1 0.276952 0.488392 0.0274842 0.00676371
1 0.276634 0.474418 0.0272939 0.00646841
1 0.57604 0.446247 0.0285497 0.00873781
1 0.875599 0.555684 0.0254717 0.00814006
1 0.691758 0.682284 0.00668979 0.0215537
1 0.380467 0.556353 0.0287615 0.00700191
1 0.410102 0.416766 0.0098573 0.0285673
1 0.276343 0.52911 0.0272229 0.00575163
1 0.233154 0.418966 0.00834274 0.0271226
1 0.671274 0.719609 0.00747799 0.0229435
1 0.857634 0.641016 0.00549936 0.0145599
1 0.679469 0.47324 0.0278984 0.00887036
1 0.874423 0.487721 0.0250339 0.00795333
1 0.722233 0.416879 0.00762771 0.0262544
1 0.276963 0.503696 0.0286708 0.0068481
1 0.380489 0.527566 0.0273935 0.00752452
1 0.464643 0.740838 0.00243762 0.00959015
1 0.817352 0.416992 0.0075531 0.0268613
1 0.519806 0.417023 0.007653 0.0271581
1 0.451065 0.417176 0.0073658 0.0278539
1 0.380646 0.501591 0.0274603 0.00717294
1 0.679373 0.582461 0.0299821 0.00795077
1 0.576253 0.487605 0.0275662 0.00756595
1 0.576487 0.50238 0.0262127 0.00647592
1 0.519175 0.613129 0.0072837 0.0271184
1 0.679406 0.527753 0.0290496 0.00800323
1 0.380281 0.446651 0.0264794 0.00789167
1 0.438273 0.612697 0.00760085 0.0276419
1 0.534136 0.612143 0.00752377 0.0289273
1 0.601235 0.64642 0.0104151 0.0246469
1 0.219636 0.613663 0.00774568 0.0292406
1 0.596595 0.724503 0.00313906 0.0105463
1 0.137001 0.614732 0.0089447 0.0254191
1 0.582951 0.642495 0.0039873 0.012737
1 0.651128 0.54513 0.00371695 0.0102364
1 0.576194 0.514553 0.0278585 0.00737237
1 0.165629 0.41881 0.00784969 0.0287927
1 0.679189 0.501784 0.0291002 0.00752568
1 0.206841 0.614614 0.00757308 0.0277083
1 0.110715 0.418975 0.0088313 0.0293344
1 0.748867 0.612264 0.00832529 0.0268216
1 0.380653 0.487787 0.0283031 0.0072625
2 0.324266 0.703381 0.070865 0.0575299
1 0.191503 0.614492 0.00793024 0.0270542
0 0.566917 0.621449 0.0107947 0.00913188
1 0.232761 0.614031 0.00772931 0.0287334
1 0.11068 0.613666 0.0087367 0.0273646
1 0.136983 0.419297 0.00686794 0.0274232
1 0.67898 0.543249 0.0295355 0.00643045
1 0.081452 0.542856 0.0282037 0.00825544
1 0.678997 0.555944 0.0291397 0.0081682
1 0.285666 0.641196 0.00449365 0.0157418
1 0.576242 0.460023 0.0284206 0.00773764
1 0.49287 0.612662 0.00754134 0.028506
1 0.275633 0.448856 0.0264679 0.00723517
1 0.576528 0.556567 0.0268018 0.00683162
1 0.0813303 0.488835 0.0278506 0.00786722
1 0.732981 0.680728 0.00773696 0.0224962
1 0.151879 0.419483 0.00704237 0.0277479
1 0.680252 0.582023 0.0272146 0.00544188
1 0.380415 0.542496 0.0282946 0.00706532
1 0.380195 0.459643 0.0277719 0.00813472
1 0.246882 0.420579 0.00803566 0.0238521
1 0.178747 0.418797 0.00813878 0.0284167
1 0.53722 0.704151 0.00512933 0.0158084
1 0.276698 0.558487 0.0281035 0.0062461
1 0.206605 0.41829 0.00801299 0.0288451
1 0.679153 0.446674 0.0296046 0.00767489
1 0.546647 0.417562 0.00898205 0.0269248
1 0.478852 0.41714 0.00725727 0.0282807
1 0.191715 0.419105 0.00683547 0.0277045
1 0.576218 0.569339 0.0283747 0.00754447
1 0.276377 0.572089 0.0271022 0.00605317
1 0.276463 0.584422 0.0288372 0.007272
1 0.763034 0.416675 0.00675964 0.0272496
1 0.679594 0.488009 0.0289711 0.0081153
1 0.707493 0.417023 0.00774227 0.0247562
1 0.505402 0.416735 0.00694894 0.0279337
1 0.679094 0.459951 0.03003 0.00723707
1 0.276242 0.542707 0.0264757 0.00604035
1 0.492565 0.416674 0.00790668 0.0277459
1 0.576091 0.52771 0.0261092 0.00680973
1 0.459152 0.696434 0.00548757 0.0166679
1 0.630203 0.54512 0.00428578 0.00902226
1 0.873959 0.501676 0.0241244 0.00725249
1 0.575979 0.543112 0.02828 0.0072765
1 0.464969 0.416946 0.00698383 0.027622
