0 0.29288 0.979536 0.0159865 0.00858251
0 0.79332 0.721974 0.00907804 0.0166752
0 0.637796 0.0122064 0.0250716 0.013279
0 0.603689 0.177102 0.00828652 0.015699
0 0.631077 0.16181 0.00864454 0.0152752
0 0.25637 0.494113 0.0138656 0.0263818
0 0.708386 0.808608 0.00778198 0.0158489
2 0.434551 0.453873 0.0320058 0.0180321
0 0.163005 0.614286 0.00853812 0.0164263
0 0.573053 0.244027 0.0154759 0.00857597
0 0.210534 0.835212 0.0156697 0.00832248
0 0.107034 0.574484 0.0140146 0.0263445
0 0.243577 0.82521 0.01579 0.00824262
0 0.252125 0.930523 0.0158182 0.00827145
0 0.0508066 0.576495 0.0191531 0.0328696
0 0.237115 0.808388 0.0156413 0.00842642
0 0.182959 0.743029 0.015371 0.0079856
0 0.639616 0.0882084 0.0253253 0.0126496
0 0.18523 0.574265 0.0130411 0.0244038
0 0.251185 0.980558 0.0161657 0.00838583
0 0.255702 0.602333 0.0154003 0.00847651
0 0.0629856 0.909215 0.01367 0.0273735
0 0.241214 0.645037 0.00868159 0.01511
0 0.177331 0.683442 0.024693 0.012741
0 0.243911 0.132729 0.00820404 0.0158609
0 0.860926 0.386068 0.0130891 0.0252274
0 0.374002 0.497072 0.0152627 0.00778398
0 0.0812974 0.548379 0.0132247 0.0246315
0 0.299831 0.446539 0.0134801 0.0245986
0 0.278696 0.494267 0.0131974 0.0249816
0 0.814599 0.676044 0.0138965 0.0256488
0 0.797501 0.388047 0.018936 0.0327746
0 0.131019 0.698689 0.02709 0.0143466
0 0.135792 0.575042 0.013667 0.0242328
0 0.300944 0.493625 0.013208 0.0243478
0 0.22965 0.599154 0.00820782 0.0157673
0 0.150494 0.276418 0.0265572 0.0148776
0 0.210555 0.884421 0.0151668 0.0083313
0 0.250949 0.958302 0.0154448 0.00811461
0 0.059291 0.984297 0.025372 0.0132418
0 0.67275 0.0275839 0.0126639 0.0247741
0 0.414114 0.521335 0.0157993 0.00865461
0 0.708831 0.852975 0.00895954 0.0167179
0 0.0405437 0.815918 0.033799 0.0198306
0 0.162923 0.574211 0.0134932 0.026261
0 0.126626 0.980113 0.025476 0.0131619
0 0.345719 0.345496 0.00930695 0.0167644
0 0.1773 0.848642 0.0142398 0.0264872
0 0.177002 0.705759 0.0243671 0.0126622
0 0.130472 0.499472 0.0128528 0.0243208
0 0.183905 0.806779 0.0169466 0.00934163
0 0.262264 0.874559 0.0166564 0.0101907
0 0.214849 0.490448 0.0128099 0.0245401
0 0.161663 0.532161 0.0124487 0.0253007
0 0.638256 0.0663776 0.0258101 0.0131222
0 0.326864 0.550386 0.00784039 0.0153232
0 0.228093 0.447281 0.0129136 0.0244495
0 0.0933263 0.676772 0.0128475 0.0244089
0 0.350041 0.55326 0.0160718 0.0095415
0 0.257247 0.851479 0.00817854 0.0152178
0 0.255559 0.622758 0.0157061 0.00921224
0 0.776628 0.717841 0.00888824 0.0159811
0 0.224454 0.642575 0.00924714 0.0166837
0 0.758963 0.717534 0.00841591 0.0158506
0 0.18669 0.479836 0.0132278 0.0245093
0 0.110341 0.767579 0.0131885 0.0250149
0 0.830362 0.38939 0.0198776 0.0334334
0 0.138637 0.614797 0.0135797 0.024993
0 0.127605 0.541839 0.0254617 0.0125866
0 0.259473 0.75638 0.0140442 0.0256839
0 0.636862 0.216541 0.00875523 0.0157375
0 0.636966 0.351766 0.00950335 0.0171336
0 0.404009 0.472107 0.00826185 0.0159023
0 0.213332 0.563817 0.0137882 0.0256119
0 0.329141 0.301091 0.00845903 0.0158284
0 0.0215835 0.783575 0.0259681 0.0135147
0 0.403502 0.441039 0.00718123 0.0155965
0 0.603963 0.246531 0.0168359 0.00894767
0 0.117791 0.663185 0.0128238 0.0248126
0 0.60333 0.209803 0.00805258 0.0154494
0 0.353596 0.52408 0.008471 0.0148378
0 0.636921 0.0350538 0.0264368 0.0134641
0 0.739593 0.717225 0.007818 0.0158472
0 0.641072 0.123976 0.0130693 0.0238796
0 0.22376 0.68059 0.0125567 0.0242351
0 0.205175 0.919184 0.0122206 0.023307
0 0.0995291 0.931452 0.0258047 0.0143569
0 0.126089 0.721397 0.0277849 0.014579
0 0.162521 0.477461 0.0122612 0.0247962
0 0.306768 0.56046 0.00886983 0.015924
1 0.797545 0.40981 0.0234327 0.00930392
3 0.746043 0.867715 0.0410359 0.0511847
0 0.657345 0.994557 0.0157428 0.00941467
1 0.191303 0.705779 0.00408435 0.0144015
1 0.354602 0.43609 0.00668479 0.0167335
0 0.626133 0.305616 0.00963699 0.0175696
0 0.14134 0.798407 0.0275765 0.0144559
1 0.106896 0.557788 0.0164293 0.00405459
1 0.0192823 0.815904 0.00786227 0.0240414
0 0.792182 0.627558 0.0095248 0.0169041
0 0.805517 0.768634 0.0247756 0.0133367
1 0.261739 0.930504 0.00315547 0.00884128
0 0.262342 0.571178 0.0124232 0.0246269
0 0.292589 0.960717 0.0156746 0.00821436
1 0.162901 0.558032 0.0167705 0.00475762
1 0.73939 0.707564 0.00896835 0.00390375
2 0.366842 0.453513 0.0339749 0.0169872
1 0.759037 0.70715 0.00996474 0.00378618
0 0.169942 0.435861 0.0128708 0.0248731
1 0.652564 0.0120398 0.0046922 0.0147568
1 0.0811477 0.533349 0.0151918 0.00475649
0 0.328577 0.345169 0.00798891 0.0142443
0 0.299779 0.274259 0.00872956 0.0151801
1 0.654046 0.0662798 0.00584724 0.015001
0 0.294789 0.535 0.0161164 0.00850728
0 0.148906 0.238693 0.0155191 0.00758773
1 0.830084 0.409609 0.0221608 0.00755645
0 0.758071 0.640985 0.00861371 0.0175061
0 0.0317269 0.867884 0.0135241 0.0250068
1 0.0504292 0.597009 0.0224243 0.0082188
1 0.229162 0.590031 0.00908578 0.0030153
1 0.22449 0.652102 0.00993472 0.00323342
0 0.827028 0.846005 0.00755773 0.015679
0 0.655357 0.216875 0.00916647 0.0175942
1 0.744892 0.83682 0.0178863 0.00945207
1 0.86054 0.370892 0.0155206 0.00523639
0 0.209554 0.389739 0.0242775 0.0127085
1 0.652595 0.0349053 0.00446776 0.0152906
1 0.191594 0.683083 0.00454563 0.0147853
5 0.480897 0.782185 0.348998 0.344211
0 0.252622 0.891018 0.0154857 0.00802862
1 0.655565 0.206341 0.0103336 0.00415608
1 0.377614 0.469663 0.00621617 0.0125717
1 0.0441463 0.984273 0.00514474 0.0143092
0 0.289608 0.560127 0.00862672 0.0149381
0 0.337998 0.523737 0.00852907 0.0153649
1 0.814766 0.691501 0.0158911 0.00515791
1 0.223719 0.666833 0.0129864 0.00378155
1 0.641327 0.139157 0.0146533 0.00599986
1 0.114263 0.931716 0.00411908 0.0159551
1 0.792405 0.637645 0.0112606 0.00374391
1 0.636389 0.206618 0.00989639 0.00353557
1 0.163516 0.590022 0.0159304 0.00427296
1 0.756126 0.267252 0.0208298 0.0427806
1 0.300889 0.479216 0.0142197 0.0043491
1 0.299942 0.431852 0.0150956 0.00461935
1 0.185274 0.559286 0.015083 0.00403095
0 0.64478 0.374731 0.0158591 0.00836669
1 0.0617988 0.814908 0.00817444 0.022959
1 0.214696 0.504755 0.0140056 0.00406981
1 0.791941 0.00775224 0.0131438 0.0155045
1 0.245631 0.602606 0.00304758 0.00909711
1 0.278318 0.479247 0.0140279 0.0045817
1 0.631261 0.152032 0.00961941 0.00376426
1 0.135863 0.589661 0.0152059 0.00408892
0 0.675925 0.959163 0.0158369 0.00762151
1 0.672146 0.042444 0.0152303 0.00548106
1 0.106885 0.589962 0.0159828 0.00466863
0 0.827256 0.886945 0.00789567 0.0159478
1 0.112637 0.54179 0.00422147 0.0140488
1 0.673017 0.0123877 0.0138433 0.00474827
1 0.17735 0.864281 0.0150496 0.00416459
1 0.110083 0.752192 0.0143985 0.00469239
1 0.192024 0.742902 0.00255757 0.00838183
1 0.829451 0.368081 0.0236724 0.00797462
0 0.296228 0.613417 0.0155918 0.00813888
1 0.860945 0.401277 0.0156057 0.00555786
1 0.603482 0.19995 0.00958464 0.00343848
1 0.163213 0.604486 0.00891327 0.00346625
1 0.614306 0.246358 0.00346587 0.010819
1 0.423079 0.437076 0.00707933 0.0144887
1 0.260894 0.980153 0.00315024 0.00914646
1 0.228507 0.432378 0.0144373 0.00424685
1 0.284965 0.535417 0.00243259 0.0098543
1 0.290043 0.55035 0.0099447 0.00265478
1 0.262062 0.891219 0.0022906 0.00848582
1 0.17747 0.832682 0.0164961 0.00411868
1 0.776849 0.707522 0.0112953 0.00365279
1 0.424224 0.469995 0.00504659 0.014687
1 0.186109 0.46513 0.0166622 0.00399649
1 0.0629828 0.892624 0.0156323 0.00488244
1 0.0934194 0.691443 0.014744 0.00370576
1 0.814609 0.660795 0.0161114 0.00479532
1 0.11158 0.980178 0.00429872 0.0142643
2 0.801428 0.266758 0.0695644 0.0538667
1 0.138991 0.629713 0.0161342 0.00398655
1 0.185273 0.589169 0.01415 0.00462216
0 0.78421 0.796515 0.0157876 0.0082233
1 0.345708 0.355242 0.0103929 0.00347556
1 0.0627502 0.92521 0.0171529 0.00478901
1 0.247021 0.808529 0.00362922 0.0102239
1 0.708723 0.863124 0.0095792 0.0030844
0 0.182829 0.726573 0.015833 0.00858663
1 0.745057 0.897351 0.0173404 0.00931768
1 0.161933 0.705813 0.00516135 0.0144005
1 0.354892 0.469913 0.00575259 0.0147609
1 0.253523 0.825224 0.00320417 0.00867062
1 0.434929 0.470009 0.00510253 0.0141302
1 0.136053 0.559722 0.0155606 0.00483585
1 0.0740989 0.983655 0.00394789 0.0144945
2 0.789625 0.0919812 0.157857 0.148709
1 0.24611 0.622488 0.00270179 0.00855374
0 0.680566 0.975895 0.0147789 0.00762814
1 0.622502 0.0119772 0.00590277 0.0159757
1 0.796891 0.366722 0.0229639 0.00830419
1 0.0510115 0.555749 0.0226382 0.00743628
1 0.424496 0.52134 0.00438315 0.00958918
1 0.603492 0.167513 0.00916816 0.00312414
1 0.79311 0.796535 0.00321054 0.0091165
1 0.192116 0.726574 0.00336731 0.00929854
1 0.582513 0.244455 0.00316451 0.00956035
1 0.260402 0.95783 0.00374377 0.00938941
1 0.364025 0.497075 0.00335784 0.00886082
1 0.845827 0.266566 0.0175779 0.0411904
1 0.306659 0.550504 0.00958336 0.00439978
1 0.0361284 0.783536 0.0034315 0.0144999
1 0.186244 0.494706 0.0149665 0.00460143
1 0.299466 0.432628 0.0147026 0.00396356
1 0.205773 0.933141 0.0147216 0.0039771
1 0.158726 0.798065 0.00546793 0.0170995
1 0.0809515 0.534106 0.0157759 0.00423075
1 0.241413 0.63628 0.00892356 0.0033343
1 0.626518 0.315705 0.0110905 0.00327764
1 0.837028 0.00801531 0.0208683 0.0160306
1 0.135175 0.276391 0.004291 0.0157829
1 0.622178 0.0351262 0.00524377 0.0158064
1 0.0936312 0.661684 0.0145506 0.00445988
1 0.327023 0.558822 0.00820125 0.00308515
1 0.404121 0.481024 0.00883271 0.00307615
1 0.354703 0.467817 0.00771838 0.0122051
1 0.302336 0.636616 0.0272769 0.00555445
1 0.0500488 0.554356 0.0212598 0.00800824
1 0.191153 0.726673 0.00316066 0.00991177
1 0.256465 0.510642 0.0159139 0.00476312
0 0.00511149 0.584685 0.00704923 0.0125239
1 0.114466 0.698514 0.00430808 0.0156142
3 0.801681 0.267075 0.0704455 0.0544552
1 0.793518 0.730472 0.00980984 0.00474886
1 0.74715 0.00713996 0.0185678 0.0142799
1 0.576237 0.601513 0.0057001 0.0296301
1 0.278375 0.51031 0.0138331 0.00581028
1 0.109984 0.78335 0.0139076 0.00584624
1 0.403421 0.449414 0.00785502 0.00274824
1 0.22314 0.389342 0.00321862 0.0138881
1 0.256979 0.84138 0.0087943 0.00425364
1 0.627217 0.601227 0.0054507 0.0285594
1 0.338756 0.533839 0.00913238 0.00461603
1 0.200508 0.884886 0.00393647 0.00983573
7 0.789559 0.091178 0.158026 0.152475
1 0.7582 0.651275 0.00968858 0.00391794
1 0.635836 0.601374 0.00524884 0.0281158
1 0.757914 0.630263 0.0104162 0.00420311
1 0.377203 0.436609 0.00545455 0.0154066
1 0.143253 0.721016 0.00540053 0.016947
1 0.0836556 0.93168 0.00482601 0.0157581
1 0.262164 0.557257 0.0132496 0.00410299
1 0.567731 0.60172 0.00539386 0.0291155
1 0.636963 0.341255 0.00970553 0.00358719
1 0.162463 0.463088 0.0131587 0.00507008
1 0.670493 0.635656 0.0290921 0.00580097
1 0.227744 0.462694 0.0157418 0.00532519
1 0.169418 0.449721 0.0148208 0.00348654
1 0.619174 0.601563 0.00512076 0.0285509
1 0.340285 0.552129 0.00312042 0.0116036
1 0.62295 0.0661002 0.00549047 0.0153465
1 0.200164 0.834975 0.00374624 0.00910887
1 0.166309 0.276386 0.00511887 0.0167529
1 0.670313 0.644218 0.0295348 0.00567627
1 0.47411 0.970265 0.00620914 0.030775
1 0.286257 0.613564 0.00340068 0.00859013
1 0.161793 0.682964 0.00449276 0.0136497
1 0.288889 0.550198 0.0092715 0.00382376
1 0.636873 0.362313 0.00769499 0.00410712
1 0.525362 0.970299 0.00544786 0.0304208
1 0.541879 0.601397 0.00531425 0.0289767
1 0.396477 0.601932 0.00550129 0.028628
0 0.667719 0.382549 0.00904346 0.0179737
1 0.302167 0.662026 0.0277359 0.00551549
1 0.161525 0.518211 0.0127649 0.00447895
1 0.533492 0.601286 0.00525165 0.0290724
1 0.404183 0.521516 0.00471306 0.00883734
1 0.30051 0.96065 0.00224795 0.00884366
1 0.212943 0.549638 0.0134418 0.00373534
1 0.302284 0.756213 0.0278216 0.00588014
1 0.67071 0.653067 0.02968 0.0060139
1 0.302499 0.64459 0.0278443 0.00576976
1 0.302112 0.65351 0.0281063 0.00517792
1 0.30194 0.747347 0.0287693 0.0055295
1 0.353914 0.534335 0.0103318 0.00323505
1 0.377706 0.437819 0.00411546 0.0158226
1 0.302278 0.926359 0.0286258 0.00548122
1 0.670377 0.661106 0.0301085 0.00595118
1 0.550372 0.601446 0.00534914 0.0290673
1 0.533776 0.969985 0.00564313 0.0304353
1 0.44007 0.970264 0.00547778 0.0303931
1 0.169608 0.419865 0.0143746 0.00503296
1 0.670238 0.669642 0.0293269 0.00585937
1 0.388042 0.601991 0.00530459 0.0284574
1 0.302655 0.935262 0.027811 0.00620914
1 0.423742 0.469189 0.0069197 0.0131075
