5 0.135017 0.345491 0.168019 0.167623
0 0.308358 0.861875 0.0157348 0.00812681
0 0.191635 0.854024 0.0139661 0.0243123
0 0.315239 0.810654 0.012734 0.0237596
0 0.332325 0.733147 0.0128124 0.0252392
0 0.160146 0.813324 0.0143424 0.0268183
0 0.883127 0.629003 0.0214413 0.0330858
0 0.8297 0.957308 0.00919054 0.0172357
0 0.268353 0.729967 0.0134071 0.024674
0 0.182976 0.738895 0.0125396 0.0246151
0 0.214949 0.770416 0.0126095 0.0231027
0 0.239885 0.719544 0.0141723 0.0245813
0 0.793275 0.956896 0.00862484 0.0159669
0 0.427053 0.736723 0.0154139 0.0082874
0 0.104134 0.816372 0.0194744 0.0321055
0 0.275931 0.919238 0.012675 0.0245528
0 0.216186 0.717039 0.0127298 0.024122
0 0.65644 0.485966 0.0168791 0.0096308
0 0.352475 0.51323 0.00857616 0.0156846
0 0.347621 0.774533 0.0166341 0.00897311
0 0.20355 0.515772 0.025187 0.014287
0 0.353552 0.733385 0.0133039 0.0246103
0 0.693965 0.362639 0.0127825 0.0237222
0 0.697703 0.614361 0.0163176 0.00875404
0 0.690578 0.590963 0.00997775 0.0170055
0 0.294296 0.884361 0.00827361 0.0151634
0 0.216373 0.813297 0.014101 0.0256164
0 0.216572 0.853707 0.00882174 0.0160382
1 0.850691 0.606607 0.0240438 0.0100409
0 0.201535 0.478727 0.0153233 0.00794511
0 0.309341 0.732905 0.0142937 0.027175
0 0.689998 0.273167 0.0265837 0.0143088
0 0.407446 0.763097 0.00840237 0.0153909
0 0.811976 0.957017 0.00846219 0.0161274
0 0.456718 0.680714 0.00751958 0.0154355
0 0.68951 0.45662 0.00848314 0.0156854
2 0.487975 0.692736 0.0321219 0.0177867
0 0.690759 0.227292 0.0247252 0.0118294
0 0.707906 0.456338 0.010366 0.0171155
0 0.399065 0.584633 0.00980784 0.0167962
0 0.26202 0.629401 0.0241704 0.0125003
0 0.230917 0.922333 0.0255013 0.0138481
0 0.692339 0.305817 0.0251335 0.0132887
0 0.352922 0.685435 0.0135857 0.025244
0 0.693216 0.328503 0.0254827 0.0139214
0 0.170403 0.901755 0.0137176 0.0253185
0 0.8474 0.962186 0.00932668 0.0161766
1 0.882425 0.607031 0.0231747 0.00865555
0 0.913771 0.626242 0.0127276 0.0258176
0 0.456768 0.712151 0.00817952 0.0157287
0 0.239285 0.813817 0.0132441 0.0245114
0 0.724916 0.266793 0.0117269 0.0244775
0 0.867365 0.915732 0.0128411 0.0242116
2 0.419826 0.692498 0.0339665 0.0168698
0 0.62607 0.202017 0.0132632 0.0265129
0 0.183636 0.938373 0.0258031 0.015269
0 0.855889 0.178307 0.00923469 0.0175258
0 0.134635 0.788602 0.0129711 0.024205
0 0.690486 0.203954 0.0251828 0.0131643
0 0.690573 0.251389 0.0256825 0.0126027
0 0.18051 0.781356 0.0247806 0.0128949
0 0.308284 0.8416 0.0156617 0.00806377
0 0.381873 0.585234 0.00826026 0.0155322
0 0.23084 0.944965 0.0249248 0.0129846
0 0.131058 0.211269 0.0152005 0.00826742
0 0.28095 0.687497 0.0122762 0.0251024
0 0.403423 0.792944 0.0166454 0.00976156
0 0.189229 0.814407 0.0135523 0.0252967
0 0.684032 0.401575 0.00815857 0.0160272
0 0.179092 0.960307 0.0280972 0.015341
2 0.846344 0.331817 0.161434 0.153332
0 0.222769 0.674552 0.0124549 0.0237336
0 0.811325 0.87999 0.00872196 0.0163577
1 0.851365 0.649634 0.0235529 0.00744247
0 0.851693 0.629143 0.0213556 0.0324245
0 0.382344 0.540561 0.00848592 0.0166431
0 0.391857 0.763556 0.00889944 0.0151054
0 0.147163 0.91568 0.0132101 0.0253465
0 0.265477 0.803687 0.0140987 0.0247417
0 0.349941 0.852644 0.0151655 0.00857037
1 0.856098 0.167549 0.0110681 0.00387317
0 0.283126 0.838499 0.00843311 0.0149158
0 0.236105 0.965967 0.0154568 0.00747799
0 0.360179 0.800005 0.00812615 0.0158028
0 0.655568 0.416744 0.00806189 0.0152405
0 0.380721 0.790492 0.00790965 0.0151126
1 0.216562 0.863984 0.00986532 0.00302718
0 0.845087 0.866983 0.00981447 0.0168002
0 0.626275 0.483695 0.0167048 0.00863957
0 0.467849 0.760708 0.0167564 0.00917697
3 0.853814 0.507132 0.0696512 0.0553097
0 0.277959 0.880978 0.00910628 0.0154092
0 0.296771 0.372163 0.00828612 0.0160748
1 0.882875 0.649668 0.0240302 0.00773227
0 0.679193 0.54504 0.00949835 0.0166812
1 0.655398 0.426342 0.0088339 0.00317373
1 0.170192 0.886573 0.0155694 0.00398198
1 0.22232 0.660713 0.0133283 0.00396729
1 0.10365 0.794307 0.022296 0.00885491
1 0.103774 0.836959 0.022456 0.00751708
1 0.707341 0.613986 0.00293281 0.00928735
0 0.656036 0.449835 0.00828127 0.0162462
0 0.342778 0.799903 0.00846566 0.0154965
1 0.353138 0.700041 0.014142 0.00414132
1 0.245637 0.96612 0.00304738 0.010262
1 0.408054 0.708405 0.00766541 0.0146511
1 0.275737 0.933869 0.0138867 0.00371627
1 0.383463 0.220151 0.00745933 0.0393159
1 0.679344 0.53473 0.0106082 0.00376079
1 0.808531 0.50708 0.0221064 0.0414072
1 0.2387 0.799292 0.0144687 0.0045837
1 0.398988 0.574306 0.0103049 0.00419642
1 0.31484 0.824527 0.0135598 0.0035316
1 0.183168 0.753586 0.0150273 0.00396109
1 0.41635 0.219592 0.00729201 0.0397013
5 0.478133 0.358913 0.234381 0.233227
1 0.283342 0.847621 0.0095551 0.00373077
1 0.693615 0.377557 0.0159438 0.00544464
1 0.802782 0.207069 0.0236828 0.0906012
1 0.215264 0.784943 0.014307 0.00381451
1 0.371983 0.221032 0.00742818 0.0378423
1 0.215763 0.732282 0.0149531 0.00525571
1 0.675189 0.251318 0.00459333 0.015169
1 0.693626 0.348129 0.0167784 0.0050278
1 0.684292 0.411064 0.00893258 0.00317411
1 0.675568 0.203594 0.00441285 0.0156649
1 0.56128 0.219728 0.00705431 0.0385891
1 0.121611 0.211347 0.00396151 0.00992179
1 0.294464 0.894408 0.00939644 0.00351334
1 0.708945 0.328393 0.00527504 0.0162268
1 0.690507 0.580709 0.0105178 0.00348832
1 0.394061 0.219091 0.00681924 0.0388236
1 0.146466 0.900648 0.0147212 0.00421549
1 0.268552 0.715305 0.0149111 0.00374672
1 0.215648 0.921746 0.00412572 0.0165792
1 0.811352 0.869455 0.00961554 0.00442336
1 0.674168 0.273923 0.00469489 0.0154881
1 0.707292 0.306007 0.00467088 0.0145576
1 0.183051 0.723802 0.0140759 0.00407816
1 0.407815 0.675707 0.00633052 0.0154286
1 0.407831 0.753804 0.00887965 0.00302637
1 0.676774 0.305689 0.00489476 0.0155189
1 0.343053 0.8093 0.00957098 0.00290323
1 0.844906 0.856156 0.0106867 0.00397848
1 0.339706 0.430408 0.0378654 0.00766266
1 0.405523 0.220512 0.00786722 0.04113
1 0.67604 0.227099 0.00420179 0.0145502
1 0.418505 0.675882 0.00518965 0.0151877
1 0.268155 0.744671 0.0147845 0.0044622
1 0.199279 0.938266 0.0036965 0.0150321
1 0.417981 0.736916 0.00302909 0.00987312
1 0.21625 0.944981 0.0047265 0.0150226
1 0.191651 0.838619 0.0154074 0.00427846
1 0.392416 0.753834 0.0104627 0.00345255
1 0.161765 0.960136 0.00536778 0.0174422
1 0.846622 0.24452 0.0137939 0.0193653
1 0.847133 0.972121 0.0103545 0.00347488
1 0.0347333 0.348926 0.0290728 0.00564384
1 0.276077 0.629039 0.00508953 0.0145184
1 0.360468 0.809448 0.00925789 0.00299704
1 0.705845 0.251202 0.00477244 0.0135878
1 0.724451 0.251834 0.0139976 0.0054378
1 0.677404 0.328384 0.00566101 0.0152896
1 0.340356 0.463651 0.0370005 0.00708986
1 0.498603 0.709663 0.00661171 0.0139787
1 0.0346345 0.315579 0.0288833 0.00597522
1 0.277548 0.871414 0.00952017 0.00339345
1 0.867486 0.900442 0.0145962 0.00485586
1 0.034734 0.324142 0.0285042 0.00583789
1 0.0339467 0.409872 0.0298834 0.00615561
1 0.16804 0.93813 0.00437439 0.0157781
0 0.475748 0.561667 0.00944603 0.0186602
1 0.0346664 0.340512 0.0288172 0.00567424
1 0.339538 0.264156 0.0372534 0.00780928
1 0.0344391 0.306528 0.0289821 0.00592838
1 0.340153 0.274895 0.0377584 0.00787944
1 0.428107 0.219468 0.00725437 0.0389658
1 0.498397 0.676381 0.00641441 0.0147182
1 0.034074 0.400432 0.0299816 0.0061457
1 0.656117 0.43986 0.0087471 0.0042622
1 0.34025 0.319445 0.0383806 0.00725724
1 0.352435 0.503711 0.00891291 0.00316801
1 0.232834 0.349261 0.0289191 0.00617796
1 0.456953 0.721811 0.0098473 0.00381113
1 0.233018 0.31484 0.0283893 0.00566067
1 0.233085 0.409436 0.0283476 0.00595365
1 0.296915 0.362769 0.00915199 0.00286631
1 0.0347597 0.357865 0.0292264 0.00569156
1 0.572554 0.22045 0.00651882 0.0374516
1 0.232818 0.357813 0.0283055 0.00609695
1 0.527934 0.219693 0.00803103 0.0377412
1 0.340193 0.852718 0.00307321 0.00990464
1 0.549783 0.219428 0.00748913 0.0386135
1 0.191583 0.869446 0.0152336 0.00523495
1 0.339856 0.352682 0.0387403 0.00761095
1 0.170644 0.916766 0.0152133 0.00433875
1 0.339418 0.408123 0.0380304 0.00761326
1 0.897982 0.506139 0.0199788 0.0408499
1 0.21682 0.701575 0.0143961 0.00542788
1 0.239848 0.705384 0.0158163 0.00482559
1 0.170803 0.917393 0.0136832 0.00447251
1 0.706331 0.203859 0.00519493 0.0149382
1 0.635912 0.483646 0.00394071 0.0088597
1 0.339044 0.397384 0.0396894 0.00763702
1 0.339619 0.286018 0.0368056 0.00809551
1 0.0347822 0.332446 0.0283143 0.00553394
1 0.188471 0.799441 0.0150034 0.00388455
1 0.245601 0.922448 0.00431597 0.0155308
1 0.667117 0.486214 0.00383221 0.0108079
1 0.188041 0.798332 0.0162676 0.00567965
1 0.245075 0.944498 0.00430271 0.0151984
1 0.232706 0.400404 0.0286697 0.00580478
1 0.0340419 0.391847 0.0299223 0.0063782
1 0.689214 0.466002 0.00916909 0.00404227
1 0.339727 0.330308 0.0383266 0.00757421
1 0.339524 0.386159 0.037058 0.00755035
1 0.197462 0.961179 0.00679621 0.0193817
1 0.339886 0.307651 0.0374781 0.00757658
1 0.475695 0.550425 0.00913423 0.00312593
1 0.160428 0.830216 0.0169284 0.00526459
1 0.146727 0.245938 0.00594533 0.0284242
1 0.382137 0.550344 0.0099876 0.00405978
1 0.475555 0.219954 0.0675653 0.0393664
1 0.316634 0.841545 0.00344233 0.00914051
1 0.138139 0.444358 0.00503868 0.0296105
1 0.705607 0.22763 0.00458477 0.0137184
1 0.457658 0.760734 0.00358097 0.0100963
1 0.232904 0.340826 0.0287921 0.00574547
1 0.456044 0.690534 0.00900218 0.00396703
1 0.616009 0.252126 0.0396278 0.00734944
1 0.233013 0.306671 0.0287506 0.00567055
1 0.233043 0.323776 0.0283546 0.005364
1 0.561634 0.495927 0.00731922 0.0409187
1 0.103782 0.245588 0.00483733 0.0287863
1 0.845139 0.877183 0.0106912 0.00425789
1 0.58307 0.221454 0.00787354 0.0359359
1 0.488202 0.70921 0.00411415 0.0146437
1 0.112527 0.444489 0.00511344 0.0295169
1 0.166676 0.781386 0.00415292 0.0126333
1 0.189152 0.245688 0.00523703 0.0284581
1 0.247489 0.629102 0.00422922 0.0140854
1 0.338893 0.341558 0.0394542 0.00701751
1 0.138206 0.245488 0.00547701 0.0285153
1 0.309506 0.716807 0.0165854 0.00531006
1 0.338655 0.419519 0.0398727 0.0073638
1 0.339425 0.441306 0.037498 0.00855862
1 0.339594 0.364082 0.0376906 0.00742227
1 0.095434 0.245787 0.00509755 0.0278126
1 0.339457 0.252591 0.0363961 0.00731634
1 0.705747 0.272413 0.00468051 0.0163285
1 0.197774 0.245409 0.00532646 0.0287433
1 0.332338 0.74823 0.0136863 0.00542375
1 0.214769 0.755868 0.0142128 0.00464161
1 0.0347003 0.365689 0.0300124 0.0059836
1 0.19244 0.479104 0.00334224 0.0101179
1 0.616002 0.274723 0.0398711 0.0075097
1 0.339845 0.452802 0.0381474 0.00795937
1 0.129519 0.444347 0.00541621 0.0294372
1 0.14646 0.443988 0.00530496 0.0295814
1 0.383714 0.49597 0.0069132 0.038673
1 0.112529 0.24543 0.00560323 0.0299454
1 0.528156 0.494448 0.00680279 0.0362094
1 0.393594 0.792797 0.00420592 0.0103448
1 0.914413 0.642234 0.0159755 0.00602772
1 0.61608 0.318809 0.0401509 0.00682831
1 0.33957 0.297243 0.0379307 0.00772607
1 0.394471 0.496323 0.0068158 0.038512
1 0.216823 0.830286 0.016734 0.00570203
1 0.615954 0.263622 0.0396529 0.00816023
1 0.232984 0.332384 0.0285813 0.00539839
1 0.104096 0.444713 0.0047113 0.0288265
1 0.725362 0.2831 0.0134738 0.00578321
1 0.0345836 0.279549 0.0262153 0.00579152
1 0.616082 0.330118 0.0390537 0.00723576
1 0.616285 0.352453 0.0389052 0.00754797
1 0.381649 0.575336 0.00957242 0.00372552
1 0.0342857 0.297979 0.0292134 0.00653626
7 0.845904 0.331968 0.156376 0.156522
1 0.615736 0.341167 0.0399089 0.00635769
1 0.616472 0.396599 0.0382979 0.00729304
1 0.616616 0.407816 0.0387976 0.00758828
1 0.233158 0.365839 0.0288892 0.00585065
1 0.428 0.495237 0.00655234 0.0351392
1 0.405456 0.496216 0.00732334 0.0376614
1 0.430886 0.709032 0.00701238 0.0139761
1 0.616277 0.285468 0.0399976 0.0079251
1 0.416899 0.495673 0.00623131 0.0381836
1 0.550647 0.496366 0.00714537 0.0389198
1 0.616391 0.307756 0.0396004 0.00781381
1 0.190527 0.831925 0.0164525 0.00628737
1 0.198225 0.444604 0.00489293 0.0279083
1 0.372129 0.495144 0.0069344 0.0372244
0 0.889533 0.184629 0.0216927 0.0512218
1 0.539653 0.496093 0.00738013 0.0385956
1 0.615842 0.363575 0.039483 0.00661481
1 0.121238 0.245388 0.00572375 0.029979
1 0.129871 0.245383 0.00543034 0.0293389
1 0.615713 0.430487 0.037062 0.00751708
