5 0.135647 0.347021 0.169151 0.165521
0 0.160635 0.815124 0.0144582 0.0258997
0 0.793169 0.957912 0.0074289 0.0157447
0 0.192059 0.855374 0.0141747 0.0243817
0 0.216893 0.815344 0.0136196 0.0253383
0 0.684851 0.403083 0.00843561 0.0158603
0 0.884094 0.630209 0.0207357 0.0333605
0 0.83004 0.958215 0.00870395 0.0167485
0 0.427371 0.738199 0.0150974 0.00774027
0 0.69166 0.252831 0.0254841 0.012938
0 0.308632 0.842892 0.0156992 0.00809648
0 0.309146 0.863791 0.0145705 0.00794708
0 0.238969 0.815696 0.0132375 0.0240273
0 0.216391 0.854638 0.00844297 0.0158227
0 0.868399 0.917247 0.0133788 0.0248287
2 0.419823 0.695047 0.0332392 0.0171693
0 0.104774 0.817603 0.0201758 0.0334327
0 0.692193 0.306991 0.0251212 0.012524
0 0.268247 0.731313 0.0138692 0.0251547
0 0.332429 0.734842 0.0130514 0.0250596
0 0.131598 0.212502 0.0151843 0.00876433
0 0.691863 0.228695 0.0250602 0.0127005
0 0.283506 0.840438 0.00838439 0.0156743
0 0.215424 0.772245 0.0120772 0.0246549
0 0.626667 0.48541 0.0159164 0.0084777
0 0.14685 0.918052 0.0127947 0.0251851
0 0.309909 0.735249 0.0140933 0.0266493
0 0.263377 0.630973 0.0245829 0.013295
0 0.693453 0.329257 0.0255709 0.0136312
0 0.202039 0.480133 0.0147583 0.00765431
0 0.183911 0.739897 0.012417 0.0241107
0 0.690999 0.457775 0.00864304 0.0160207
0 0.315408 0.811854 0.0128599 0.0248941
0 0.691296 0.205161 0.0256901 0.0122364
0 0.457851 0.713429 0.00837198 0.0160725
0 0.847107 0.963072 0.00938885 0.0163861
0 0.382175 0.586093 0.00803888 0.0154443
0 0.856576 0.179171 0.00945463 0.0168904
0 0.8516 0.628994 0.0202887 0.0338848
0 0.726062 0.269041 0.0120883 0.0245987
0 0.697786 0.615575 0.0165847 0.00864535
0 0.404052 0.794211 0.0162544 0.00939572
0 0.691371 0.276042 0.0269187 0.0136367
0 0.230836 0.946782 0.0256908 0.0131264
0 0.914465 0.627092 0.0129164 0.024983
0 0.399178 0.58611 0.00882721 0.0173249
2 0.488407 0.694471 0.0312331 0.0169665
0 0.230662 0.923803 0.0243277 0.0122353
0 0.811431 0.881099 0.00882933 0.0163565
0 0.360482 0.80153 0.00793004 0.0159509
0 0.656753 0.450759 0.00831204 0.0154149
0 0.216369 0.718271 0.0124446 0.0245269
0 0.709062 0.457776 0.00956294 0.0166876
0 0.223208 0.676657 0.0131872 0.0235962
0 0.203803 0.517169 0.0257612 0.0139836
0 0.294671 0.885779 0.00841403 0.0153246
0 0.457476 0.682121 0.00736837 0.016089
0 0.694703 0.364778 0.0118294 0.0241533
0 0.189657 0.815696 0.0135622 0.0249683
0 0.240699 0.720964 0.0134243 0.0247787
0 0.266889 0.805157 0.0135476 0.025105
0 0.657197 0.487676 0.0174527 0.00942959
0 0.281946 0.688319 0.0125222 0.024826
1 0.850764 0.607362 0.0246787 0.00890744
0 0.353667 0.514662 0.00889928 0.0159341
0 0.407623 0.764321 0.00835325 0.0154612
0 0.297413 0.373677 0.00830209 0.0156819
0 0.626743 0.203673 0.0129836 0.0248308
0 0.354038 0.735031 0.0134239 0.0248871
0 0.181264 0.782863 0.0255671 0.0129312
0 0.690827 0.592561 0.00938059 0.0166428
1 0.408153 0.677321 0.00631189 0.0160231
1 0.70755 0.615338 0.00342191 0.00976756
2 0.843714 0.333993 0.160711 0.153908
0 0.277561 0.921345 0.0132988 0.0251811
0 0.184992 0.939749 0.0267325 0.0150366
1 0.104145 0.838442 0.0228268 0.00835519
0 0.236848 0.98408 0.0154251 0.00826539
0 0.135276 0.789629 0.0135476 0.0250006
0 0.237083 0.967598 0.0154852 0.00865129
0 0.657017 0.417694 0.00786684 0.0150753
0 0.171282 0.903675 0.0134193 0.0251081
1 0.851417 0.650688 0.0236058 0.00854255
1 0.104124 0.795518 0.0227794 0.00816958
0 0.467801 0.762251 0.0168034 0.00889775
1 0.294542 0.895536 0.00960522 0.00349826
1 0.847096 0.973159 0.0107355 0.00345518
0 0.353852 0.687704 0.013559 0.0250526
0 0.348622 0.775842 0.0162949 0.00874291
1 0.725284 0.253163 0.0145721 0.00519573
0 0.845318 0.868463 0.0100529 0.0165929
1 0.384015 0.221389 0.00725199 0.0406169
0 0.17967 0.962118 0.0273117 0.0146651
0 0.812141 0.958424 0.00893809 0.0165326
0 0.680058 0.546445 0.00940648 0.0172836
1 0.867967 0.901726 0.0157646 0.00484892
1 0.636671 0.485527 0.00350258 0.00909899
0 0.380338 0.791186 0.00779402 0.0147996
1 0.238877 0.800649 0.0147268 0.00411581
1 0.883057 0.608251 0.0234337 0.0086194
1 0.146569 0.903026 0.0140654 0.00424526
1 0.70646 0.252851 0.00419654 0.014537
1 0.811168 0.870878 0.0102697 0.00408041
1 0.793023 0.947749 0.00904665 0.00417784
1 0.812163 0.947696 0.00971416 0.00448552
1 0.694212 0.378741 0.0150442 0.00480114
1 0.223051 0.691115 0.0151752 0.00411793
1 0.6904 0.582658 0.0102164 0.00291399
5 0.480594 0.360073 0.234024 0.233268
0 0.27843 0.883309 0.00910659 0.0163483
1 0.707239 0.30746 0.00490626 0.0149112
1 0.216982 0.799254 0.0160466 0.00495292
0 0.391878 0.764545 0.00908376 0.0145681
1 0.913784 0.611236 0.0162114 0.00561436
1 0.16101 0.799375 0.0155362 0.00412056
1 0.656974 0.440577 0.00922012 0.004237
0 0.35047 0.85419 0.0151731 0.00833224
1 0.216485 0.864083 0.00879502 0.00307483
1 0.883497 0.650618 0.0239959 0.0075531
1 0.246405 0.984357 0.00327687 0.00900988
1 0.709111 0.328892 0.00538135 0.0158325
1 0.267677 0.745609 0.0146989 0.00395941
1 0.373165 0.22205 0.0070939 0.039223
1 0.706548 0.229043 0.00422481 0.0147393
1 0.856353 0.168924 0.0108757 0.00369353
1 0.845212 0.87804 0.0107744 0.00397241
1 0.706363 0.275711 0.00479658 0.0155544
1 0.675501 0.275895 0.00450541 0.0150465
1 0.418202 0.738461 0.0033045 0.00916816
1 0.382869 0.551734 0.0097316 0.00343779
1 0.457866 0.722991 0.00991118 0.00325231
1 0.245668 0.96738 0.0028092 0.0105082
3 0.856282 0.50786 0.0690703 0.0546369
1 0.21712 0.831091 0.0165412 0.00499131
1 0.160592 0.830934 0.0169046 0.00475524
1 0.394743 0.221133 0.00753775 0.0401878
1 0.416846 0.221776 0.00752924 0.0396686
0 0.383031 0.54192 0.00825225 0.0159282
1 0.183587 0.754629 0.0146797 0.00410211
1 0.408919 0.711315 0.00709481 0.014399
1 0.340937 0.320872 0.0400678 0.0078373
1 0.70599 0.205528 0.00479889 0.0144816
1 0.477647 0.221528 0.0696797 0.0399827
1 0.676192 0.252833 0.00483153 0.0153135
1 0.192095 0.869949 0.0155602 0.00439785
1 0.239967 0.705907 0.015664 0.00402282
1 0.277658 0.630954 0.00451673 0.0149544
1 0.189392 0.800469 0.0156301 0.00479332
1 0.667735 0.487653 0.00346299 0.0106682
1 0.393918 0.793839 0.00325337 0.010712
1 0.233016 0.290912 0.0282493 0.00574315
1 0.680233 0.535838 0.0106922 0.00374209
0 0.343501 0.801724 0.00838886 0.0158963
1 0.457149 0.69176 0.00965953 0.00341465
1 0.676586 0.228982 0.00507755 0.0156233
1 0.845147 0.245749 0.014261 0.0191151
1 0.431267 0.710795 0.00666718 0.0125078
1 0.341085 0.376321 0.0384216 0.00757921
1 0.122211 0.212394 0.00378398 0.00979292
1 0.0347916 0.393799 0.0305863 0.00595862
1 0.215732 0.946286 0.00438553 0.014838
1 0.408154 0.754832 0.00879131 0.003475
1 0.810287 0.508232 0.0215165 0.0404593
1 0.166219 0.782604 0.00456901 0.0141404
1 0.488838 0.710884 0.00426064 0.0139448
1 0.341063 0.421138 0.0393997 0.00777395
1 0.561707 0.221165 0.00737193 0.0383758
1 0.245022 0.946776 0.00456242 0.0147585
1 0.0349576 0.291089 0.0291514 0.00575757
1 0.170844 0.918165 0.0147945 0.00328614
1 0.676229 0.205544 0.00433218 0.0140228
1 0.245078 0.923976 0.00449839 0.013989
1 0.340627 0.298542 0.0398243 0.00758468
1 0.0354001 0.333516 0.0297345 0.00567077
1 0.91484 0.642879 0.0158484 0.00560604
1 0.0351572 0.30829 0.0296818 0.00599026
1 0.341359 0.465184 0.0396892 0.00786328
1 0.340264 0.287393 0.0408767 0.00820923
1 0.192129 0.840472 0.0153403 0.00369694
1 0.17128 0.888144 0.0151992 0.0045707
1 0.200418 0.939775 0.00433612 0.015325
1 0.353502 0.50487 0.00906169 0.00322354
1 0.428641 0.222195 0.00756045 0.0369547
1 0.888858 0.209228 0.0253859 0.0928006
1 0.340662 0.431934 0.0388053 0.00775828
1 0.147239 0.93253 0.0147101 0.00431586
1 0.0345812 0.411141 0.0305583 0.00563456
1 0.830234 0.948622 0.010368 0.00336419
1 0.245953 0.983902 0.00291216 0.0101008
1 0.685282 0.392749 0.00864223 0.00460356
1 0.341135 0.343203 0.039464 0.00793016
1 0.233337 0.333841 0.0285543 0.00593026
1 0.239099 0.830505 0.0141582 0.00491739
1 0.41928 0.677455 0.00556183 0.0150782
1 0.0350982 0.299805 0.0292848 0.00594546
1 0.341032 0.365335 0.0392917 0.00727951
1 0.233256 0.384766 0.028536 0.00589686
1 0.232947 0.299424 0.0289587 0.00563037
1 0.0348862 0.385277 0.0302723 0.00591982
1 0.676756 0.307104 0.00492096 0.0145866
1 0.540198 0.4977 0.00662688 0.0384908
1 0.233617 0.410924 0.0282321 0.0055617
1 0.52835 0.497893 0.007756 0.0379185
1 0.0347654 0.402287 0.0306445 0.00602685
1 0.340812 0.276365 0.0373564 0.00792003
1 0.86768 0.932175 0.0159187 0.00530218
1 0.035131 0.325177 0.0300299 0.00592791
1 0.340052 0.443351 0.0416679 0.00771363
1 0.189527 0.801248 0.0151175 0.00386579
1 0.0350898 0.316735 0.0298588 0.00594486
1 0.726055 0.284026 0.01474 0.005054
1 0.34335 0.791815 0.00889456 0.00377342
1 0.216245 0.923797 0.00440333 0.0137644
1 0.0355303 0.342345 0.0294472 0.00607541
1 0.528226 0.221086 0.00823593 0.0376405
1 0.341091 0.454111 0.0390898 0.00788426
1 0.657029 0.425999 0.00811555 0.00374788
1 0.0348507 0.282472 0.02831 0.00639593
1 0.340578 0.309728 0.0381742 0.00824678
1 0.340672 0.35385 0.0379265 0.00717854
1 0.617219 0.342752 0.038288 0.00726781
1 0.23414 0.34217 0.0288203 0.00563862
1 0.190609 0.831418 0.016144 0.00495986
1 0.0348487 0.376367 0.0301505 0.0062667
1 0.340889 0.409625 0.0386157 0.00758318
1 0.690367 0.448456 0.00919723 0.00317533
1 0.540031 0.221271 0.00743722 0.0392823
1 0.61688 0.253975 0.0381032 0.00704575
1 0.405716 0.220791 0.0077827 0.0404614
1 0.677407 0.329292 0.00542425 0.0157571
1 0.478491 0.710586 0.00527185 0.0145473
1 0.233391 0.325205 0.0285501 0.00577895
1 0.233193 0.393335 0.0287704 0.00558747
1 0.297448 0.363886 0.00893365 0.00368609
1 0.233616 0.308148 0.0290511 0.00568962
1 0.399278 0.596526 0.00963739 0.00377561
1 0.617084 0.264885 0.0378609 0.0080192
1 0.34028 0.331869 0.0419312 0.00758934
1 0.233369 0.401979 0.0286222 0.00538463
1 0.223143 0.661583 0.0138947 0.00426983
1 0.68011 0.557006 0.0106583 0.00403013
1 0.549906 0.221287 0.00779067 0.0403399
1 0.340472 0.398786 0.0389372 0.00788601
1 0.138617 0.247183 0.00548183 0.0293217
1 0.171474 0.918751 0.0140303 0.00375529
1 0.457651 0.762341 0.00349783 0.00986925
1 0.339232 0.776112 0.00266119 0.0101318
1 0.233248 0.376361 0.0286635 0.00610733
1 0.0957349 0.246995 0.00501499 0.0290818
1 0.248104 0.631015 0.00515731 0.0149763
1 0.129562 0.446354 0.00542402 0.0293281
1 0.189587 0.246589 0.00494128 0.0289583
1 0.392483 0.755167 0.0100289 0.00390769
1 0.198395 0.246432 0.00536901 0.0289685
1 0.181184 0.246878 0.00549162 0.0284042
1 0.168672 0.938953 0.00437332 0.015738
1 0.104285 0.246835 0.0051335 0.0297817
1 0.617356 0.420203 0.0375572 0.00775963
1 0.340704 0.854346 0.00327263 0.00927497
1 0.138377 0.445915 0.00545019 0.0293696
1 0.340762 0.387599 0.0392616 0.00743216
1 0.477519 0.678054 0.00705897 0.0137534
1 0.572465 0.222662 0.00698946 0.0370606
1 0.198464 0.446382 0.00503382 0.0297946
1 0.616808 0.454189 0.0371284 0.00784258
1 0.340519 0.253985 0.0375379 0.00750155
1 0.233778 0.31661 0.0288201 0.00605023
1 0.121675 0.446184 0.00523472 0.0293206
1 0.479019 0.496377 0.07284 0.0423244
1 0.899273 0.506764 0.0180181 0.0377997
2 0.855375 0.507775 0.0696105 0.0545921
1 0.616765 0.353289 0.0373318 0.00686255
1 0.61743 0.298276 0.0383286 0.00735789
1 0.300699 0.863626 0.00268355 0.00780562
1 0.498663 0.711198 0.0063964 0.0126662
1 0.616862 0.331403 0.038708 0.00648258
1 0.617268 0.409414 0.0377469 0.00628834
1 0.551436 0.498003 0.00692787 0.0377193
1 0.431591 0.677511 0.00498984 0.0152459
1 0.708378 0.329774 0.00473535 0.0161089
1 0.130139 0.247041 0.00538366 0.0298883
1 0.584526 0.496144 0.00678134 0.0377798
1 0.384364 0.496928 0.00635116 0.036974
1 0.617161 0.465271 0.0374086 0.00823878
1 0.573522 0.497053 0.00722597 0.0371622
1 0.617266 0.287099 0.0386937 0.00648308
1 0.417495 0.498097 0.0073079 0.0387697
1 0.583669 0.222901 0.00717782 0.0368065
1 0.233144 0.282386 0.0281686 0.00646557
1 0.268552 0.716587 0.0155031 0.00441767
1 0.183893 0.724708 0.0140798 0.0051172
1 0.656449 0.441161 0.00947458 0.0039383
1 0.616867 0.43202 0.0370625 0.00761904
1 0.616787 0.275627 0.0383795 0.00660909
1 0.283472 0.83166 0.00832067 0.00226831
1 0.380473 0.800608 0.00881348 0.00311498
1 0.309924 0.752532 0.015727 0.00513865
1 0.372759 0.494719 0.00669942 0.0308237
1 0.694908 0.349803 0.0166211 0.0054437
1 0.898482 0.51148 0.0163946 0.0285985
