0 0.946877 0.86403 0.0130738 0.0246009
0 0.936249 0.775584 0.0138912 0.0265762
2 0.642038 0.234252 0.102553 0.103481
3 0.703443 0.53917 0.0376544 0.0674942
0 0.90705 0.173539 0.0157121 0.00842506
0 0.316449 0.224815 0.0159788 0.0093693
0 0.316332 0.241095 0.0153065 0.008462
0 0.879863 0.779059 0.0196975 0.0334512
0 0.954915 0.923007 0.0279086 0.014383
2 0.642191 0.367404 0.101875 0.105295
0 0.338535 0.574082 0.0338165 0.0207563
0 0.694032 0.931229 0.0128442 0.0244277
0 0.95911 0.701 0.013643 0.0252876
0 0.923116 0.878382 0.0136671 0.0255775
1 0.725258 0.325894 0.0629434 0.02359
0 0.977569 0.440953 0.0150337 0.00781112
1 0.487588 0.532852 0.0409706 0.0210742
3 0.488688 0.577994 0.0513954 0.0696828
0 0.910351 0.750326 0.0130011 0.0247169
1 0.326112 0.533318 0.0168391 0.0118048
1 0.626598 0.500506 0.0418334 0.0213239
2 0.464891 0.360654 0.103182 0.108636
0 0.967487 0.816141 0.0137799 0.0253276
1 0.362608 0.517307 0.0136408 0.0114341
0 0.333774 0.309993 0.00856281 0.0158377
3 0.627543 0.544429 0.0542638 0.0696247
0 0.965263 0.776587 0.0132773 0.0253447
0 0.939836 0.969293 0.0131007 0.0254906
0 0.33021 0.207699 0.0156028 0.0085122
0 0.523375 0.887462 0.0340575 0.0202383
2 0.462756 0.229158 0.101971 0.102648
0 0.850363 0.984894 0.0253893 0.0125372
0 0.957213 0.743528 0.0257793 0.0124793
0 0.529558 0.967075 0.0124112 0.023988
1 0.725802 0.27312 0.0587964 0.026063
2 0.344709 0.517298 0.0206637 0.0498278
0 0.640874 0.911847 0.0131321 0.0251739
0 0.959969 0.900284 0.0284307 0.0150408
1 0.626601 0.590329 0.0412872 0.0205262
1 0.726227 0.402639 0.0607462 0.0283897
1 0.531817 0.359633 0.0308807 0.0898616
1 0.326532 0.500339 0.016453 0.012975
0 0.443356 0.982707 0.0249252 0.0128867
0 0.741608 0.244386 0.0167117 0.00866324
0 0.372877 0.944443 0.0130001 0.0254526
0 0.771222 0.229613 0.00848601 0.016631
0 0.707897 0.450544 0.0164715 0.00874429
0 0.979157 0.478006 0.0254716 0.015017
1 0.922796 0.862954 0.0146588 0.00432493
1 0.577288 0.231939 0.0323415 0.090707
0 0.99338 0.815876 0.00980665 0.0169805
1 0.544697 0.887766 0.00701023 0.0235314
1 0.487609 0.621847 0.041045 0.0185749
1 0.88029 0.798973 0.0224285 0.00756323
1 0.530866 0.22853 0.0314872 0.089604
0 0.707883 0.434826 0.0176771 0.00885691
1 0.529768 0.982478 0.0146971 0.00563406
1 0.317359 0.574304 0.00751101 0.0239787
1 0.380217 0.18949 0.0634048 0.0275943
1 0.381069 0.268114 0.0654595 0.0297776
1 0.967188 0.800701 0.0157422 0.00422306
1 0.731081 0.244322 0.00363541 0.010055
1 0.703904 0.497432 0.0281263 0.0147966
1 0.339666 0.207505 0.00284004 0.00987118
1 0.721299 0.19504 0.0555751 0.0237882
1 0.971654 0.74324 0.00394727 0.0142192
1 0.771016 0.239508 0.00948909 0.00341426
1 0.942189 0.743324 0.00465274 0.0133776
1 0.640656 0.927147 0.0156989 0.00513959
1 0.333889 0.300256 0.00963811 0.00346268
1 0.379799 0.321472 0.0599552 0.0257033
1 0.8794 0.756341 0.0226902 0.00794933
1 0.917363 0.174271 0.00422381 0.0102699
1 0.693528 0.915976 0.0145753 0.00466487
1 0.947156 0.849029 0.0151589 0.00453949
1 0.458077 0.982253 0.00418622 0.0146544
1 0.704057 0.580388 0.0259783 0.0129137
1 0.946513 0.878796 0.0141498 0.00399524
1 0.967682 0.831188 0.0154553 0.00473573
1 0.95935 0.716373 0.015333 0.00452185
1 0.922854 0.893071 0.0148574 0.00482347
1 0.965233 0.762169 0.0143916 0.00395246
1 0.502509 0.887775 0.00663276 0.0233045
1 0.972033 0.92296 0.00483178 0.0167619
1 0.360217 0.573833 0.00876605 0.0247504
1 0.577237 0.365998 0.0321835 0.090807
1 0.940822 0.985951 0.0153897 0.006181
1 0.936556 0.760403 0.0158634 0.0044203
1 0.640491 0.895842 0.0155907 0.00439378
1 0.702511 0.234849 0.0165173 0.0204575
1 0.936212 0.791811 0.0165428 0.00499894
1 0.964722 0.477645 0.00418891 0.0176595
1 0.705038 0.367028 0.0202098 0.0186599
1 0.995051 0.477549 0.00562092 0.0152708
1 0.9594 0.68538 0.0156329 0.00505804
1 0.529401 0.951806 0.0149467 0.00643108
1 0.698305 0.45006 0.00408835 0.00993369
0 0.363045 0.604469 0.026014 0.0140108
1 0.348289 0.604074 0.00447799 0.0155453
1 0.942828 0.900256 0.00446995 0.0159605
1 0.752553 0.244574 0.00413138 0.00886898
1 0.381244 0.39894 0.0638297 0.0269827
1 0.403605 0.228158 0.0164097 0.016829
