0 0.950571 0.45095 0.0257819 0.0143945
2 0.368859 0.32544 0.0454815 0.0191574
0 0.932495 0.0680027 0.0133448 0.0242512
0 0.55209 0.284791 0.0121541 0.0227274
0 0.66732 0.923933 0.0325302 0.0206354
0 0.472169 0.396522 0.0184836 0.0339698
2 0.482768 0.338314 0.0190226 0.0330465
0 0.939242 0.886454 0.0153236 0.00749982
0 0.925136 0.965684 0.0133644 0.0253163
2 0.635119 0.304784 0.0626209 0.0834487
0 0.663834 0.229032 0.0125655 0.0249597
0 0.821283 0.97264 0.020425 0.0323503
0 0.639032 0.70897 0.00908373 0.0171139
1 0.384411 0.342526 0.0119313 0.0150282
0 0.955628 0.568541 0.0188019 0.0320351
0 0.969464 0.182024 0.0133633 0.0258453
0 0.617856 0.847522 0.0130569 0.0245657
0 0.932359 0.662597 0.0134413 0.0244677
0 0.884523 0.387257 0.0125234 0.0245571
0 0.840865 0.823145 0.0252171 0.0122957
0 0.885976 0.696787 0.0275779 0.01472
0 0.360531 0.381074 0.0344684 0.0207631
0 0.361391 0.41578 0.0340975 0.0202738
0 0.394567 0.261718 0.0128103 0.0237524
0 0.439723 0.378856 0.019596 0.0323661
0 0.546633 0.204549 0.0321688 0.0206592
1 0.377016 0.544764 0.0144506 0.0130631
1 0.786384 0.950286 0.0236279 0.00866824
0 0.892303 0.335135 0.0339806 0.0204706
0 0.846936 0.857636 0.0332966 0.020881
0 0.979907 0.0617203 0.0253928 0.0127101
0 0.901936 0.0956395 0.0187611 0.0336763
0 0.502712 0.396129 0.0198752 0.0333258
0 0.847288 0.892435 0.0332001 0.0201397
0 0.984485 0.533353 0.0137889 0.0263627
0 0.845094 0.695372 0.0244734 0.0128203
0 0.96236 0.287161 0.0129576 0.0247084
0 0.762878 0.880782 0.0127911 0.0238245
0 0.987684 0.0941105 0.0147217 0.0255075
0 0.701662 0.382474 0.0248856 0.0133748
0 0.617494 0.707505 0.012007 0.0235207
0 0.670408 0.734384 0.0258234 0.0142244
0 0.911334 0.503775 0.0247116 0.0131459
1 0.955705 0.588964 0.0225551 0.00781056
0 0.630122 0.371007 0.0248487 0.0134716
0 0.978355 0.499222 0.0247831 0.0125501
0 0.982118 0.218276 0.0271206 0.014519
0 0.677558 0.495336 0.0258026 0.0133507
1 0.551675 0.269913 0.0143268 0.00500113
1 0.820542 0.950391 0.0230154 0.00925327
0 0.977063 0.240459 0.0277359 0.0148322
0 0.739874 0.502086 0.033186 0.0206604
0 0.945163 0.195635 0.0124688 0.0254142
0 0.465934 0.299976 0.0240183 0.0129834
0 0.895614 0.889469 0.0266335 0.0136687
0 0.873066 0.302583 0.0248923 0.0132467
1 0.58735 0.317249 0.0287423 0.0119603
1 0.683048 0.295212 0.0294458 0.0122211
0 0.616813 0.416649 0.03169 0.0204506
1 0.466106 0.348501 0.0133127 0.00918495
1 0.620773 0.900044 0.023524 0.00744041
2 0.35964 0.544721 0.0182794 0.0447324
0 0.786933 0.971693 0.0203271 0.032577
1 0.352385 0.34266 0.0137634 0.0141717
0 0.914704 0.428343 0.0144875 0.0271717
1 0.682928 0.273511 0.0297632 0.0109808
0 0.586843 0.449265 0.0234929 0.0119722
0 0.670552 0.712504 0.0254495 0.0145578
0 0.99032 0.133916 0.0153283 0.026318
0 0.939254 0.869341 0.0150042 0.0080789
1 0.6832 0.316566 0.0293308 0.012884
1 0.498711 0.337293 0.0145722 0.0104629
1 0.901623 0.0746347 0.0225921 0.00721032
1 0.64527 0.371421 0.00433731 0.0152038
1 0.472465 0.417538 0.0217403 0.00785612
1 0.587173 0.338666 0.0295498 0.0110922
1 0.586909 0.29477 0.0286434 0.0122202
0 0.620967 0.921042 0.0196014 0.032624
0 0.95882 0.0932232 0.0143197 0.0271394
1 0.502559 0.417635 0.0217047 0.00824844
1 0.587575 0.273045 0.0290008 0.0111051
0 0.914093 0.53039 0.0253278 0.0126081
0 0.681429 0.860156 0.0140264 0.0249431
1 0.662994 0.213845 0.0147628 0.00396996
1 0.33956 0.380871 0.00806558 0.0248531
0 0.716055 0.249055 0.0137472 0.0248987
1 0.339129 0.41545 0.00679419 0.0236533
0 0.617805 0.480173 0.0325392 0.0199974
0 0.741172 0.534734 0.0336383 0.0198226
1 0.718443 0.501804 0.00814857 0.0233984
1 0.924965 0.980835 0.014921 0.00418685
1 0.683224 0.338365 0.030277 0.0126932
1 0.761664 0.53495 0.00761032 0.0230101
1 0.825413 0.891686 0.00888036 0.0243203
1 0.620674 0.941658 0.0230512 0.00748625
1 0.825283 0.857885 0.00898517 0.0242929
1 0.884186 0.401565 0.0143588 0.00440569
1 0.932332 0.0827207 0.0145299 0.00439894
0 0.711156 0.352447 0.00904583 0.0167041
1 0.870129 0.335123 0.00922081 0.0231023
1 0.963998 0.0616099 0.00467244 0.0131705
1 0.969341 0.166819 0.0152643 0.00412184
1 0.637962 0.481062 0.0079639 0.0233125
1 0.962527 0.302318 0.0144763 0.00507264
1 0.480393 0.300222 0.00399758 0.0144981
1 0.617145 0.832451 0.0153811 0.0044001
1 0.368165 0.307275 0.0129356 0.0164477
1 0.552048 0.29954 0.0148718 0.00505697
0 0.435871 0.422189 0.0250597 0.012325
1 0.902407 0.696584 0.00448433 0.0168252
1 0.762569 0.894599 0.0148055 0.0038691
1 0.911063 0.889206 0.00416584 0.0151512
1 0.46625 0.326302 0.0141672 0.00984745
1 0.566339 0.205359 0.00735542 0.0232706
1 0.439245 0.356905 0.0240213 0.00788345
1 0.82093 0.994368 0.0241687 0.00835412
1 0.855303 0.823346 0.00438859 0.0139838
1 0.965061 0.451366 0.00366811 0.0162609
1 0.639072 0.699209 0.00892101 0.00365992
1 0.61462 0.371102 0.00539298 0.0153428
1 0.646158 0.923328 0.00801562 0.0238883
1 0.963564 0.498756 0.003906 0.0153155
1 0.692767 0.495317 0.00448427 0.0151175
1 0.617834 0.862467 0.0148194 0.00470408
1 0.616977 0.692552 0.015831 0.00522426
1 0.925832 0.503041 0.00405027 0.0145785
1 0.716509 0.382303 0.00455306 0.0162236
1 0.902583 0.116148 0.0214647 0.00767484
1 0.711421 0.362732 0.0104949 0.00373531
1 0.382099 0.414941 0.00772298 0.0227922
1 0.884039 0.372246 0.0140581 0.00386391
1 0.596311 0.480776 0.00801168 0.0223635
0 0.906268 0.722674 0.0159523 0.00774202
1 0.617614 0.721423 0.0145509 0.00532357
1 0.34134 0.529451 0.0171553 0.0121326
1 0.95514 0.548018 0.0214021 0.00817252
1 0.341458 0.561939 0.0154451 0.0123749
1 0.760851 0.502402 0.00794764 0.0217562
1 0.688248 0.92403 0.00746655 0.0222571
1 0.868748 0.891268 0.00652194 0.0212047
1 0.637431 0.417064 0.00743078 0.0212071
1 0.89632 0.503645 0.00477519 0.0145372
1 0.572842 0.449268 0.00457695 0.0138564
1 0.715855 0.383326 0.00375654 0.0162799
1 0.913359 0.335255 0.00822711 0.0224107
1 0.948675 0.869249 0.00321197 0.00940279
1 0.473137 0.374741 0.0222401 0.00815035
1 0.558467 0.688723 0.00388317 0.008472
1 0.502676 0.374941 0.0222059 0.00828924
1 0.887399 0.302273 0.00303387 0.0141319
1 0.438991 0.39917 0.023191 0.00755466
0 0.986989 0.569069 0.0238564 0.0257119
1 0.925296 0.950759 0.0153825 0.00417422
1 0.394878 0.247259 0.0140151 0.00372919
1 0.94877 0.886805 0.00303863 0.00863554
1 0.719072 0.534987 0.00935195 0.0226926
1 0.825842 0.823337 0.0051172 0.0145147
1 0.685524 0.712417 0.00483422 0.0154895
0 0.548003 0.688748 0.0172394 0.00866999
1 0.934886 0.451482 0.00454906 0.0151653
1 0.786753 0.994095 0.0250542 0.0101842
1 0.983823 0.518107 0.0158345 0.00422668
1 0.525523 0.204293 0.00554225 0.0210974
1 0.86783 0.857577 0.00715124 0.0217027
1 0.932503 0.677561 0.0142205 0.00490858
1 0.394661 0.276235 0.0148549 0.00410874
1 0.382044 0.380844 0.00782429 0.0233247
1 0.990417 0.150399 0.0149939 0.00558974
0 0.574542 0.682172 0.00878525 0.0171815
1 0.985069 0.550765 0.0175249 0.00598526
1 0.830925 0.694771 0.00402813 0.0145266
1 0.870289 0.696318 0.00325544 0.0161779
1 0.595563 0.41685 0.00740839 0.0225399
1 0.954448 0.546346 0.0214102 0.00863722
1 0.965942 0.217701 0.00472328 0.0160842
1 0.710412 0.363128 0.0108305 0.00352322
1 0.914199 0.411973 0.0162252 0.00512764
1 0.661672 0.495787 0.00548841 0.0154009
1 0.880128 0.889866 0.00424907 0.0182304
1 0.969581 0.197461 0.0156591 0.00516266
1 0.959369 0.240546 0.00612678 0.0159084
1 0.932404 0.64693 0.0162843 0.00561817
1 0.663761 0.244603 0.0157064 0.00495901
1 0.962482 0.271518 0.0159492 0.00502092
1 0.982253 0.00365294 0.0142206 0.00517686
1 0.763049 0.864859 0.0146139 0.00473573
1 0.450945 0.299708 0.00466228 0.0139418
1 0.620717 0.25951 0.0059867 0.00742806
1 0.472414 0.37591 0.0218324 0.00685679
1 0.995313 0.0615465 0.00539448 0.0153498
1 0.916524 0.722484 0.00440322 0.0090322
0 0.504105 0.206352 0.0136305 0.0211019
1 0.857044 0.302754 0.00458364 0.0160639
1 0.449677 0.421718 0.00276863 0.0130893
