5 0.707824 0.269599 0.11339 0.114485
3 0.844527 0.706141 0.0735011 0.0569192
0 0.91934 0.438924 0.0159817 0.00962889
0 0.809802 0.0517488 0.0151258 0.00889741
3 0.188241 0.685246 0.0388926 0.0687995
0 0.558887 0.0689945 0.0196911 0.0323558
0 0.772656 0.170924 0.00804188 0.015451
0 0.902729 0.401353 0.0152239 0.00713073
0 0.709256 0.162166 0.0155373 0.00824204
0 0.861844 0.399508 0.0150659 0.00788132
3 0.126537 0.68238 0.0386491 0.0691123
0 0.79999 0.343208 0.0156535 0.00813021
0 0.494304 0.310059 0.0197315 0.0333017
0 0.408663 0.0926037 0.0133151 0.0243967
0 0.316268 0.509888 0.017217 0.00947952
0 0.461258 0.30838 0.0202649 0.0320491
0 0.377242 0.145721 0.0136905 0.0252185
0 0.919184 0.721541 0.0240996 0.0125963
1 0.803875 0.634381 0.0262701 0.0634351
2 0.212608 0.501 0.100619 0.106202
0 0.648327 0.401201 0.020563 0.0329757
0 0.45933 0.366839 0.0196401 0.0329333
1 0.188594 0.639411 0.028239 0.0188066
0 0.972641 0.650778 0.0276385 0.0141821
1 0.10942 0.382803 0.0212217 0.0424955
0 0.592793 0.068757 0.0212295 0.03189
0 0.819967 0.0734994 0.0149929 0.00714817
1 0.614117 0.378491 0.0239268 0.00925721
3 0.154851 0.38294 0.0689868 0.0546435
0 0.492288 0.36673 0.0201291 0.033013
0 0.789812 0.191861 0.00808822 0.0155761
2 0.412258 0.353962 0.0490644 0.0266524
1 0.395611 0.376895 0.0111298 0.019261
0 0.764007 0.434144 0.0271592 0.0146111
0 0.61498 0.39994 0.0189038 0.0320453
0 0.461752 0.115381 0.0195312 0.032614
0 0.367352 0.540243 0.0141519 0.0257984
0 0.960411 0.717197 0.0268941 0.014734
0 0.53154 0.177563 0.0257606 0.0131991
1 0.524551 0.387472 0.0234055 0.00811145
1 0.152006 0.294803 0.01389 0.00998938
1 0.491897 0.387126 0.0227407 0.00770785
0 0.617164 0.347245 0.015607 0.00808828
1 0.593052 0.0478616 0.0237862 0.00814149
0 0.528223 0.309952 0.0197738 0.0337799
0 0.524946 0.366155 0.0205846 0.0332837
0 0.85361 0.159268 0.00905916 0.0159848
0 0.438517 0.0213219 0.0333556 0.0203185
1 0.647828 0.379264 0.0236748 0.00794448
1 0.412424 0.375911 0.0101115 0.0201187
0 0.351937 0.470642 0.0128847 0.0243272
2 0.129945 0.23439 0.0181639 0.0459826
0 0.856266 0.352924 0.0254781 0.0121719
0 0.971194 0.619941 0.0154992 0.0080325
0 0.392798 0.0184304 0.0200428 0.031673
1 0.558902 0.0901769 0.0218819 0.00815168
0 0.531578 0.154084 0.0263268 0.0141738
1 0.461336 0.135844 0.0234621 0.00880689
0 0.853743 0.119533 0.00889112 0.0158893
2 0.842801 0.552089 0.109569 0.0993936
0 0.970949 0.68223 0.00834305 0.015768
1 0.933507 0.721429 0.00336775 0.0144429
0 0.901398 0.352423 0.0240587 0.0123974
1 0.459457 0.38742 0.0232843 0.00718223
0 0.697515 0.0627513 0.0132749 0.0248471
0 0.922772 0.585495 0.012628 0.0255078
0 0.67532 0.440296 0.0168662 0.00851875
1 0.412073 0.3313 0.0107204 0.0177764
1 0.116673 0.311985 0.016548 0.0129104
0 0.733521 0.416962 0.00900362 0.0158888
1 0.492256 0.345371 0.0230582 0.00787998
2 0.135025 0.311867 0.0191251 0.0467645
1 0.417578 0.0212036 0.00698043 0.0235053
1 0.592677 0.0900751 0.0233343 0.00800237
1 0.296563 0.459419 0.0636864 0.0249983
1 0.870912 0.352993 0.00369425 0.0131484
0 0.716586 0.417313 0.00939835 0.0164962
1 0.842467 0.612073 0.0153672 0.0148344
1 0.428927 0.375901 0.0102205 0.0201128
1 0.798095 0.705997 0.0196102 0.0439776
0 0.819941 0.0338963 0.016415 0.00819066
1 0.461453 0.0942332 0.0231491 0.00862237
0 0.531086 0.129219 0.0253434 0.0131297
1 0.615246 0.420476 0.0228358 0.00756182
1 0.395987 0.331058 0.0100286 0.0183911
1 0.127159 0.725463 0.0270688 0.0158422
0 0.921707 0.527817 0.00819516 0.0160013
1 0.376914 0.160792 0.0154377 0.00484571
1 0.152166 0.327029 0.0145862 0.0102104
1 0.558813 0.0477906 0.0225511 0.00776559
1 0.127522 0.63863 0.028649 0.0156613
1 0.352303 0.456124 0.0135015 0.00388355
1 0.989135 0.650556 0.00465462 0.0159352
1 0.461374 0.286786 0.0235982 0.00817083
1 0.882768 0.632331 0.0269079 0.0595709
0 0.601786 0.276932 0.00813675 0.0153107
1 0.146881 0.217012 0.0131902 0.0127472
1 0.809709 0.343013 0.00338201 0.0092159
1 0.870878 0.399574 0.00287653 0.00899552
1 0.427835 0.331501 0.0105422 0.0177122
1 0.152206 0.328761 0.0138229 0.0103278
1 0.689166 0.197216 0.00746492 0.0282029
1 0.88712 0.352348 0.00361439 0.0136733
1 0.970981 0.691694 0.0100038 0.00361852
1 0.853697 0.129499 0.0101802 0.00370724
1 0.637636 0.235823 0.0286362 0.00873125
1 0.637699 0.222411 0.0287577 0.00838494
1 0.46113 0.329231 0.0230638 0.00883246
1 0.524885 0.344999 0.0227896 0.00785568
1 0.19897 0.382947 0.0182799 0.0420312
1 0.98068 0.619944 0.00285564 0.00981046
1 0.799955 0.0518994 0.00313449 0.0104016
1 0.188451 0.726382 0.0275147 0.0145589
1 0.743993 0.197482 0.00725449 0.0279983
1 0.637324 0.290496 0.029558 0.00852372
1 0.528026 0.286773 0.0238964 0.00956998
1 0.843119 0.485313 0.0917461 0.0341061
2 0.673692 0.562226 0.172868 0.116762
1 0.459624 0.345823 0.0226284 0.00869585
1 0.146108 0.24941 0.0145671 0.0124663
1 0.921823 0.518716 0.0084994 0.00270606
1 0.908682 0.439066 0.00396804 0.0106356
1 0.493444 0.329987 0.0223681 0.00742756
1 0.637387 0.276854 0.0283398 0.00873256
1 0.637068 0.263008 0.0285893 0.00831582
1 0.377485 0.130352 0.0149123 0.0045833
1 0.699292 0.161804 0.0036743 0.00992228
1 0.493965 0.286824 0.023492 0.0095843
1 0.853748 0.169701 0.0103808 0.00447004
1 0.729796 0.19791 0.00707889 0.0275915
1 0.637482 0.317882 0.0288758 0.00948134
1 0.675289 0.197996 0.00812293 0.0292252
1 0.661386 0.342081 0.00826751 0.0296296
1 0.757123 0.198223 0.00797572 0.0272957
1 0.661119 0.197889 0.00788635 0.0290558
1 0.7022 0.198132 0.00769399 0.0282395
1 0.675426 0.342599 0.00714274 0.028282
1 0.298298 0.538628 0.0610548 0.0260942
1 0.781357 0.318181 0.0284683 0.00886023
1 0.841398 0.352952 0.00461259 0.013849
1 0.527495 0.329954 0.0218393 0.00748122
1 0.647776 0.422327 0.0236756 0.00797772
1 0.955794 0.650698 0.00510181 0.0170658
1 0.152034 0.296345 0.0120745 0.0104024
1 0.637463 0.249546 0.028186 0.00857757
1 0.781233 0.222105 0.0265515 0.00831932
1 0.601793 0.285951 0.00855111 0.00325597
1 0.637011 0.304175 0.0296902 0.00803191
1 0.71616 0.197821 0.00790436 0.0272624
1 0.716803 0.426312 0.00932743 0.00340534
1 0.11188 0.233297 0.0167112 0.0127784
1 0.781401 0.263281 0.0275524 0.00823737
1 0.888193 0.705818 0.0163587 0.0439671
1 0.781594 0.235824 0.0268304 0.00816559
1 0.648063 0.42074 0.0231845 0.00686692
1 0.408801 0.107618 0.014212 0.00548062
1 0.272519 0.499532 0.0141156 0.0171707
1 0.392431 0.0374798 0.0230795 0.00638022
1 0.733619 0.42617 0.00950504 0.0026091
1 0.903783 0.721074 0.00483535 0.0140772
1 0.68919 0.342092 0.0084276 0.0281172
2 0.153932 0.383035 0.0699529 0.055312
1 0.392511 0.0394757 0.0235531 0.00770162
1 0.781418 0.29134 0.0296159 0.00854505
1 0.716299 0.341737 0.00792994 0.0284399
1 0.681269 0.640963 0.00819541 0.0388793
1 0.694781 0.641106 0.00870489 0.0388957
1 0.627507 0.34752 0.00428772 0.0088616
1 0.640069 0.641213 0.00887586 0.039352
0 0.387469 0.225215 0.0396913 0.0220787
1 0.894648 0.401091 0.00278929 0.00778764
1 0.781668 0.277109 0.0271634 0.00855699
1 0.626567 0.64097 0.00830672 0.0391911
1 0.916004 0.352782 0.0048915 0.014331
1 0.809821 0.0735694 0.00423575 0.00985634
1 0.772601 0.161529 0.00900875 0.00371337
1 0.74369 0.341733 0.00833292 0.0295815
1 0.781524 0.30446 0.0281089 0.00839959
1 0.749244 0.476713 0.00857175 0.0363244
1 0.708281 0.641325 0.00885197 0.0382123
1 0.781322 0.249861 0.0281128 0.00884616
1 0.653185 0.641478 0.00896097 0.0379362
1 0.747901 0.434257 0.00490289 0.0162106
1 0.598066 0.477648 0.00869726 0.0365985
1 0.367241 0.556545 0.0165632 0.00548316
1 0.735765 0.6408 0.00873684 0.040173
1 0.60713 0.347447 0.00475061 0.0105044
1 0.749699 0.635669 0.00855161 0.0286419
1 0.639505 0.476368 0.00794914 0.0369378
1 0.625842 0.476526 0.00810448 0.0377977
1 0.757032 0.342554 0.00801681 0.0296747
1 0.730442 0.341883 0.00738263 0.0287906
1 0.702502 0.341872 0.00786616 0.0280255
1 0.790034 0.183205 0.00847138 0.0028117
