0 0.880373 0.779469 0.0200467 0.0325297
0 0.947764 0.866178 0.0134392 0.0243456
0 0.991783 0.734335 0.0124829 0.024562
0 0.694237 0.932644 0.0128608 0.0250189
2 0.642083 0.235497 0.102766 0.103373
0 0.955733 0.924211 0.0277045 0.0146667
1 0.626863 0.502089 0.0406692 0.0199995
1 0.726503 0.325725 0.0602021 0.0229404
0 0.907649 0.174613 0.0157422 0.00841528
3 0.704211 0.541309 0.037318 0.0667648
3 0.489185 0.578629 0.0518881 0.0700934
0 0.33957 0.576064 0.0326658 0.0214661
0 0.936751 0.776929 0.0140903 0.0269667
0 0.923165 0.879853 0.0127599 0.0244833
0 0.330789 0.208896 0.0153369 0.00882783
0 0.939872 0.97041 0.0131311 0.0254598
0 0.316745 0.22568 0.0156938 0.00865739
1 0.531765 0.360096 0.0307112 0.0884351
0 0.911215 0.751109 0.0130084 0.0248222
0 0.965704 0.777992 0.0132968 0.0248339
2 0.466807 0.231756 0.104745 0.104761
0 0.968095 0.817452 0.0135031 0.0250397
2 0.46525 0.361218 0.103473 0.108343
1 0.726453 0.403785 0.0624125 0.027209
0 0.978459 0.442235 0.0147678 0.00718129
2 0.64254 0.36717 0.103056 0.10375
2 0.345478 0.518369 0.0211217 0.0489178
1 0.326211 0.534605 0.0169694 0.0133521
3 0.627873 0.545979 0.0538373 0.0688805
0 0.957433 0.744425 0.0248704 0.0126293
0 0.530757 0.968696 0.0117091 0.0241664
1 0.327284 0.502012 0.016807 0.0132398
0 0.708389 0.451971 0.0160415 0.00870992
0 0.979832 0.478726 0.0258768 0.013816
1 0.382009 0.268666 0.0657601 0.0284887
0 0.522445 0.888749 0.0328314 0.0204623
0 0.444563 0.984107 0.0250643 0.0127261
1 0.532711 0.228637 0.0288728 0.0894568
0 0.960385 0.901566 0.0268042 0.014286
0 0.960441 0.702292 0.012712 0.0251654
0 0.771348 0.230199 0.00838696 0.0164456
1 0.487977 0.534115 0.0411718 0.021065
0 0.742563 0.2454 0.0169004 0.00881007
1 0.704143 0.499519 0.0265036 0.0142568
1 0.626721 0.591158 0.0409368 0.0203774
1 0.726606 0.273717 0.0603239 0.0271004
1 0.936888 0.760751 0.0176577 0.00397329
1 0.88028 0.799928 0.0227132 0.00803544
1 0.381 0.323379 0.0621117 0.0282502
0 0.850778 0.98589 0.0257612 0.0120995
1 0.693807 0.917809 0.014457 0.00414182
0 0.640971 0.912535 0.0128751 0.0253358
0 0.708325 0.435797 0.016762 0.00921309
0 0.373517 0.945968 0.01325 0.0255046
1 0.381554 0.190367 0.0664667 0.0255427
0 0.334269 0.311376 0.00849186 0.0153619
1 0.577704 0.233919 0.0315634 0.0893503
0 0.316819 0.24188 0.0159867 0.00821705
1 0.910789 0.736625 0.0146637 0.00423225
1 0.362991 0.518452 0.0135889 0.00922678
1 0.917651 0.174907 0.00409411 0.0101547
1 0.48986 0.62342 0.0416263 0.0202437
1 0.577783 0.364505 0.0307791 0.0893039
1 0.501962 0.889323 0.00629891 0.0227692
1 0.965616 0.762806 0.0146075 0.00456882
1 0.97224 0.744558 0.00341003 0.0140961
1 0.340109 0.209041 0.00299407 0.010069
1 0.717639 0.195503 0.0485555 0.0232953
1 0.543981 0.889284 0.00803638 0.022568
1 0.965929 0.792835 0.014818 0.00414564
1 0.698128 0.451529 0.00340596 0.0105434
1 0.936362 0.793061 0.0166805 0.0048653
1 0.972457 0.923913 0.00485123 0.0172407
1 0.318082 0.575785 0.00776469 0.0256415
1 0.880372 0.75868 0.0237819 0.00727938
1 0.922729 0.894189 0.0142884 0.00417959
1 0.964356 0.478842 0.00428797 0.0156152
1 0.939743 0.954824 0.0136101 0.00535152
1 0.967819 0.832044 0.0158302 0.00368775
1 0.731505 0.245876 0.00421311 0.0096249
1 0.36112 0.575201 0.00814103 0.0230615
1 0.753149 0.245183 0.00347844 0.00949275
1 0.939682 0.924621 0.00479245 0.016814
1 0.38151 0.400223 0.0659534 0.0263002
1 0.923282 0.864418 0.0144765 0.00392701
1 0.879632 0.757422 0.0221039 0.00855067
1 0.995109 0.478875 0.0053115 0.0158301
1 0.698602 0.435833 0.0029168 0.0100335
1 0.702384 0.236091 0.0165754 0.0168473
1 0.334095 0.301824 0.00917244 0.00317977
1 0.725642 0.193733 0.0612894 0.0258536
1 0.404932 0.358484 0.0135603 0.0176824
1 0.693927 0.947827 0.0149016 0.00435326
0 0.687937 0.823363 0.0119903 0.0226741
1 0.942839 0.744528 0.00467107 0.0141014
0 0.626162 0.815075 0.00902126 0.0180555
1 0.947824 0.880278 0.0145523 0.00510769
1 0.987708 0.441775 0.00261551 0.00866974
1 0.707319 0.368096 0.0243022 0.0186189
1 0.94 0.986049 0.014596 0.00567815
1 0.640966 0.927505 0.0140485 0.00473004
1 0.705016 0.584088 0.0264668 0.0153747
1 0.943043 0.901383 0.00472216 0.0157723
1 0.967696 0.802346 0.0155852 0.00486255
1 0.960177 0.685913 0.015019 0.00570391
