0 0.237965 0.906934 0.0157897 0.00845193
0 0.602721 0.914303 0.0164273 0.00867962
0 0.122364 0.75184 0.0138264 0.0267916
0 0.201869 0.755017 0.00841224 0.0154226
0 0.155479 0.787937 0.0150352 0.00848401
0 0.721774 0.620696 0.00832592 0.0168825
0 0.435025 0.957086 0.0150767 0.00781907
0 0.245599 0.397487 0.0141949 0.0249816
0 0.196537 0.860954 0.0152473 0.00751946
0 0.0521449 0.477739 0.0142638 0.02674
0 0.181989 0.711553 0.0155179 0.00850202
0 0.189018 0.0360694 0.00857145 0.0157557
0 0.739112 0.625607 0.00938322 0.0161913
0 0.381634 0.954091 0.0087425 0.0160308
0 0.200674 0.526339 0.0156923 0.00841544
0 0.404389 0.953682 0.00868016 0.0159264
0 0.159123 0.394088 0.0140736 0.0256575
0 0.318676 0.400369 0.0158954 0.0086038
0 0.381973 0.913051 0.00859611 0.0168271
0 0.0445721 0.834886 0.0257662 0.0144952
0 0.196385 0.883641 0.015668 0.00839133
0 0.158123 0.467323 0.0133648 0.023945
0 0.335105 0.955209 0.0148947 0.00841954
0 0.759744 0.579691 0.0133514 0.024932
0 0.108736 0.516874 0.00853568 0.0157773
0 0.547547 0.11319 0.00834299 0.016187
0 0.684865 0.62081 0.00792144 0.0158968
0 0.43511 0.934594 0.0153603 0.00815601
0 0.459678 0.967426 0.00834753 0.015791
0 0.224019 0.397294 0.0129978 0.0250284
0 0.13606 0.980532 0.0276385 0.0148239
0 0.548592 0.150102 0.0171797 0.00974227
0 0.295114 0.456939 0.0165977 0.00945282
0 0.168146 0.582847 0.0128537 0.0240847
0 0.328288 0.919502 0.0155295 0.00836894
0 0.29969 0.426834 0.00865699 0.0156061
0 0.703866 0.620726 0.00833155 0.0158523
0 0.196978 0.834549 0.0149312 0.0084862
0 0.207711 0.473821 0.0128173 0.0238288
0 0.775264 0.290793 0.0203623 0.0332391
0 0.200697 0.505214 0.015798 0.00862312
0 0.205281 0.659529 0.0144067 0.0269143
0 0.272466 0.452958 0.00798763 0.0154334
3 0.690997 0.770979 0.0389417 0.0496959
0 0.196609 0.907778 0.0153969 0.00838233
0 0.358763 0.912527 0.008619 0.0161302
0 0.0960697 0.979682 0.0251392 0.0136866
0 0.581885 0.12027 0.00914308 0.0159063
0 0.156304 0.738398 0.0161282 0.00799798
0 0.237616 0.864152 0.0155949 0.00831116
0 0.244897 0.348943 0.0137975 0.025727
0 0.358905 0.953683 0.00838458 0.0149903
0 0.602508 0.897367 0.0150881 0.0087279
0 0.185874 0.547664 0.00852369 0.0155787
0 0.127905 0.646567 0.0158392 0.00851966
0 0.0760982 0.402682 0.0130423 0.0241382
1 0.300198 0.372277 0.00721941 0.0148516
0 0.621202 0.861862 0.0161176 0.00808047
0 0.404627 0.913074 0.00812624 0.0157179
0 0.151276 0.824133 0.0129041 0.0249602
0 0.772693 0.748941 0.0080931 0.0152128
0 0.348781 0.375959 0.00832892 0.0155458
0 0.115199 0.339338 0.0127578 0.0233
0 0.197314 0.794183 0.0149505 0.00787447
0 0.107911 0.380072 0.0131768 0.024761
0 0.293419 0.940338 0.0209183 0.0312772
0 0.240928 0.516988 0.0161964 0.00830316
0 0.201798 0.396994 0.0138855 0.0269433
0 0.076255 0.602468 0.0269566 0.0144035
1 0.774884 0.269968 0.0233888 0.00829215
0 0.283175 0.427217 0.0086552 0.0151448
0 0.359339 0.424307 0.0160622 0.00873269
0 0.0560387 0.671189 0.0126098 0.0250634
1 0.742342 0.270654 0.023643 0.00976813
0 0.742836 0.293006 0.0200643 0.0329993
0 0.130419 0.477413 0.0130764 0.0245758
0 0.188737 0.727897 0.0157535 0.00821586
0 0.0782276 0.917161 0.0160122 0.0268631
0 0.0835515 0.517144 0.0140579 0.0248995
0 0.571049 0.208615 0.00985668 0.0171751
0 0.107493 0.434508 0.0131784 0.0254305
2 0.380313 0.357239 0.0324802 0.0178638
0 0.172275 0.351846 0.0129595 0.0254766
0 0.291217 0.248521 0.00919486 0.015934
0 0.095235 0.17974 0.0261161 0.0143595
0 0.0864804 0.701974 0.0275283 0.0144377
0 0.582566 0.254947 0.00993347 0.0167792
0 0.12895 0.710141 0.0159881 0.00868563
0 0.0388692 0.579795 0.0126427 0.0254271
0 0.125337 0.951755 0.02803 0.0147541
0 0.121877 0.586242 0.0246035 0.0140357
0 0.251965 0.463563 0.00791431 0.0158231
0 0.244882 0.176553 0.00930875 0.0162116
0 0.0729672 0.882782 0.0256334 0.0132306
0 0.0711345 0.624466 0.0290872 0.0153108
0 0.0495225 0.952491 0.0199259 0.033684
0 0.564592 0.963903 0.0168088 0.00854511
0 0.00813547 0.812159 0.0147072 0.0273306
0 0.180945 0.978624 0.0283767 0.01439
0 0.108414 0.47801 0.0130642 0.0268557
0 0.0262477 0.452619 0.0143152 0.0252908
0 0.806504 0.289281 0.013212 0.0251625
0 0.555501 0.912665 0.00837564 0.0152504
0 0.575987 0.0652383 0.0083418 0.015973
0 0.585849 0.0270723 0.0130129 0.0236082
0 0.239937 0.438166 0.0162957 0.00893827
0 0.131584 0.384136 0.0147597 0.0257129
0 0.0624777 0.566578 0.0128991 0.0253195
0 0.467599 0.941672 0.0153787 0.00835894
0 0.737391 0.530689 0.0100256 0.0170634
1 0.0492731 0.930917 0.024021 0.00914502
1 0.700412 0.169731 0.0209446 0.0417544
0 0.0808888 0.477743 0.013793 0.0256524
0 0.561883 0.98483 0.0171276 0.00876793
2 0.311783 0.356192 0.0327891 0.016573
0 0.0734126 0.445101 0.0250704 0.012765
0 0.600041 0.120059 0.00973298 0.0166966
1 0.293251 0.9191 0.0240124 0.00935626
0 0.0937628 0.141926 0.014581 0.00759902
1 0.743292 0.313579 0.0233989 0.00796271
0 0.122796 0.60905 0.0257687 0.0135019
1 0.0496249 0.972932 0.0233327 0.00740164
5 0.433758 0.687798 0.339171 0.343716
0 0.169888 0.54513 0.00886711 0.0161011
0 0.625262 0.878808 0.0148363 0.00810267
0 0.653299 0.712247 0.00810135 0.0167185
0 0.175244 0.502843 0.00792746 0.0150534
3 0.746844 0.169777 0.0699439 0.0554578
1 0.322258 0.372855 0.00719946 0.0147961
0 0.589226 0.277749 0.0161467 0.0091231
0 0.348549 0.343468 0.00785527 0.0154568
0 0.0844401 0.948642 0.0282989 0.0144031
0 0.751222 0.672068 0.0248938 0.0131483
0 0.273843 0.248294 0.00822008 0.0148551
0 0.518006 0.147555 0.0156658 0.00869274
0 0.729411 0.69995 0.015265 0.00825313
0 0.154041 0.293446 0.0238308 0.0133304
1 0.0581968 0.444689 0.00443324 0.0137195
0 0.267389 0.930114 0.00928985 0.0157374
1 0.206673 0.793996 0.00233978 0.0092936
0 0.548045 0.0800263 0.00766817 0.0146899
1 0.425202 0.957002 0.0037445 0.00986381
0 0.653968 0.756474 0.00850559 0.015944
1 0.0625724 0.551021 0.0148105 0.0044627
1 0.284667 0.457039 0.002992 0.0108491
1 0.0754331 0.387208 0.0151559 0.00460659
0 0.274634 0.204311 0.00797512 0.0154085
1 0.368357 0.340239 0.00757067 0.0148849
1 0.252153 0.473501 0.00996996 0.00312517
1 0.175258 0.512396 0.00902116 0.00337385
1 0.283286 0.417437 0.0101982 0.00354983
1 0.585155 0.0121718 0.0162178 0.0050038
0 0.702982 0.543526 0.00876936 0.016608
0 0.127914 0.629816 0.0164791 0.00847063
1 0.151496 0.807892 0.0155518 0.00493265
1 0.300016 0.417185 0.00969268 0.00334812
1 0.159489 0.379489 0.015303 0.00392295
1 0.245047 0.363768 0.0144658 0.00424979
1 0.191146 0.504954 0.00301431 0.00983501
0 0.237777 0.882512 0.0158861 0.00807453
1 0.13732 0.646188 0.00297553 0.0107247
1 0.0578753 0.882276 0.00402536 0.0159666
1 0.548218 0.0895506 0.00909761 0.00434764
1 0.168622 0.293326 0.0044285 0.0151988
1 0.207253 0.488288 0.0147171 0.00407135
1 0.737229 0.519985 0.0108092 0.00372433
1 0.653652 0.722351 0.00913764 0.00329852
0 0.206878 0.777436 0.0162432 0.00946376
1 0.0595265 0.835548 0.00458285 0.0166204
0 0.592496 0.941382 0.0153551 0.00780462
1 0.20658 0.834341 0.00346196 0.00961854
1 0.152494 0.980078 0.004389 0.0163714
1 0.205023 0.644286 0.0149077 0.00419198
1 0.790357 0.170773 0.0208304 0.0415052
1 0.358606 0.902847 0.00971653 0.00313793
1 0.584994 0.0416919 0.01656 0.0057127
1 0.293665 0.960417 0.0226501 0.00908173
1 0.107557 0.448484 0.0143864 0.00369335
1 0.206131 0.907647 0.0037925 0.00917528
1 0.167901 0.597422 0.0149126 0.00414851
1 0.575945 0.0746742 0.00964174 0.00300068
1 0.574423 0.963786 0.00268292 0.00956213
1 0.246715 0.864337 0.0025298 0.0104037
1 0.457377 0.941016 0.00331603 0.0092255
1 0.1587 0.409077 0.015194 0.00447464
1 0.137501 0.608429 0.00345541 0.0148796
1 0.081347 0.979862 0.00442886 0.0151467
1 0.612989 0.914683 0.00326469 0.010021
1 0.23034 0.438389 0.00219767 0.010511
1 0.11492 0.324819 0.0135632 0.00399227
1 0.300676 0.339657 0.00585059 0.0153962
1 0.192231 0.711458 0.00375915 0.00936033
1 0.5999 0.130235 0.0106206 0.00393666
1 0.205349 0.674764 0.015766 0.00461391
0 0.461496 0.921674 0.0141693 0.00812349
1 0.169493 0.535474 0.0097329 0.00374297
1 0.57092 0.197652 0.0112629 0.00426033
1 0.775337 0.312747 0.0237396 0.00861318
1 0.381552 0.903224 0.00945807 0.00319628
1 0.137148 0.585925 0.00396159 0.0145359
1 0.20204 0.745948 0.00848467 0.003144
1 0.380352 0.373881 0.00565135 0.0130472
1 0.028746 0.835463 0.00460119 0.0149123
1 0.653495 0.746147 0.00995824 0.00329065
0 0.771907 0.790606 0.0072321 0.0155125
0 0.234294 0.463775 0.00834895 0.01547
1 0.157888 0.481677 0.0146552 0.00438922
1 0.459366 0.95788 0.00887148 0.00372508
1 0.108898 0.527505 0.00912574 0.00383258
1 0.186079 0.557866 0.00907415 0.00396716
1 0.0760364 0.417264 0.014757 0.00446185
1 0.425558 0.934702 0.00283623 0.00901019
1 0.205976 0.883835 0.00367665 0.00910243
1 0.0778354 0.902017 0.0164197 0.00380538
1 0.349548 0.385402 0.00978348 0.00448843
1 0.0835781 0.533086 0.0157262 0.00576663
1 0.199133 0.728291 0.00319517 0.00870758
1 0.404375 0.903055 0.00973451 0.00314975
1 0.325468 0.955237 0.00368544 0.0110794
1 0.582153 0.130015 0.010169 0.00380591
1 0.527274 0.14745 0.00330803 0.00967759
1 0.189076 0.0261898 0.00912314 0.00311247
1 0.582335 0.244452 0.0112373 0.00396561
1 0.108097 0.395658 0.0142007 0.00504647
1 0.107333 0.609094 0.00502661 0.0151884
1 0.0620613 0.581681 0.0154192 0.00397085
1 0.559011 0.150239 0.00278279 0.0106352
1 0.690934 0.741342 0.0177773 0.010596
1 0.19798 0.979134 0.00548866 0.0171075
1 0.382041 0.963599 0.00938447 0.00445894
1 0.107625 0.449144 0.0143735 0.00388574
1 0.690253 0.800683 0.0170467 0.009655
1 0.273974 0.238772 0.00993372 0.00321501
1 0.309209 0.400299 0.00315441 0.00970306
1 0.116248 0.354041 0.0127771 0.00440985
1 0.471441 0.921228 0.00392736 0.00976319
1 0.582623 0.941514 0.00304413 0.00897267
1 0.404577 0.963769 0.00959862 0.00398924
1 0.107021 0.586327 0.00437987 0.0140394
1 0.75937 0.564539 0.0148028 0.00461034
1 0.205967 0.860873 0.00346808 0.00905371
1 0.739343 0.635619 0.0101453 0.00380588
1 0.0385284 0.564791 0.0139023 0.00415802
1 0.146078 0.787835 0.00429976 0.00944994
1 0.291119 0.238974 0.00948143 0.00375449
1 0.19118 0.526376 0.00269479 0.00773658
1 0.772629 0.739121 0.00921556 0.00369957
1 0.317302 0.919229 0.00411803 0.00928241
1 0.245899 0.882453 0.00248903 0.00884603
1 0.12248 0.768575 0.0171428 0.00484967
1 0.130089 0.463403 0.013976 0.00446648
1 0.736666 0.672596 0.00422456 0.0145726
1 0.234873 0.473481 0.00921779 0.00404095
1 0.550682 0.985146 0.00330759 0.0106981
1 0.0882641 0.624249 0.00573054 0.0181289
1 0.0596491 0.601491 0.0047733 0.015898
1 0.0625798 0.582374 0.0141483 0.00437427
1 0.22369 0.411884 0.0138049 0.00484401
2 0.746337 0.169386 0.0695502 0.0542338
1 0.1071 0.419796 0.0144429 0.00482691
1 0.369076 0.373824 0.0054113 0.0147216
1 0.612739 0.897126 0.00335218 0.00950616
1 0.57232 0.505201 0.00535358 0.0281066
1 0.737518 0.541377 0.0107022 0.00421668
1 0.0888426 0.444951 0.00423932 0.0145091
1 0.208081 0.458883 0.0139358 0.00472259
1 0.0524169 0.494782 0.0173079 0.00501539
1 0.0077866 0.795178 0.0150105 0.00579871
1 0.580602 0.504891 0.00537134 0.0279887
1 0.598167 0.277296 0.00311886 0.0094036
1 0.685008 0.629646 0.00899337 0.00350289
1 0.231767 0.516826 0.00342579 0.00987938
1 0.103602 0.700985 0.00518082 0.0157781
1 0.274772 0.213797 0.00904155 0.00403465
1 0.114733 0.354399 0.0152454 0.00450957
1 0.615743 0.565025 0.0292799 0.00556358
1 0.349084 0.424317 0.0042461 0.00934316
1 0.738679 0.700217 0.0032408 0.00907379
1 0.151492 0.838676 0.0150183 0.00478313
1 0.703089 0.533365 0.00936577 0.00476931
1 0.120136 0.980524 0.00419931 0.0158582
0 0.0055281 0.715551 0.00975579 0.0185825
1 0.0885415 0.883003 0.00481677 0.0151933
1 0.246726 0.882649 0.00284222 0.00887167
1 0.0787998 0.933125 0.0167414 0.0057106
1 0.168687 0.568383 0.0135096 0.00452648
1 0.555367 0.902551 0.00936527 0.0028811
1 0.20152 0.380758 0.0158912 0.00508224
1 0.521018 0.504985 0.00571085 0.0290068
1 0.247562 0.685061 0.0279703 0.00616599
1 0.142579 0.951614 0.00581502 0.0161469
1 0.347848 0.354212 0.00855496 0.00427699
1 0.486825 0.504639 0.00511732 0.0293541
1 0.615646 0.57359 0.0291414 0.00526522
1 0.615049 0.55655 0.029392 0.00607037
1 0.338696 0.919209 0.00405102 0.00995161
1 0.246889 0.59107 0.0293956 0.00560998
1 0.529425 0.504776 0.00585175 0.0292366
1 0.644449 0.94565 0.00339064 0.00884728
1 0.108348 0.494468 0.0148265 0.00492703
