3 0.714487 0.67314 0.068745 0.0527365
5 0.353559 0.500139 0.164602 0.166994
0 0.0995378 0.0317961 0.0147123 0.0087337
2 0.582934 0.540232 0.0930922 0.103772
2 0.575231 0.414527 0.0927076 0.10307
0 0.590731 0.61567 0.0250399 0.011903
0 0.481324 0.342012 0.00823678 0.0152698
0 0.286662 0.684422 0.0126316 0.0246291
0 0.587918 0.664125 0.0140956 0.0254452
0 0.0892934 0.323216 0.0155694 0.00810945
3 0.133945 0.686603 0.0732348 0.0569594
0 0.468635 0.627798 0.0227865 0.0117607
0 0.34114 0.653736 0.0249351 0.0131517
0 0.593208 0.341956 0.0152717 0.00820079
0 0.531609 0.313453 0.0241636 0.0515558
0 0.333021 0.691464 0.013001 0.024184
0 0.308928 0.677617 0.0127025 0.024332
0 0.21238 0.565792 0.0133461 0.0252726
0 0.19212 0.381369 0.0152005 0.00786437
0 0.670147 0.418479 0.0242946 0.0122106
0 0.583528 0.698197 0.0262771 0.0141969
0 0.260651 0.600265 0.015795 0.00822536
0 0.636464 0.123022 0.00743222 0.0153895
3 0.594716 0.0990523 0.0487612 0.0816106
0 0.150906 0.380095 0.0150605 0.00712463
0 0.262156 0.63098 0.0274876 0.0144924
0 0.109753 0.0144306 0.0154118 0.00836095
0 0.208716 0.701591 0.0244246 0.0124757
0 0.716076 0.121788 0.00891063 0.0162602
0 0.0617938 0.151474 0.00811044 0.0156113
0 0.448482 0.599976 0.00809704 0.0150154
1 0.662264 0.500377 0.0640079 0.0269148
0 0.414064 0.699762 0.0318971 0.0190995
0 0.465031 0.66826 0.0241908 0.0129104
0 0.427061 0.291138 0.0432974 0.0538229
0 0.624284 0.646373 0.0259578 0.0132484
0 0.682364 0.620199 0.0272403 0.0145912
0 0.624227 0.699521 0.0259625 0.0132761
0 0.510606 0.668684 0.0256766 0.0130987
0 0.413302 0.670829 0.0243476 0.0120432
0 0.509848 0.618826 0.0246245 0.01296
0 0.516204 0.692698 0.0250623 0.0133676
0 0.706383 0.452961 0.00858376 0.0152231
0 0.260799 0.661832 0.00875045 0.016173
0 0.355094 0.261039 0.0442395 0.0545718
1 0.531595 0.281792 0.0286143 0.0113387
1 0.426346 0.324014 0.052623 0.0107855
0 0.145597 0.333366 0.0248026 0.0125582
0 0.24985 0.697715 0.0263983 0.0137996
1 0.0932389 0.615181 0.0264803 0.062832
1 0.270356 0.600082 0.00310504 0.00979552
0 0.190834 0.332675 0.0255194 0.0127131
0 0.0791457 0.171664 0.00796255 0.0154547
1 0.668559 0.674073 0.0206177 0.041847
1 0.394046 0.699856 0.00796199 0.0233736
1 0.479664 0.668413 0.00442492 0.0141262
1 0.495208 0.618768 0.00400102 0.014683
0 0.109814 0.0538431 0.015989 0.00826509
0 0.143176 0.0994633 0.00913525 0.0157135
0 0.298607 0.648114 0.0147213 0.00805545
0 0.0537974 0.414552 0.0269997 0.0142927
1 0.654693 0.377759 0.0646486 0.0281304
0 0.208731 0.419414 0.0172483 0.00944028
0 0.635872 0.0688177 0.00856818 0.0155496
0 0.143109 0.13916 0.00914258 0.015968
1 0.434753 0.69985 0.00892236 0.0232777
0 0.741552 0.271483 0.00892477 0.0166279
1 0.661905 0.578302 0.0599592 0.0259878
1 0.211965 0.550616 0.0137705 0.00444175
1 0.35465 0.293639 0.0506572 0.00959237
1 0.0869141 0.686487 0.0203377 0.0432286
1 0.510705 0.416204 0.0369425 0.0931491
1 0.531632 0.34543 0.0294826 0.0116407
1 0.223199 0.700769 0.00414848 0.0148325
1 0.516538 0.541266 0.0389825 0.0950203
0 0.210835 0.507943 0.00835975 0.0161934
1 0.684994 0.418507 0.00498212 0.0145819
1 0.598502 0.698077 0.00374722 0.0161514
1 0.332551 0.676272 0.0152575 0.00374266
1 0.17199 0.612597 0.0268194 0.0600054
1 0.159923 0.332957 0.00330198 0.0141301
1 0.355398 0.653038 0.00470593 0.0149941
0 0.748639 0.621707 0.0260703 0.0131266
1 0.656681 0.455002 0.0634799 0.0276475
1 0.604876 0.615341 0.00515147 0.0139369
0 0.469011 0.297651 0.00826554 0.0159996
1 0.425885 0.258231 0.0529708 0.0112118
1 0.741577 0.261414 0.00962805 0.0032658
1 0.308468 0.692295 0.0137346 0.00430179
1 0.326228 0.653367 0.00552931 0.0158307
2 0.13163 0.532836 0.109724 0.101495
1 0.130811 0.46756 0.0905193 0.0371966
1 0.354947 0.227213 0.05299 0.0117591
1 0.15993 0.380034 0.00260234 0.00933647
0 0.0231805 0.39741 0.00858877 0.0152546
1 0.278004 0.631216 0.00397773 0.0159266
1 0.48087 0.332617 0.00855505 0.00358844
1 0.131981 0.591909 0.0159396 0.015691
1 0.285791 0.669313 0.0141483 0.00426627
1 0.260616 0.652213 0.00959657 0.00308253
1 0.698081 0.619923 0.00554182 0.0156351
1 0.590768 0.0528906 0.04125 0.0115288
0 0.00608541 0.39691 0.0088504 0.017204
1 0.333067 0.706032 0.0146042 0.0049658
1 0.637847 0.539082 0.0182977 0.0160871
1 0.636368 0.113362 0.00874347 0.00333247
1 0.175825 0.332272 0.00337541 0.0145102
1 0.197749 0.419577 0.0042622 0.0111551
1 0.495349 0.668379 0.00356186 0.0138896
1 0.631538 0.415846 0.0190227 0.0149924
1 0.308426 0.649149 0.00388752 0.00935533
1 0.308024 0.64807 0.00326848 0.00882458
1 0.286482 0.698422 0.0139843 0.0039257
1 0.576272 0.615765 0.00497818 0.0129382
1 0.448234 0.589942 0.00896107 0.00329071
1 0.758909 0.671919 0.0182648 0.0378201
1 0.0898646 0.0320567 0.00321067 0.00984155
1 0.143444 0.12894 0.0105203 0.00349799
1 0.450417 0.668078 0.00463282 0.0147481
1 0.451817 0.494981 0.0292889 0.00558006
1 0.245661 0.63135 0.00415647 0.0174738
1 0.357244 0.400667 0.00599408 0.0308119
1 0.408744 0.598424 0.00488484 0.0290728
1 0.417301 0.598079 0.00528176 0.0289751
1 0.45173 0.486359 0.0290068 0.00554257
1 0.21199 0.580626 0.0146466 0.004773
1 0.452069 0.529283 0.0297243 0.00582904
1 0.0616532 0.160677 0.00934558 0.0026795
1 0.400255 0.59876 0.00514681 0.0287035
1 0.591655 0.146445 0.0400334 0.0124606
1 0.567669 0.698053 0.00473116 0.0160522
1 0.469174 0.307551 0.00927675 0.00394286
1 0.667144 0.62042 0.00422931 0.0168336
1 0.635997 0.058887 0.00950935 0.00381373
1 0.182531 0.38141 0.00322603 0.00947893
1 0.451521 0.520748 0.0296168 0.00592757
1 0.00595975 0.386593 0.00953348 0.00343263
1 0.323127 0.598375 0.00509919 0.0294478
1 0.400089 0.401193 0.00536006 0.029795
1 0.408939 0.400346 0.00506288 0.0304321
1 0.427956 0.670136 0.00537037 0.0135614
1 0.451235 0.435261 0.0289435 0.0054749
1 0.0991329 0.323224 0.00420341 0.00925636
1 0.348862 0.598385 0.00518533 0.02988
1 0.0229567 0.387331 0.0094385 0.00340118
1 0.357673 0.597989 0.00583661 0.0288733
1 0.417004 0.400726 0.00540564 0.0296202
1 0.254344 0.435113 0.0291898 0.00557005
1 0.254463 0.44385 0.0298905 0.00564919
1 0.331854 0.59841 0.00528379 0.0295851
1 0.45166 0.503491 0.0295984 0.00525525
1 0.348848 0.400307 0.0056087 0.0298681
1 0.254164 0.486553 0.0302255 0.00590224
1 0.759914 0.667424 0.0179837 0.028465
1 0.323405 0.400331 0.00554513 0.0305497
1 0.716055 0.111882 0.00951529 0.00371954
1 0.254151 0.52042 0.0303289 0.00570538
1 0.254201 0.495427 0.0302768 0.00600505
1 0.143301 0.0898587 0.0103507 0.00297241
1 0.25393 0.529183 0.0309752 0.00559059
1 0.314778 0.400403 0.00521075 0.0305288
1 0.45157 0.512206 0.0298598 0.00547959
1 0.3149 0.598436 0.00451304 0.0288022
1 0.254234 0.504023 0.0303252 0.00640879
1 0.340206 0.598616 0.00548381 0.0292969
1 0.525059 0.619024 0.00553306 0.0154836
1 0.451593 0.443984 0.0291544 0.00618575
1 0.482041 0.627852 0.0047251 0.0131092
1 0.450898 0.478013 0.0296618 0.00582732
1 0.253863 0.451862 0.0298073 0.00619566
1 0.365644 0.400399 0.0058464 0.031171
1 0.254252 0.512344 0.0303603 0.00621939
1 0.583321 0.341826 0.00407954 0.00891326
1 0.21116 0.517958 0.00953823 0.00437333
1 0.331874 0.400352 0.00568021 0.0305799
1 0.178083 0.68564 0.0177185 0.0432074
1 0.120253 0.0141601 0.00422608 0.00985566
1 0.526148 0.668174 0.00407804 0.0151539
1 0.00603257 0.408191 0.00944965 0.00580531
1 0.120275 0.0536202 0.00362769 0.00940286
1 0.25387 0.537448 0.0310308 0.00574087
1 0.193422 0.700414 0.00519956 0.0147063
1 0.340306 0.400236 0.00541062 0.0304341
1 0.451784 0.537726 0.0299619 0.00602472
1 0.205448 0.332464 0.00420237 0.0139929
1 0.254129 0.477803 0.0300249 0.00647826
1 0.306341 0.598605 0.00512248 0.0278268
1 0.0366262 0.414623 0.00482313 0.015372
1 0.70577 0.463237 0.00918604 0.00448324
1 0.210717 0.497698 0.0093832 0.00404667
1 0.306486 0.400425 0.00531985 0.0300871
1 0.455824 0.627768 0.00406068 0.012574
1 0.130592 0.332528 0.0046246 0.0148417
1 0.325292 0.653792 0.00537516 0.0151914
