5 0.706991 0.269159 0.112174 0.114995
3 0.844435 0.705575 0.0737739 0.0574505
0 0.90144 0.400318 0.014747 0.00766398
0 0.558502 0.0677299 0.0194641 0.033186
0 0.81931 0.0724484 0.0150294 0.00806134
0 0.860996 0.399241 0.0145014 0.00811005
1 0.150989 0.326927 0.0147482 0.0119372
0 0.771884 0.170249 0.00809135 0.0154969
0 0.708669 0.161676 0.0152657 0.00823534
2 0.213517 0.496771 0.103322 0.107963
0 0.459672 0.36655 0.0210892 0.033172
1 0.150914 0.294088 0.0144689 0.0135671
0 0.591814 0.0687397 0.0199928 0.0324964
0 0.799345 0.342807 0.01556 0.00837889
1 0.613098 0.377464 0.0244817 0.00897964
0 0.613444 0.399035 0.0198698 0.0329439
0 0.377134 0.144224 0.0134515 0.0248916
0 0.31597 0.508861 0.0170114 0.0092659
3 0.187572 0.681422 0.0389504 0.0689512
0 0.809339 0.0507681 0.0142919 0.0081353
1 0.427893 0.375403 0.0110394 0.0199767
0 0.920733 0.527196 0.00817527 0.0154212
0 0.715887 0.416004 0.00888362 0.0161239
0 0.763615 0.433289 0.0268447 0.0146462
0 0.921859 0.584284 0.0128538 0.0258372
3 0.152492 0.382353 0.068525 0.0543604
0 0.493358 0.306853 0.0202647 0.0328027
0 0.856407 0.350398 0.0240889 0.0129254
0 0.647005 0.398907 0.0208638 0.0338896
1 0.108268 0.381924 0.0196151 0.0409844
0 0.732558 0.415741 0.00859382 0.0158119
0 0.407621 0.0918978 0.0127907 0.0240579
0 0.461174 0.307968 0.0206096 0.0317289
0 0.460416 0.113519 0.0203221 0.0330079
0 0.600624 0.276247 0.00857663 0.0157448
0 0.971353 0.64984 0.0272388 0.0141546
0 0.438667 0.0201642 0.032657 0.0190849
0 0.491699 0.365263 0.0210917 0.0320839
0 0.616467 0.345943 0.0155935 0.00839115
0 0.526425 0.306272 0.019167 0.0337198
2 0.412312 0.352805 0.0483984 0.0260779
0 0.674679 0.439101 0.0160474 0.00867212
0 0.919226 0.719823 0.0237532 0.0123841
0 0.531276 0.153265 0.025678 0.0142252
1 0.460498 0.0917108 0.0248173 0.00945183
0 0.524665 0.364405 0.020179 0.0313045
0 0.819402 0.0334952 0.0160506 0.00832091
0 0.852702 0.15833 0.00899481 0.016264
0 0.853175 0.117635 0.00945538 0.0162326
3 0.126576 0.682307 0.0391474 0.0699715
0 0.899462 0.350698 0.0247059 0.0124053
1 0.45927 0.386716 0.0237046 0.00805533
0 0.530644 0.12786 0.0257323 0.0140739
0 0.959791 0.716655 0.026284 0.0145866
0 0.919072 0.437919 0.0158279 0.0090004
1 0.296926 0.459012 0.0651263 0.0252511
1 0.115752 0.310521 0.01518 0.0103214
1 0.647492 0.42007 0.0235718 0.00835165
1 0.614287 0.419949 0.0233117 0.00749066
0 0.367228 0.539604 0.0141399 0.0264063
1 0.803622 0.633924 0.0261407 0.0633415
0 0.351565 0.469072 0.0125452 0.0248724
1 0.647162 0.378054 0.0234287 0.00695322
0 0.970438 0.619104 0.0152929 0.00816808
1 0.557775 0.0884442 0.0222824 0.00869807
1 0.187817 0.638197 0.0281695 0.0170391
0 0.970304 0.680897 0.00875998 0.0161592
1 0.491596 0.385912 0.0236177 0.00881398
1 0.911146 0.40036 0.0037349 0.00926327
1 0.395262 0.375128 0.0102546 0.019335
0 0.530478 0.176915 0.0259155 0.0134687
2 0.128542 0.231905 0.0184096 0.0443907
0 0.696734 0.0622171 0.0136097 0.0248362
1 0.592014 0.0887082 0.0234597 0.00725761
1 0.809053 0.342608 0.00313549 0.00966597
2 0.133616 0.311477 0.0173774 0.0478702
1 0.8699 0.350729 0.00399543 0.0140596
1 0.523996 0.386 0.0234842 0.00891961
1 0.732106 0.425883 0.00900006 0.00339136
1 0.84164 0.611305 0.0156359 0.0136444
1 0.145073 0.215787 0.0148526 0.0132026
1 0.797547 0.70521 0.0199134 0.0436625
1 0.881627 0.632926 0.0267814 0.0579049
2 0.841999 0.551266 0.109201 0.100428
1 0.126552 0.637567 0.0284764 0.014049
1 0.716051 0.425928 0.00984148 0.00337376
1 0.526322 0.32768 0.0212839 0.0092563
1 0.19723 0.381989 0.0196182 0.0410218
1 0.411571 0.375031 0.0103095 0.0197142
1 0.492961 0.285453 0.0228747 0.00794267
1 0.933446 0.719222 0.00373765 0.0139161
1 0.376564 0.158782 0.0143164 0.00503553
1 0.460544 0.13531 0.0234882 0.00922871
1 0.416316 0.019278 0.00898136 0.0234294
1 0.52698 0.285397 0.0253917 0.00716031
1 0.127092 0.72355 0.0278246 0.0140804
1 0.756144 0.196729 0.0084146 0.0265894
0 0.789479 0.190497 0.00805283 0.0152209
1 0.558277 0.0456866 0.0238225 0.0077932
2 0.67371 0.561198 0.172645 0.11699
1 0.600578 0.286045 0.00994298 0.00335478
1 0.492499 0.327724 0.0235688 0.00864858
1 0.606455 0.346179 0.0042956 0.0105056
1 0.637257 0.221105 0.0279064 0.0101667
1 0.592187 0.0466446 0.0238011 0.00867129
1 0.701541 0.196631 0.00812387 0.0267692
1 0.870449 0.399352 0.00358156 0.00924189
1 0.789452 0.200437 0.00910406 0.00386938
1 0.377094 0.129732 0.0145137 0.00436312
1 0.636839 0.261625 0.028579 0.00890793
1 0.698604 0.161571 0.00337482 0.00968516
1 0.460726 0.286341 0.0238344 0.00830747
1 0.18813 0.723957 0.0263357 0.0149627
1 0.636443 0.248375 0.0276654 0.00925761
1 0.636948 0.316894 0.0277988 0.00941692
1 0.407468 0.106288 0.014282 0.0040468
1 0.852757 0.168072 0.0106213 0.00359631
1 0.988483 0.648997 0.0049561 0.0162853
1 0.459563 0.0203847 0.00778164 0.0222864
1 0.296759 0.537267 0.0649046 0.02656
1 0.660489 0.196459 0.00763671 0.0282985
1 0.799994 0.050709 0.00324499 0.00959227
1 0.688016 0.19692 0.00833774 0.0279805
1 0.636205 0.303012 0.0280804 0.00923657
1 0.636245 0.275702 0.0276401 0.00821089
1 0.145235 0.247825 0.014822 0.012753
1 0.674303 0.196918 0.00824056 0.0282984
1 0.71493 0.341367 0.00768161 0.0273032
1 0.674565 0.341152 0.00737481 0.0287164
1 0.779059 0.433239 0.0045984 0.0155471
1 0.970437 0.690579 0.0100632 0.00378724
1 0.853164 0.128278 0.0100353 0.00387207
1 0.780752 0.302584 0.0279808 0.00858904
1 0.979904 0.619568 0.0031405 0.00992559
1 0.636483 0.289476 0.0284877 0.00827452
1 0.147031 0.499491 0.0290559 0.0957697
1 0.660603 0.341635 0.00848007 0.0282911
1 0.742809 0.197284 0.00812693 0.028538
1 0.63698 0.234692 0.0278797 0.00865341
1 0.780942 0.248181 0.0295805 0.00883836
1 0.729156 0.196881 0.00819747 0.0272973
1 0.771914 0.160943 0.00922544 0.00357489
1 0.688528 0.34091 0.00789173 0.0283045
1 0.908751 0.437912 0.00385428 0.010249
1 0.780855 0.275836 0.0278125 0.00845728
1 0.780921 0.316715 0.0286264 0.00835885
1 0.110669 0.232271 0.0157196 0.0123073
1 0.809255 0.0726243 0.00359557 0.0102814
1 0.715634 0.196564 0.0079614 0.0262485
1 0.781047 0.261836 0.0276026 0.00848126
1 0.395005 0.331019 0.00937393 0.0165866
1 0.903638 0.718877 0.00542544 0.0140348
1 0.42704 0.330678 0.00994645 0.0179039
1 0.75659 0.341167 0.00786734 0.0286552
1 0.411304 0.33077 0.00900481 0.0176647
1 0.7293 0.341102 0.00792832 0.0285258
0 0.388657 0.223532 0.0393397 0.0221044
1 0.460901 0.326991 0.0232304 0.00709099
1 0.524515 0.345833 0.0219946 0.00608994
1 0.747415 0.433277 0.00454487 0.0157651
1 0.701621 0.341155 0.0077848 0.0279833
1 0.460826 0.328644 0.0237686 0.00856493
1 0.922092 0.568306 0.0136218 0.00491364
1 0.954802 0.649475 0.00522307 0.0165634
1 0.460201 0.343101 0.0235894 0.00812831
1 0.780764 0.220912 0.0278765 0.00872803
1 0.840991 0.350553 0.00424444 0.0153321
1 0.524908 0.342942 0.0233895 0.00835575
1 0.693582 0.640561 0.00829859 0.038904
1 0.491864 0.34476 0.0229855 0.00716782
1 0.680244 0.640288 0.00837945 0.0387728
1 0.271764 0.497928 0.0142444 0.0177218
1 0.73469 0.640226 0.0088072 0.039109
1 0.780747 0.234739 0.0279614 0.00845715
1 0.743269 0.340827 0.00797966 0.0295694
1 0.889302 0.70406 0.0167348 0.0448279
1 0.638828 0.640658 0.00861834 0.0389898
2 0.99046 0.445358 0.0190801 0.014278
1 0.781031 0.289741 0.028362 0.00796806
1 0.748697 0.475941 0.00876661 0.0370523
1 0.625557 0.640298 0.00872065 0.0387556
1 0.684316 0.439353 0.0027861 0.00895863
1 0.666503 0.640681 0.00845456 0.0382984
1 0.652967 0.640676 0.00879538 0.0379539
1 0.707384 0.640561 0.00825913 0.0387034
1 0.748803 0.641183 0.00896216 0.0356853
1 0.842662 0.485051 0.0906626 0.0356451
1 0.885847 0.350166 0.00327351 0.0146569
2 0.151757 0.3817 0.0687749 0.0542136
1 0.748728 0.634648 0.00808122 0.0271969
