5 0.352286 0.498539 0.164415 0.166316
3 0.710728 0.672356 0.0697217 0.0533953
3 0.133835 0.685888 0.0745894 0.0574653
2 0.580279 0.539273 0.094324 0.103279
0 0.190773 0.380383 0.0149007 0.00764296
0 0.623535 0.645015 0.0251706 0.0132733
2 0.574816 0.413959 0.0917541 0.103398
0 0.285799 0.683131 0.0120729 0.0238571
0 0.59027 0.614748 0.0252521 0.0122923
0 0.47987 0.340887 0.00810189 0.0155516
0 0.587628 0.662116 0.014065 0.0254084
0 0.308204 0.675742 0.0134133 0.024842
0 0.259752 0.661 0.00888263 0.0163184
0 0.339922 0.65199 0.0251408 0.0131332
0 0.669523 0.417684 0.0239228 0.0125372
0 0.149931 0.37936 0.0153997 0.00783492
0 0.531033 0.31269 0.0241094 0.0511569
0 0.413625 0.698453 0.0324338 0.0192244
0 0.332318 0.68943 0.0130014 0.0240318
0 0.464475 0.667502 0.0236762 0.0127779
0 0.108959 0.013623 0.0157921 0.008267
3 0.589139 0.096249 0.0481492 0.0781481
0 0.26125 0.629811 0.0275247 0.0145236
0 0.209842 0.506988 0.00817894 0.0158473
0 0.208502 0.70009 0.0243379 0.0124574
0 0.260033 0.599341 0.0156958 0.00834012
0 0.412435 0.669327 0.0241078 0.011906
0 0.635771 0.122628 0.00708915 0.0146371
0 0.108681 0.0526165 0.0158827 0.00820726
1 0.0924824 0.614591 0.0268718 0.0649374
0 0.29653 0.646968 0.0145103 0.00833386
1 0.653789 0.37622 0.0636769 0.0270741
0 0.622976 0.698056 0.0264397 0.0130944
0 0.189201 0.330835 0.0249861 0.0128783
0 0.0792869 0.170474 0.00844851 0.015315
0 0.740513 0.270717 0.00907679 0.0166627
0 0.681998 0.619969 0.0268334 0.0147092
0 0.0889528 0.322856 0.0157655 0.00866152
0 0.0615101 0.150639 0.00808661 0.0156797
0 0.142287 0.137811 0.00882477 0.0162952
0 0.509033 0.617894 0.0242567 0.0125257
0 0.144275 0.330826 0.0244073 0.0128915
0 0.42594 0.290061 0.0435004 0.0549103
0 0.71582 0.120687 0.00851347 0.0163403
0 0.0532556 0.412752 0.0263143 0.0140636
1 0.392816 0.699134 0.00932121 0.0222382
0 0.593017 0.340966 0.0156439 0.0078498
1 0.660026 0.498972 0.0649435 0.0286972
0 0.468319 0.626571 0.0237756 0.0118284
0 0.210847 0.564305 0.0127939 0.0243363
0 0.515694 0.691553 0.0247192 0.0134697
0 0.0219183 0.396023 0.00862224 0.015954
0 0.582576 0.696541 0.0251103 0.0140477
0 0.354617 0.260176 0.0434735 0.0538626
1 0.0863284 0.685278 0.0206481 0.0437846
0 0.249153 0.69706 0.027706 0.0147227
1 0.425621 0.323039 0.0504896 0.00956213
1 0.530519 0.280936 0.0282676 0.0118423
1 0.269917 0.599312 0.00304854 0.0102754
1 0.17102 0.613809 0.0260174 0.0599385
0 0.74811 0.621486 0.0252537 0.013074
1 0.222561 0.699713 0.00342119 0.0146782
0 0.208162 0.418083 0.0159709 0.00839924
0 0.508766 0.667542 0.0250976 0.0128715
1 0.50919 0.415232 0.0390954 0.09294
0 0.447951 0.59878 0.00718261 0.0148668
1 0.684003 0.417791 0.0047154 0.0147641
0 0.706368 0.451343 0.0086336 0.0157961
1 0.332456 0.675186 0.0146069 0.00378049
1 0.515773 0.540233 0.0329789 0.0957571
1 0.660491 0.577418 0.0631416 0.0282557
2 0.130805 0.531976 0.109455 0.102771
1 0.285401 0.668493 0.014235 0.00406553
0 0.142346 0.0980176 0.00986188 0.0169594
1 0.13129 0.590829 0.0159271 0.0153889
1 0.353565 0.292373 0.0498134 0.0100739
0 0.635773 0.067401 0.00778242 0.0153918
1 0.158876 0.331082 0.00431442 0.0136385
1 0.434351 0.698352 0.00922316 0.0230508
0 0.00574788 0.396102 0.0086969 0.0171221
1 0.479968 0.331113 0.00876877 0.00378484
1 0.756614 0.673006 0.0209226 0.0420031
1 0.0992771 0.322887 0.00449362 0.00966319
1 0.425426 0.256993 0.0550501 0.0109686
1 0.426879 0.668935 0.00493312 0.0138214
1 0.762877 0.62164 0.00409867 0.0146307
1 0.575815 0.614286 0.00510275 0.014841
0 0.099248 0.030991 0.0144469 0.00862375
1 0.530508 0.34445 0.0268118 0.0135723
1 0.705957 0.441948 0.00888731 0.00303372
1 0.199851 0.380538 0.00328833 0.00912638
1 0.654298 0.454187 0.0615211 0.0262245
1 0.635686 0.53815 0.0173023 0.0146629
1 0.494603 0.617945 0.00414742 0.0143447
1 0.589683 0.0508101 0.0427858 0.011396
1 0.308179 0.690692 0.0144282 0.00450972
0 0.468934 0.296476 0.00836163 0.0153157
1 0.604311 0.614691 0.00527129 0.0133011
1 0.591049 0.144667 0.0404894 0.0137321
1 0.740609 0.260277 0.0096934 0.00370526
1 0.308259 0.660776 0.0143172 0.00409792
1 0.159569 0.379139 0.00337649 0.00905359
1 0.354373 0.652188 0.00476456 0.015274
1 0.666298 0.672047 0.0195495 0.0417191
1 0.277308 0.629945 0.00375938 0.0158144
1 0.0221881 0.386335 0.00946312 0.00334608
1 0.59689 0.696623 0.00434456 0.0158111
1 0.211057 0.549608 0.0131262 0.00471547
1 0.479282 0.667766 0.00436401 0.0144793
1 0.324885 0.651963 0.00429163 0.0149634
1 0.451281 0.50254 0.0296048 0.00566317
1 0.587434 0.676964 0.0162208 0.00479032
1 0.245253 0.630312 0.00413882 0.0168455
1 0.631087 0.416245 0.019907 0.0154374
1 0.353264 0.225855 0.052573 0.011915
1 0.635708 0.113306 0.00819741 0.00303086
1 0.307275 0.646601 0.00402135 0.00877024
1 0.451084 0.494041 0.0295553 0.00566148
1 0.448558 0.589029 0.0082748 0.00285908
1 0.451069 0.536635 0.030059 0.00586794
1 0.19789 0.418251 0.00358138 0.0102754
1 0.638578 0.698128 0.00477719 0.0149877
1 0.635953 0.0576257 0.00891951 0.00322279
1 0.17469 0.330901 0.00351459 0.0143324
1 0.665904 0.619806 0.00544714 0.0170343
1 0.253303 0.451096 0.0298858 0.0053472
1 0.209436 0.497291 0.00899193 0.00339089
1 0.00577683 0.385991 0.00950359 0.0034558
1 0.697596 0.620039 0.00525734 0.0160701
1 0.56756 0.69658 0.00465162 0.0159135
1 0.450529 0.434474 0.0295224 0.00562568
1 0.450711 0.442506 0.0295138 0.00584884
1 0.450933 0.528277 0.0303293 0.00580928
1 0.142557 0.127231 0.00964621 0.00418228
1 0.416112 0.597793 0.00567871 0.0288679
1 0.253234 0.536352 0.0301215 0.00566558
1 0.450607 0.451242 0.0295378 0.00593401
1 0.253112 0.442266 0.0296884 0.00548234
1 0.253272 0.511295 0.0297482 0.00581122
1 0.415994 0.399772 0.00523251 0.0306041
1 0.36502 0.400073 0.00575513 0.0301138
1 0.330775 0.597635 0.0051893 0.0294196
1 0.451236 0.51135 0.0298601 0.00551414
1 0.468443 0.286203 0.00953399 0.00408091
1 0.253268 0.502823 0.0298467 0.00575753
1 0.253121 0.434292 0.0292285 0.00556814
1 0.253406 0.545193 0.0301919 0.00580184
1 0.451111 0.545361 0.0301108 0.00588558
1 0.253131 0.528109 0.0299045 0.00575619
1 0.451116 0.519474 0.0299687 0.00607206
1 0.253165 0.519769 0.0296879 0.00581957
1 0.450468 0.667377 0.00406397 0.0149429
1 0.253137 0.493877 0.0298279 0.00602288
1 0.365314 0.597416 0.00594871 0.0293618
1 0.129831 0.330911 0.00414932 0.0154346
1 0.582967 0.340938 0.00379813 0.00919652
1 0.178925 0.683275 0.0166709 0.0428317
1 0.330851 0.3996 0.00500907 0.0300065
1 0.252897 0.459502 0.0294483 0.00581513
1 0.494556 0.667433 0.00487137 0.0135298
1 0.32258 0.597762 0.00486683 0.0288439
1 0.638503 0.645027 0.00450766 0.0145746
1 0.408 0.598156 0.00530481 0.0285943
1 0.332065 0.705004 0.0147661 0.00547959
1 0.450872 0.459657 0.0294111 0.00603116
1 0.322243 0.399638 0.00509853 0.0294589
1 0.356454 0.597623 0.00543935 0.0300074
1 0.373229 0.399821 0.00571717 0.0304227
1 0.339181 0.597701 0.00543569 0.029571
1 0.089502 0.0314223 0.00310538 0.00981914
1 0.0363448 0.413681 0.00426467 0.0150102
1 0.347727 0.597764 0.00581038 0.0296276
1 0.587277 0.646387 0.016458 0.00456607
1 0.356255 0.399615 0.00529696 0.0287976
1 0.098799 0.052794 0.00372952 0.00912443
1 0.0798143 0.161097 0.00851047 0.00386052
1 0.210788 0.580348 0.0137553 0.0058575
1 0.259969 0.651223 0.00917946 0.00344811
1 0.339202 0.399764 0.00524733 0.0301046
1 0.0612228 0.160079 0.00898306 0.00254082
1 0.253338 0.55358 0.0302266 0.00628937
1 0.130523 0.467553 0.0902854 0.0389181
1 0.119763 0.0137742 0.00474921 0.0103691
1 0.347478 0.399811 0.00537103 0.0302881
1 0.450968 0.553641 0.0303337 0.00649286
1 0.407904 0.399521 0.00547553 0.0300196
1 0.373525 0.59723 0.00609542 0.0290891
1 0.654703 0.417256 0.00583198 0.0132698
1 0.715902 0.129722 0.00916078 0.00378341
1 0.192825 0.698924 0.00454445 0.0148155
