1 0.384795 0.343263 0.0119748 0.015447
2 0.369263 0.325732 0.0451862 0.0181577
0 0.821586 0.972865 0.0205153 0.0327585
0 0.846791 0.893455 0.034019 0.0196725
0 0.472823 0.397945 0.0190342 0.033272
0 0.939792 0.88708 0.0156701 0.0076132
0 0.62138 0.922515 0.0211693 0.0318759
0 0.841546 0.824952 0.0244945 0.0132873
0 0.663521 0.230035 0.0120091 0.0238016
0 0.991143 0.134877 0.0146317 0.0258044
1 0.787457 0.951104 0.0241736 0.00870945
0 0.667537 0.925436 0.0330155 0.0198534
0 0.741715 0.535931 0.0327463 0.0199392
0 0.985026 0.534133 0.014194 0.0259514
0 0.553388 0.286701 0.0116639 0.0235469
0 0.618612 0.848908 0.0129575 0.0235221
0 0.959213 0.0945963 0.0138938 0.026908
0 0.787858 0.972393 0.0210097 0.0326891
2 0.635831 0.305518 0.0626924 0.0835161
0 0.969969 0.183547 0.013572 0.0253258
0 0.983053 0.0194437 0.0129523 0.0243249
0 0.945851 0.197736 0.0131603 0.0256159
1 0.352691 0.343071 0.012163 0.0153822
0 0.395333 0.263493 0.0139123 0.024977
0 0.951579 0.451851 0.0250051 0.0144412
0 0.618537 0.708553 0.0131932 0.023958
0 0.638998 0.709935 0.00910362 0.0172985
0 0.89593 0.890801 0.0257216 0.0135042
1 0.473154 0.376624 0.0232929 0.00750126
0 0.934096 0.0689466 0.0130575 0.0247388
0 0.845366 0.695871 0.023937 0.0123105
0 0.44008 0.379322 0.019685 0.0337405
0 0.545869 0.205796 0.0323303 0.020272
0 0.846317 0.858348 0.0338819 0.0214707
0 0.503685 0.398224 0.0204485 0.0327817
0 0.902651 0.0966626 0.0204848 0.0340854
0 0.886891 0.697891 0.0279982 0.0146171
0 0.630578 0.371892 0.0258372 0.012667
1 0.621789 0.901479 0.0231043 0.0068355
0 0.914925 0.531418 0.0254495 0.013222
0 0.361799 0.417466 0.0339358 0.0202405
0 0.892912 0.335869 0.0331762 0.020425
0 0.618052 0.482391 0.0341437 0.0198457
0 0.926144 0.966666 0.0131231 0.0246165
1 0.50336 0.376242 0.022394 0.00803672
0 0.915287 0.429596 0.0138537 0.0264061
2 0.483387 0.338917 0.0172169 0.0321392
0 0.587659 0.45069 0.0241291 0.0120458
0 0.962581 0.288196 0.0129784 0.0248575
0 0.932604 0.663612 0.0132842 0.0250943
1 0.820965 0.951335 0.0229457 0.00840853
0 0.978562 0.500448 0.0250856 0.0130456
0 0.884227 0.388549 0.0131478 0.0244706
1 0.588499 0.296257 0.0288125 0.0114697
0 0.956652 0.569592 0.0199674 0.0329025
0 0.91162 0.504526 0.024418 0.0130876
1 0.902172 0.0750029 0.022945 0.00833363
1 0.684204 0.317734 0.0284321 0.0120347
1 0.588495 0.318128 0.0292216 0.0107886
0 0.741529 0.502671 0.0333929 0.0196686
0 0.763403 0.880644 0.0130354 0.0249107
1 0.466915 0.349086 0.0128124 0.00927221
1 0.956633 0.547812 0.0227194 0.00880388
0 0.988694 0.0947786 0.0137584 0.0246804
0 0.980424 0.0621701 0.0256471 0.0130339
0 0.711878 0.353331 0.00920999 0.0167411
0 0.977737 0.241846 0.0274185 0.0146899
0 0.361233 0.38182 0.0340158 0.0209962
2 0.359008 0.546519 0.0184498 0.0434314
1 0.956671 0.58997 0.0231328 0.00741002
0 0.616595 0.418613 0.0326281 0.0194984
0 0.939908 0.870154 0.0153982 0.00772933
1 0.683972 0.2964 0.029033 0.0119139
0 0.681772 0.860666 0.0142301 0.0248191
1 0.377342 0.546303 0.0154618 0.0122306
0 0.671392 0.735941 0.0259454 0.0143487
0 0.71695 0.250727 0.0127757 0.0244523
0 0.873693 0.303808 0.0254133 0.0131625
1 0.473376 0.41823 0.0220204 0.00735833
0 0.466982 0.301523 0.0248923 0.0126902
1 0.440108 0.357493 0.0230223 0.00806236
0 0.983306 0.21973 0.0279178 0.0142913
1 0.368296 0.308323 0.013485 0.0162563
1 0.499141 0.33912 0.0144949 0.0104501
1 0.61878 0.723439 0.0142588 0.005204
1 0.903158 0.697853 0.00453805 0.016747
1 0.684035 0.339548 0.0308197 0.0133663
1 0.762319 0.536414 0.00752114 0.0231962
1 0.58854 0.339772 0.0284957 0.0115082
1 0.683681 0.274525 0.0303492 0.011476
0 0.671313 0.713868 0.0255847 0.0141128
1 0.588844 0.274369 0.029876 0.0108476
1 0.883659 0.40339 0.014409 0.00477628
1 0.663324 0.215577 0.0141774 0.00415754
1 0.621251 0.942732 0.0242422 0.00686101
1 0.566337 0.206252 0.00822486 0.0229351
0 0.701971 0.382653 0.0257516 0.0135314
1 0.825444 0.858639 0.00873528 0.0234387
1 0.926319 0.982245 0.0150609 0.00504722
1 0.825737 0.893073 0.00799298 0.0231511
1 0.503866 0.418371 0.0239725 0.0068844
1 0.926046 0.504329 0.0036406 0.0147249
1 0.945755 0.182542 0.014333 0.00380815
1 0.439706 0.400034 0.022258 0.00776344
1 0.553245 0.301191 0.014277 0.00508781
1 0.467303 0.327896 0.0146232 0.00980862
1 0.712059 0.363565 0.0102356 0.00370848
1 0.965035 0.0618989 0.00485323 0.0141286
1 0.646379 0.372055 0.00509762 0.0147881
1 0.870962 0.335865 0.00861934 0.0233636
1 0.481431 0.301522 0.00383139 0.0144602
1 0.949114 0.869946 0.00268724 0.0101405
1 0.910975 0.890363 0.00422406 0.0151286
1 0.963771 0.50008 0.00408879 0.0150116
1 0.761959 0.503431 0.00800336 0.0212875
1 0.340267 0.382411 0.00776851 0.0232368
1 0.970041 0.168672 0.0150236 0.0039661
0 0.906701 0.723911 0.0155975 0.00784195
1 0.763356 0.895705 0.0155375 0.00419998
1 0.965974 0.45211 0.00425401 0.0160704
0 0.67849 0.496408 0.0239723 0.0117389
1 0.949148 0.887565 0.00232603 0.00909424
1 0.720072 0.536128 0.00889706 0.0236368
1 0.96967 0.198759 0.0152309 0.00448269
1 0.57291 0.450468 0.00466381 0.0141242
1 0.338674 0.417581 0.00659621 0.0238045
1 0.903638 0.117969 0.0220387 0.007352
1 0.855932 0.824607 0.00445663 0.0143418
1 0.638895 0.4823 0.00735961 0.0231022
1 0.639132 0.699611 0.00899987 0.00375629
1 0.618194 0.863071 0.0141007 0.00439847
1 0.596667 0.418125 0.00663613 0.023736
1 0.868599 0.893658 0.00675233 0.0209387
1 0.985141 0.519548 0.0159943 0.00345324
0 0.436922 0.423863 0.0255469 0.0123824
1 0.821395 0.994881 0.0246301 0.00786472
1 0.646874 0.925032 0.00672744 0.0235374
1 0.681141 0.846342 0.0138113 0.00388074
1 0.617146 0.693279 0.0161846 0.00628306
1 0.916803 0.723993 0.0040741 0.00918173
1 0.830879 0.695478 0.00433443 0.0151958
1 0.982551 0.00435607 0.0148032 0.00458127
1 0.720151 0.502674 0.00730396 0.0226512
1 0.870721 0.697856 0.00389456 0.0157498
1 0.553122 0.271407 0.0138566 0.00588595
1 0.763789 0.865103 0.0147746 0.00515272
1 0.342737 0.562738 0.0133106 0.011356
1 0.99097 0.150889 0.0150046 0.00512267
1 0.582457 0.318105 0.0204842 0.0126166
1 0.663418 0.244827 0.0138156 0.00439883
1 0.982927 0.0342043 0.0148905 0.00446463
1 0.913603 0.335801 0.00813888 0.0228134
1 0.395317 0.278295 0.0144642 0.00369356
1 0.597558 0.482248 0.00673744 0.02354
1 0.689247 0.926127 0.00659986 0.0218778
1 0.787779 0.994816 0.0247489 0.00909636
1 0.524793 0.206072 0.00677659 0.0217256
1 0.383097 0.382077 0.00773417 0.0238082
1 0.692523 0.49625 0.00390081 0.0127813
1 0.382453 0.416002 0.00790687 0.0233382
1 0.985582 0.549405 0.0160638 0.00497068
1 0.716797 0.237153 0.0134179 0.00345977
1 0.99539 0.062447 0.0047977 0.0138826
1 0.396141 0.247856 0.0154696 0.00476817
1 0.990678 0.120321 0.0148888 0.00398016
1 0.887013 0.303277 0.00373134 0.0133056
1 0.883822 0.373079 0.0155091 0.00470931
1 0.622536 0.260993 0.00782344 0.00788832
1 0.615013 0.371549 0.00492002 0.0148271
1 0.9353 0.452988 0.00511957 0.0146887
1 0.638302 0.418404 0.00748225 0.0220479
1 0.896275 0.504409 0.00444481 0.0144533
1 0.468664 0.349786 0.0122089 0.00866127
1 0.934137 0.0834615 0.0133235 0.00483586
1 0.926283 0.951473 0.0148844 0.00503027
1 0.995109 0.241875 0.0048528 0.0158712
1 0.880052 0.891373 0.00448183 0.0184608
1 0.995092 0.500474 0.00464893 0.01403
