0 0.786797 0.785022 0.0126667 0.0245156
0 0.528109 0.575956 0.00796152 0.0150698
0 0.112063 0.879521 0.014155 0.0255565
0 0.498229 0.361748 0.0127397 0.024748
0 0.0753266 0.675541 0.0259066 0.0143949
0 0.153307 0.847026 0.0132186 0.0243552
0 0.0525705 0.940831 0.0258162 0.0131366
0 0.597246 0.426012 0.0124943 0.0240172
0 0.138589 0.962734 0.0133123 0.0245456
0 0.328943 0.871478 0.00907617 0.016605
0 0.181576 0.892541 0.0144026 0.0267242
0 0.271371 0.74449 0.00891995 0.0157104
0 0.0879489 0.973009 0.0148567 0.0264838
0 0.254753 0.699983 0.00830163 0.0157135
0 0.563121 0.387562 0.0249713 0.0122415
0 0.75508 0.787622 0.020369 0.0337634
0 0.279609 0.922596 0.0082757 0.0149233
0 0.497844 0.643298 0.0157016 0.0081789
0 0.110426 0.972796 0.0132427 0.0248432
0 0.563473 0.465267 0.025525 0.0130755
0 0.563037 0.411 0.0261436 0.0128988
0 0.25368 0.744235 0.00782443 0.0155696
0 0.528202 0.609174 0.00847241 0.0162739
0 0.0735834 0.637764 0.0148084 0.00755022
0 0.562178 0.751079 0.00958002 0.0180645
0 0.566361 0.522176 0.0126056 0.024673
0 0.263558 0.922957 0.00929004 0.0147485
0 0.0873771 0.930184 0.0129142 0.0245636
0 0.232497 0.958696 0.00855673 0.0155549
0 0.565611 0.487563 0.0264013 0.0129842
0 0.551443 0.70486 0.00985386 0.016912
1 0.722464 0.76657 0.0240156 0.00876142
0 0.169237 0.532003 0.00814271 0.0157018
0 0.203853 0.892906 0.0134539 0.0260227
0 0.252048 0.949136 0.00736849 0.0155785
0 0.568892 0.77393 0.0165535 0.00870501
0 0.0880401 0.875968 0.0132968 0.0249429
0 0.727852 0.337775 0.00942349 0.0172341
0 0.0562264 0.898336 0.0131075 0.0247854
0 0.299139 0.895917 0.0158184 0.00810923
0 0.0322267 0.973666 0.0150337 0.027701
0 0.5561 0.560877 0.00860458 0.015718
2 0.291772 0.851585 0.0318968 0.017844
0 0.528524 0.646324 0.0166186 0.0096712
0 0.225951 0.893025 0.0136074 0.0249158
0 0.220275 0.933926 0.0159423 0.0090322
0 0.0951019 0.83522 0.0131204 0.0252185
0 0.13934 0.889839 0.0131424 0.0253706
0 0.722844 0.788812 0.0208381 0.0325983
0 0.562795 0.363596 0.0250989 0.0121812
0 0.224778 0.672702 0.00856196 0.0162571
3 0.726643 0.664898 0.0702479 0.0552168
0 0.0610448 0.973328 0.0131638 0.0254535
2 0.360143 0.85328 0.0331482 0.0181475
0 0.187596 0.969452 0.0119587 0.0246304
5 0.35029 0.517937 0.236495 0.233556
0 0.00668146 0.94804 0.0131225 0.0255352
1 0.225734 0.877855 0.0143206 0.00434832
1 0.680638 0.665525 0.0215092 0.0425057
1 0.303138 0.869413 0.00796343 0.0155134
0 0.225312 0.84436 0.0132926 0.0245471
0 0.580258 0.615463 0.00976575 0.0168385
1 0.723004 0.808992 0.0229308 0.00784602
0 0.133728 0.788951 0.024752 0.0123383
0 0.21498 0.958988 0.00819105 0.0165925
1 0.755426 0.80872 0.0242963 0.0086104
0 0.562261 0.433694 0.025968 0.0133966
1 0.1106 0.95773 0.0143859 0.00443412
1 0.786267 0.769679 0.0152502 0.00502608
0 0.561457 0.615291 0.00872159 0.0162039
0 0.328616 0.839906 0.00766373 0.015852
1 0.497605 0.345995 0.0158516 0.00516951
1 0.580317 0.605079 0.0108442 0.00423506
2 0.714958 0.491845 0.158641 0.156648
0 0.275856 0.952526 0.0165259 0.00959934
1 0.0905765 0.675541 0.00455147 0.0159903
1 0.0321425 0.957269 0.0169474 0.00399424
1 0.271132 0.753838 0.0103002 0.00323155
1 0.348038 0.381345 0.0667276 0.0392723
1 0.0880713 0.957255 0.0156473 0.00402888
1 0.1531 0.832046 0.0142489 0.00372871
1 0.0675858 0.940975 0.00393933 0.014807
1 0.204107 0.877587 0.0146616 0.00439897
1 0.786324 0.799904 0.0155406 0.00557359
1 0.309313 0.895892 0.00339796 0.00958252
1 0.00696457 0.933108 0.0139291 0.00405765
1 0.214705 0.948812 0.0103854 0.00306464
1 0.597322 0.440871 0.0153064 0.00522726
1 0.0881364 0.989523 0.0170475 0.00519824
1 0.26365 0.93299 0.0104785 0.00446951
1 0.566413 0.537815 0.0151467 0.00633077
1 0.54942 0.487655 0.00541218 0.0147065
1 0.556157 0.550989 0.00964018 0.00380657
1 0.111489 0.893723 0.0154936 0.00409817
1 0.231942 0.949029 0.00856198 0.00393389
1 0.771817 0.665383 0.0191627 0.0419523
1 0.0609114 0.989427 0.0157542 0.00538685
1 0.0324052 0.9898 0.0171933 0.00496436
1 0.487676 0.643562 0.00250848 0.00908686
1 0.110017 0.987823 0.0148933 0.00432755
1 0.138066 0.947528 0.0152423 0.00460797
1 0.551746 0.715108 0.0112673 0.00393295
1 0.288547 0.379557 0.00770763 0.0418763
1 0.727795 0.34725 0.0110369 0.00323708
1 0.266385 0.378448 0.00733757 0.0396275
1 0.561304 0.605817 0.0100383 0.00356124
1 0.597289 0.410737 0.0152054 0.00513017
1 0.558833 0.77427 0.00356462 0.00996586
0 0.347771 0.720933 0.00945426 0.0186674
1 0.755025 0.765526 0.0236688 0.00815438
1 0.0607153 0.958451 0.0148317 0.00455762
1 0.580863 0.487956 0.0051601 0.0157213
1 0.761183 0.365888 0.0272376 0.092623
1 0.277321 0.37859 0.00749016 0.0394402
1 0.518424 0.646225 0.00363791 0.0107284
1 0.25478 0.690005 0.00921154 0.00409036
1 0.280114 0.834694 0.00649512 0.0145632
1 0.349066 0.837243 0.00727541 0.0160566
1 0.28546 0.952596 0.00365889 0.0109439
1 0.181326 0.908909 0.0161496 0.00534333
1 0.255257 0.379312 0.00711549 0.0391463
1 0.244703 0.379409 0.00685448 0.0386918
1 0.527996 0.56671 0.00815248 0.00337413
1 0.674791 0.365331 0.0269059 0.0912601
1 0.527707 0.598809 0.00941542 0.00345693
1 0.279417 0.932856 0.00949775 0.00339983
1 0.111776 0.864334 0.0160453 0.00430548
1 0.253281 0.753487 0.00946927 0.00359776
1 0.370925 0.870732 0.00772642 0.015145
1 0.21199 0.501153 0.038435 0.00769809
1 0.212039 0.467815 0.0375679 0.00712226
1 0.08244 0.637875 0.00285232 0.00912913
1 0.562096 0.761782 0.00980952 0.00316438
1 0.300583 0.379193 0.00771107 0.0387104
1 0.203147 0.908927 0.0132525 0.00579978
1 0.487993 0.423224 0.039503 0.0074724
1 0.153545 0.861975 0.0153648 0.00458864
1 0.180508 0.876885 0.0153051 0.00518718
1 0.399634 0.378544 0.00799492 0.0391583
1 0.488805 0.467365 0.0394878 0.00732719
1 0.291048 0.834988 0.00614022 0.0131698
1 0.716829 0.403189 0.0146426 0.0184771
1 0.487562 0.411518 0.0382624 0.00759881
1 0.49848 0.377179 0.0160249 0.00574002
1 0.229615 0.933741 0.00301377 0.00896998
1 0.48819 0.478685 0.0380788 0.00715546
1 0.350391 0.656264 0.0697928 0.0411094
1 0.488234 0.545195 0.038413 0.0075551
1 0.371543 0.837344 0.00529433 0.0150132
1 0.444477 0.380157 0.00761389 0.0389834
1 0.212691 0.578721 0.0385213 0.00769631
1 0.212184 0.423073 0.0382773 0.00759544
1 0.00714323 0.963908 0.0142865 0.00508086
1 0.487735 0.500966 0.0382368 0.00725196
1 0.488811 0.456131 0.0397349 0.00757489
1 0.211936 0.478824 0.0374837 0.00785674
1 0.41023 0.378606 0.00709524 0.0391328
1 0.563335 0.761323 0.0109544 0.00336481
1 0.487979 0.433747 0.0392885 0.00736008
1 0.187664 0.955698 0.013299 0.00364566
1 0.432836 0.379269 0.00714896 0.0381342
1 0.2256 0.908394 0.0143881 0.00504472
1 0.487763 0.556471 0.0374871 0.00711272
1 0.488118 0.612328 0.037444 0.00737375
1 0.211627 0.49013 0.0382807 0.00676315
1 0.487643 0.534266 0.0370535 0.00714993
1 0.487956 0.578868 0.0377334 0.00735092
1 0.562185 0.740074 0.010319 0.0042143
1 0.30225 0.834983 0.00529768 0.0135785
1 0.4883 0.489531 0.0388776 0.00705397
1 0.213071 0.623511 0.0359202 0.00704124
1 0.422315 0.378991 0.00776941 0.0395824
1 0.0597559 0.675708 0.00452647 0.0155518
1 0.224558 0.682139 0.00949978 0.00426364
1 0.212263 0.545768 0.0382993 0.00731897
1 0.212625 0.601285 0.0386275 0.00791443
1 0.212195 0.456567 0.0376872 0.00786659
1 0.727299 0.347714 0.0109289 0.00310263
1 0.212382 0.411933 0.0381338 0.00796521
1 0.349288 0.869128 0.00617315 0.0138782
1 0.212482 0.556429 0.0375446 0.00730446
1 0.549315 0.465121 0.00518918 0.0145693
1 0.266656 0.655924 0.00712842 0.0384964
1 0.212289 0.534119 0.0379618 0.00778486
1 0.139312 0.979363 0.0146975 0.0058024
1 0.347695 0.731647 0.0100736 0.00407335
1 0.0882836 0.862181 0.0142143 0.00409342
1 0.212592 0.61251 0.0378876 0.00778961
1 0.169037 0.541581 0.00980222 0.00415352
1 0.487734 0.623421 0.0370213 0.00742102
1 0.120424 0.789502 0.00307837 0.0131383
1 0.455369 0.378352 0.00751133 0.0355629
1 0.300783 0.65625 0.00845027 0.0385561
1 0.211785 0.512563 0.039097 0.0069082
1 0.21214 0.434566 0.0378553 0.0073649
1 0.212197 0.445534 0.0379859 0.00788951
1 0.422895 0.654562 0.00699581 0.0404212
1 0.728099 0.326179 0.01074 0.00513471
1 0.487538 0.512012 0.0401247 0.00634562
1 0.4882 0.601115 0.0374637 0.00766973
1 0.488162 0.589423 0.038064 0.00727263
1 0.549716 0.387164 0.00600909 0.0138921
1 0.280171 0.867854 0.00692249 0.0151649
1 0.212072 0.589982 0.038337 0.00670749
1 0.212123 0.568112 0.038357 0.00686595
1 0.328641 0.833589 0.00820457 0.00554494
