2 0.499832 0.806698 0.10276 0.103328
0 0.700893 0.352476 0.0152931 0.00819575
0 0.740116 0.419033 0.0508729 0.038062
0 0.346883 0.550885 0.0249523 0.0131516
0 0.213579 0.473537 0.0243796 0.0124445
0 0.340216 0.627165 0.0130889 0.023818
2 0.303914 0.203386 0.204925 0.115992
0 0.346653 0.45743 0.0249623 0.013323
0 0.075479 0.941665 0.0243762 0.0126302
0 0.209075 0.448485 0.0241394 0.0122584
0 0.347523 0.771097 0.0247296 0.0133676
0 0.365249 0.649707 0.0120541 0.0236908
0 0.343706 0.942277 0.0242017 0.0129785
0 0.0757209 0.856999 0.0242706 0.0121357
0 0.205973 0.542865 0.024376 0.0129047
0 0.0756768 0.770849 0.0246026 0.0129897
0 0.0758537 0.731784 0.0246807 0.0126301
0 0.745786 0.370375 0.0248651 0.0131784
0 0.344803 0.899321 0.0241828 0.0125665
0 0.222654 0.603855 0.0126775 0.0238006
0 0.195444 0.730217 0.0126502 0.023787
0 0.639438 0.760158 0.0129881 0.0252969
0 0.194529 0.907054 0.0117439 0.0238533
0 0.857141 0.314639 0.0148297 0.00828943
0 0.194559 0.7711 0.0124071 0.0239501
0 0.0730484 0.394345 0.0243931 0.0130025
0 0.0729745 0.456227 0.0239012 0.0124886
0 0.279435 0.330203 0.0156299 0.0088495
0 0.075672 0.815054 0.0246969 0.012373
0 0.344583 0.687273 0.0238288 0.0128312
0 0.345664 0.815034 0.0247091 0.0125735
0 0.346253 0.730288 0.023804 0.0135906
0 0.0752733 0.984063 0.0235126 0.0126741
0 0.0755846 0.686424 0.0238645 0.0127687
0 0.225449 0.947533 0.0124121 0.0236372
0 0.075638 0.635503 0.024114 0.0124335
0 0.34471 0.983889 0.0237776 0.0124253
0 0.194535 0.81848 0.0122763 0.023906
0 0.63885 0.841373 0.0127296 0.0236631
0 0.798248 0.369341 0.0247855 0.0125656
0 0.225122 0.771227 0.0117966 0.023897
0 0.20777 0.56898 0.0249004 0.0131977
0 0.194609 0.947892 0.0117966 0.0239035
0 0.0755061 0.898197 0.023613 0.0129855
0 0.225535 0.506721 0.0122587 0.0238119
0 0.347185 0.397379 0.0249774 0.0121236
0 0.854344 0.283053 0.0159807 0.00844777
0 0.249519 0.361878 0.024065 0.0118082
0 0.224969 0.818291 0.012116 0.0239073
0 0.225863 0.906497 0.0116601 0.0235333
0 0.072785 0.51527 0.0241396 0.013168
1 0.194826 0.932526 0.0155101 0.00499988
0 0.225483 0.859032 0.0119034 0.0241958
0 0.194756 0.632731 0.0122906 0.0240634
1 0.330984 0.576449 0.00499466 0.0136816
0 0.194734 0.682364 0.0122481 0.0233981
0 0.802238 0.10148 0.0244303 0.0131332
0 0.597981 0.821196 0.0170035 0.0100552
1 0.339901 0.612407 0.0154367 0.00519193
1 0.222682 0.588819 0.0144454 0.00515578
0 0.171243 0.353253 0.0235068 0.0120584
0 0.346699 0.576316 0.0257383 0.0121852
0 0.0743999 0.577266 0.0237043 0.0132222
0 0.662187 0.366944 0.0253156 0.0133938
0 0.194738 0.859066 0.0119638 0.0243605
1 0.195088 0.71463 0.0138258 0.00475217
1 0.331802 0.397506 0.00579584 0.0143776
1 0.194789 0.667465 0.0153543 0.0048164
0 0.434131 0.18514 0.0101737 0.0173051
1 0.0911227 0.815369 0.00619963 0.0143912
0 0.346432 0.857859 0.0239742 0.0125709
1 0.0906827 0.941766 0.00586545 0.0148916
1 0.638913 0.745119 0.0147686 0.00427909
1 0.191042 0.542907 0.00515514 0.0149773
1 0.192578 0.568847 0.00589824 0.015259
1 0.331314 0.457309 0.00530149 0.0153574
1 0.0905668 0.635791 0.00499695 0.0144356
1 0.0575988 0.514913 0.00557351 0.0152701
1 0.224098 0.448718 0.00492313 0.0143092
1 0.195059 0.832017 0.0143906 0.00408148
1 0.225046 0.933106 0.0152766 0.00443005
1 0.0909478 0.731455 0.00516671 0.0143459
1 0.33186 0.551056 0.00485461 0.0152717
1 0.0581045 0.394408 0.00505281 0.0149982
1 0.0905591 0.770513 0.00548901 0.0147825
1 0.364982 0.634679 0.0146385 0.00569985
1 0.265309 0.28534 0.0102669 0.0378556
1 0.222651 0.569213 0.0051094 0.0148297
1 0.582575 0.767517 0.0635826 0.0276799
1 0.287152 0.285285 0.0108633 0.0382425
1 0.69102 0.352323 0.00306189 0.00963933
1 0.222461 0.123676 0.0115369 0.0372048
1 0.198398 0.473398 0.00550997 0.0144797
0 0.666968 0.0851105 0.0159142 0.00846925
1 0.194644 0.785612 0.0137787 0.00496355
1 0.0592628 0.577229 0.00593697 0.0150001
1 0.225087 0.831827 0.0140872 0.00389937
1 0.0582585 0.456423 0.00500056 0.0145948
1 0.2249 0.785678 0.0135987 0.00489332
1 0.0909175 0.85664 0.00563145 0.0144529
1 0.760477 0.370331 0.00506235 0.0148174
1 0.286982 0.124108 0.0109312 0.036722
1 0.266947 0.123152 0.0113258 0.036753
1 0.309071 0.285787 0.0107836 0.037952
2 0.740448 0.235779 0.174771 0.115344
1 0.200497 0.284707 0.012124 0.0384276
1 0.224441 0.756402 0.0147872 0.00596594
1 0.244487 0.122844 0.012087 0.0372017
1 0.0905776 0.686468 0.00582197 0.014817
1 0.330741 0.815551 0.00505044 0.0150181
1 0.433413 0.174461 0.0112202 0.00349367
1 0.269975 0.330415 0.00329637 0.00976062
1 0.200649 0.12416 0.0121463 0.0366866
1 0.373567 0.285351 0.0106931 0.0392694
1 0.330851 0.285788 0.0110743 0.0381972
1 0.339759 0.64236 0.0153352 0.00621108
1 0.0601403 0.898477 0.00583006 0.0135796
1 0.194627 0.697336 0.0137776 0.00553925
1 0.308962 0.124374 0.0112511 0.0371574
1 0.0903533 0.898451 0.00602424 0.0145173
1 0.7723 0.418093 0.0140469 0.0503389
1 0.78282 0.36949 0.00585393 0.0144182
1 0.434081 0.809183 0.0288253 0.090615
1 0.0605354 0.770245 0.00609114 0.0149497
0 0.225455 0.68178 0.0125484 0.0241869
1 0.0903329 0.984386 0.00584147 0.0140548
1 0.817567 0.101171 0.00495898 0.0153839
1 0.352147 0.285651 0.0104025 0.0382412
1 0.864088 0.283269 0.00305107 0.00950651
1 0.0600653 0.984175 0.00581646 0.013116
1 0.73064 0.370338 0.00448008 0.0146031
1 0.222643 0.285389 0.0117752 0.0387988
1 0.225624 0.521978 0.0141827 0.00609301
1 0.244321 0.285215 0.0112605 0.0389298
1 0.352614 0.12393 0.0103409 0.0352388
1 0.194024 0.803327 0.0143457 0.0061688
1 0.581528 0.845882 0.0634006 0.0279804
1 0.373561 0.123933 0.0103453 0.035636
1 0.329493 0.983993 0.00608647 0.0150287
1 0.224289 0.803321 0.0144551 0.00623321
1 0.194332 0.963189 0.0133954 0.00587939
1 0.330914 0.12434 0.0118521 0.037387
1 0.677274 0.367063 0.00461053 0.0144315
1 0.331096 0.770709 0.00685864 0.0163357
1 0.329648 0.687253 0.00581241 0.0154853
1 0.329695 0.899365 0.0057156 0.0146945
1 0.394925 0.285296 0.0117152 0.0393333
1 0.194529 0.892247 0.0144345 0.00537854
1 0.557624 0.807724 0.0158234 0.0158932
1 0.22078 0.54335 0.00577522 0.0142871
1 0.222709 0.619072 0.0146627 0.00567402
1 0.36184 0.457941 0.00511241 0.0142037
1 0.361807 0.397387 0.00544642 0.0136433
1 0.708521 0.420422 0.0111911 0.0454647
1 0.847472 0.314762 0.00301836 0.00949663
1 0.0604847 0.856229 0.0060625 0.0149928
1 0.224186 0.66683 0.0156059 0.00513565
1 0.63882 0.855458 0.0138487 0.00403695
1 0.195156 0.744384 0.0159433 0.00496173
1 0.0604574 0.635396 0.00572805 0.0141017
1 0.0603362 0.815118 0.00527436 0.0135295
1 0.0890583 0.577068 0.00560191 0.0146975
1 0.361718 0.551281 0.00553 0.0148225
1 0.22853 0.473315 0.00534634 0.0134632
1 0.0606364 0.686626 0.00580122 0.0137755
1 0.185832 0.353512 0.00540213 0.0135567
1 0.0606839 0.731453 0.0058689 0.0146162
1 0.225308 0.962885 0.0137552 0.00556902
1 0.330624 0.730301 0.00591 0.0159888
1 0.639045 0.826233 0.0141385 0.00517029
1 0.0601763 0.941389 0.00541551 0.0145488
1 0.329495 0.857499 0.00727266 0.015987
1 0.0879397 0.394557 0.00593674 0.0147497
1 0.361672 0.576508 0.00516619 0.0143294
1 0.395784 0.124519 0.0107932 0.0335986
1 0.787093 0.101716 0.00524665 0.01326
1 0.193809 0.44862 0.00597874 0.0146015
1 0.0879103 0.456524 0.0055646 0.0141276
1 0.639545 0.77549 0.0156313 0.00508543
1 0.0884029 0.515282 0.00562515 0.0145733
1 0.194977 0.755418 0.0156653 0.00464011
1 0.22561 0.714994 0.0140285 0.00615786
1 0.676388 0.0850611 0.00317502 0.00902626
1 0.361577 0.771889 0.00524802 0.0134769
1 0.719142 0.313004 0.00841078 0.0378696
1 0.645956 0.367512 0.00552149 0.0143096
1 0.705709 0.313137 0.00843642 0.0373846
