0 0.308726 0.645616 0.0247287 0.0129256
0 0.190257 0.692215 0.0132732 0.0241467
0 0.30235 0.125427 0.0124311 0.024329
0 0.301682 0.0438125 0.0126993 0.0240251
0 0.942087 0.338794 0.0130248 0.0241491
0 0.0382019 0.565696 0.0237268 0.0124824
0 0.0388676 0.268412 0.023303 0.0116
0 0.0386515 0.393514 0.0236461 0.0122735
0 0.19086 0.0537015 0.01248 0.0235036
0 0.307178 0.480545 0.024573 0.0136785
0 0.714195 0.144312 0.0330818 0.0196582
0 0.190369 0.650559 0.0134164 0.0243821
0 0.602867 0.128878 0.0202185 0.0330119
0 0.694278 0.356931 0.0202904 0.0318564
0 0.307628 0.607082 0.0243814 0.0121997
0 0.0387518 0.606683 0.0235725 0.0123305
0 0.568538 0.376497 0.0203395 0.0321593
0 0.402462 0.628983 0.0266661 0.0144897
0 0.307926 0.692218 0.0245757 0.01304
0 0.629821 0.414106 0.0209253 0.0328734
0 0.191424 0.0944736 0.0127773 0.0241393
0 0.163956 0.621231 0.0125371 0.0236776
1 0.655367 0.048567 0.0234134 0.00800314
0 0.798227 0.357902 0.00944925 0.0176265
0 0.0392009 0.0967916 0.0236109 0.0117562
0 0.660478 0.299988 0.0200167 0.0333248
0 0.307407 0.395364 0.0246518 0.0123027
0 0.872003 0.204005 0.0210202 0.0336873
0 0.0385171 0.480627 0.0237967 0.012938
0 0.191484 0.140274 0.0121684 0.023576
0 0.155834 0.0515891 0.0129749 0.0255306
0 0.636071 0.128946 0.0189395 0.0319426
0 0.309874 0.229583 0.0245375 0.0128083
0 0.190243 0.484851 0.0130524 0.0238681
0 0.0379396 0.00925136 0.0238519 0.0131086
0 0.307343 0.787328 0.0249958 0.0125606
0 0.598263 0.357161 0.0190848 0.0326985
0 0.0387659 0.183185 0.0237075 0.0120076
0 0.536655 0.37607 0.0184166 0.0277353
0 0.156947 0.140597 0.0118749 0.0235883
1 0.692111 0.262431 0.0226958 0.00917482
0 0.715837 0.0738602 0.0336195 0.0198887
0 0.308007 0.521536 0.0244467 0.0122559
0 0.714994 0.110489 0.0324527 0.0205109
2 0.851455 0.314745 0.0805383 0.0598698
0 0.307567 0.565051 0.0228846 0.0120336
0 0.66799 0.128014 0.019686 0.0329142
0 0.302264 0.0845821 0.0124465 0.0243012
0 0.190074 0.528868 0.0128185 0.0231485
0 0.190514 0.392674 0.0129509 0.0235915
0 0.156999 0.297635 0.0126007 0.0247901
0 0.16332 0.529362 0.0118587 0.0229906
0 0.667071 0.187443 0.0200973 0.0329895
0 0.722222 0.41447 0.0209428 0.0334389
0 0.724595 0.356361 0.0202966 0.0321655
0 0.158237 0.437267 0.011708 0.0231861
0 0.156451 0.482684 0.012968 0.0238636
0 0.911935 0.320031 0.00787441 0.0149769
0 0.18295 0.018455 0.0243273 0.0116262
0 0.655613 0.0698446 0.0197771 0.0342058
0 0.190067 0.569604 0.0126435 0.0243829
0 0.308398 0.191138 0.0242306 0.0129183
0 0.190671 0.181178 0.0130797 0.0241483
0 0.309851 0.259316 0.0246337 0.0133501
0 0.571103 0.128484 0.0179656 0.0279027
0 0.69294 0.284065 0.0199842 0.0325657
0 0.0389778 0.353206 0.0233769 0.0120255
0 0.162715 0.57031 0.0117745 0.0234675
0 0.0389019 0.649471 0.0231344 0.0115991
0 0.628728 0.357698 0.0185768 0.0330362
0 0.820549 0.214302 0.0236025 0.0126826
1 0.536255 0.356939 0.0222828 0.00982569
0 0.189974 0.61037 0.0133076 0.0245657
0 0.820424 0.190335 0.0162215 0.00886381
0 0.156128 0.0957572 0.0131666 0.0246926
0 0.156738 0.256346 0.0125473 0.0239563
0 0.0394269 0.310806 0.0236454 0.0121909
1 0.568166 0.355435 0.0223009 0.00860933
0 0.314743 0.743298 0.0229257 0.0123742
0 0.190487 0.732378 0.012501 0.0239055
0 0.370953 0.15947 0.0245118 0.0126777
0 0.0384331 0.524254 0.0233293 0.0118883
0 0.909173 0.186864 0.0276576 0.0142226
0 0.659551 0.357324 0.0192981 0.0344453
0 0.156277 0.350598 0.0127169 0.023635
0 0.189463 0.814861 0.0233719 0.0120784
0 0.0385349 0.436463 0.024189 0.0125191
1 0.635771 0.107892 0.0217051 0.00877834
0 0.19023 0.255669 0.0131812 0.024527
0 0.30924 0.29554 0.0247083 0.0120961
1 0.872374 0.224798 0.0236816 0.00826226
0 0.157524 0.181103 0.0128955 0.0246309
1 0.629669 0.392662 0.022912 0.00769259
1 0.630044 0.434557 0.0223711 0.00735186
0 0.0393018 0.225917 0.0240753 0.0118548
2 0.377976 0.281175 0.0184339 0.0466334
1 0.660116 0.278637 0.0222847 0.00887633
0 0.163202 0.217481 0.0245548 0.0121619
1 0.60292 0.107451 0.0218871 0.00853757
0 0.16273 0.663084 0.0117176 0.0237961
0 0.715185 0.179464 0.0325219 0.0199259
0 0.039947 0.13928 0.0244548 0.012067
1 0.941891 0.323743 0.0152469 0.00478648
1 0.667852 0.207877 0.0226123 0.00718345
1 0.872198 0.182916 0.0240924 0.00737877
1 0.723283 0.435714 0.0241778 0.00806027
0 0.334522 0.0863752 0.0149125 0.0253459
0 0.039553 0.0540419 0.0241631 0.011746
0 0.156706 0.39269 0.0119612 0.0230066
1 0.190014 0.635785 0.0161541 0.00488975
1 0.736145 0.179692 0.00777598 0.0224756
1 0.568538 0.397353 0.0230155 0.00805526
1 0.163678 0.542744 0.0138183 0.00402663
1 0.668363 0.107167 0.0221903 0.00819889
1 0.324858 0.229737 0.00499666 0.0143767
1 0.693688 0.0741635 0.00884484 0.0234284
1 0.292872 0.52137 0.00507261 0.0145202
1 0.190466 0.747051 0.0144052 0.00483966
1 0.736319 0.0745346 0.00714349 0.0209578
0 0.189695 0.442245 0.0127943 0.024494
1 0.189787 0.542568 0.0152698 0.00438046
1 0.570929 0.108223 0.0216637 0.0103566
1 0.15634 0.0802625 0.0148593 0.00538981
1 0.666253 0.165593 0.0226337 0.00926948
1 0.537154 0.396296 0.0213774 0.0105709
1 0.361072 0.29632 0.0142905 0.0104854
1 0.19072 0.378121 0.0155601 0.00525159
1 0.72181 0.393257 0.0234613 0.00772607
1 0.655368 0.089737 0.0215521 0.00699708
1 0.190844 0.166437 0.0149755 0.00514445
1 0.156362 0.378366 0.0134816 0.00417572
0 0.953897 0.367276 0.0151312 0.00871336
1 0.155969 0.467048 0.0162005 0.00595308
1 0.753918 0.347387 0.00958421 0.00404905
1 0.156368 0.0662155 0.0148945 0.00487313
1 0.168166 0.0184807 0.00458295 0.0132531
1 0.189322 0.676942 0.0154727 0.00541262
1 0.293044 0.60695 0.00478435 0.0140681
1 0.323262 0.645527 0.00500385 0.0142388
1 0.1568 0.270686 0.0147074 0.00451007
1 0.190001 0.70632 0.0146781 0.00422643
0 0.754331 0.357359 0.00850502 0.0156413
1 0.189554 0.543749 0.0144303 0.00500269
1 0.62903 0.37734 0.0211362 0.00801421
1 0.164278 0.635517 0.0151166 0.004116
1 0.292749 0.691957 0.00524214 0.0153055
1 0.155984 0.0365446 0.0145621 0.00470179
1 0.292192 0.787339 0.00513064 0.0149434
1 0.293114 0.645331 0.00565863 0.015232
1 0.72412 0.377756 0.02295 0.00743306
1 0.570803 0.147644 0.0215374 0.00864706
1 0.157654 0.165982 0.0147884 0.00539745
1 0.189959 0.51377 0.0144557 0.00532388
1 0.73608 0.109601 0.00750257 0.022621
1 0.163981 0.606728 0.0148823 0.00572586
1 0.735443 0.144935 0.00846982 0.022149
1 0.293306 0.191327 0.00559772 0.0153082
1 0.602648 0.149339 0.0231304 0.00778381
1 0.417583 0.628793 0.00384259 0.0157051
1 0.300895 0.743335 0.00499763 0.0143776
1 0.189905 0.457094 0.0154646 0.00500823
1 0.30142 0.0284266 0.0163829 0.00577573
1 0.598502 0.377075 0.0225656 0.00824153
1 0.32491 0.258712 0.00555123 0.0142063
1 0.17504 0.814955 0.00536892 0.0141675
1 0.694425 0.179584 0.0075269 0.0223354
1 0.659385 0.377369 0.0210226 0.00829159
1 0.156288 0.497525 0.0146895 0.00568684
1 0.301397 0.0576705 0.0152069 0.00412216
1 0.798148 0.346649 0.0108451 0.00370154
1 0.292229 0.395184 0.00470508 0.0137982
1 0.925679 0.186945 0.00432705 0.0156962
1 0.385656 0.15968 0.00533126 0.014989
1 0.302106 0.0987298 0.0144772 0.00404042
1 0.694004 0.109734 0.00760194 0.0219272
1 0.395581 0.279422 0.016228 0.0135042
1 0.628942 0.336444 0.0197469 0.00784486
1 0.693522 0.377304 0.0224097 0.00840831
1 0.863228 0.35838 0.00985074 0.0270095
1 0.190804 0.0677593 0.0137963 0.00429615
1 0.292329 0.480526 0.0052322 0.0155467
1 0.356435 0.159606 0.00450903 0.0147139
1 0.162475 0.677681 0.0134608 0.00516103
1 0.884953 0.264248 0.0111866 0.0327138
1 0.841027 0.358431 0.0088077 0.0260882
1 0.156324 0.365415 0.0136296 0.00554873
1 0.052888 0.56602 0.00546026 0.0146654
1 0.322806 0.191662 0.0045105 0.0142306
1 0.293101 0.565009 0.00513221 0.0143042
1 0.693629 0.14462 0.00642595 0.0207855
1 0.294141 0.259621 0.00648464 0.0157595
1 0.694131 0.335744 0.0225096 0.00843286
1 0.0536602 0.0099608 0.00681016 0.0155064
1 0.884606 0.35806 0.0105955 0.0264333
1 0.387153 0.628909 0.00432265 0.0160195
1 0.668166 0.149242 0.0221222 0.00830442
1 0.724465 0.336116 0.0235967 0.00813594
1 0.941839 0.353939 0.0137552 0.00526547
1 0.189687 0.595902 0.0136274 0.00441773
1 0.189729 0.707415 0.0142935 0.0048528
1 0.660209 0.33533 0.0224173 0.00866846
1 0.190426 0.271668 0.0154145 0.00625717
1 0.323524 0.29551 0.00490286 0.0132064
1 0.190254 0.470702 0.0148823 0.0049522
1 0.360933 0.262862 0.0148778 0.0107385
1 0.819892 0.263988 0.0111834 0.0339804
1 0.661254 0.32154 0.0242698 0.00763296
1 0.636164 0.149763 0.0212283 0.00801027
1 0.294709 0.229319 0.00585484 0.0147618
1 0.863224 0.26416 0.0101454 0.0328024
1 0.157089 0.111394 0.0171624 0.00592587
1 0.294169 0.295747 0.00604038 0.0145187
1 0.963688 0.367853 0.00402845 0.00909283
1 0.322424 0.607319 0.00541828 0.0130696
1 0.189922 0.458098 0.0153192 0.00522179
1 0.155949 0.240675 0.0150604 0.00617082
1 0.190861 0.0797557 0.0143055 0.00537032
0 0.962741 0.341323 0.0079512 0.019964
1 0.190521 0.408171 0.0153928 0.00614319
1 0.820047 0.358385 0.00987975 0.0251912
1 0.188957 0.427235 0.0161133 0.00514221
1 0.162247 0.514124 0.0151882 0.00611987
1 0.322754 0.692634 0.00527291 0.0141001
1 0.197657 0.0186299 0.00522285 0.0136423
1 0.598119 0.336458 0.0224948 0.00741733
1 0.191258 0.153788 0.0135286 0.00464641
1 0.83072 0.190381 0.0043238 0.0101783
1 0.322676 0.522017 0.00533551 0.0133013
1 0.841601 0.264289 0.0111003 0.0343952
1 0.177735 0.217028 0.00526148 0.0135514
0 0.92032 0.0612092 0.0246189 0.0590208
1 0.893239 0.187228 0.00475242 0.0155619
1 0.810056 0.190425 0.00447552 0.0107302
1 0.322442 0.395265 0.00533467 0.0140324
1 0.157396 0.283161 0.0139314 0.00507524
1 0.190531 0.240215 0.0154243 0.00531009
1 0.190378 0.196877 0.016732 0.00616657
1 0.322381 0.787224 0.00562358 0.0140503
1 0.322241 0.565243 0.00557674 0.0142463
1 0.189957 0.583461 0.0136056 0.00446226
1 0.301386 0.0274251 0.0175923 0.005169
1 0.0243761 0.139016 0.00658006 0.0144972
1 0.87679 0.00687937 0.00932356 0.0137587
1 0.806911 0.214334 0.0042931 0.0134692
1 0.158074 0.450791 0.0123442 0.00495154
1 0.884558 0.24543 0.0132971 0.00374197
1 0.334151 0.103144 0.0172352 0.0068748
1 0.0528833 0.393788 0.00542085 0.013997
1 0.15737 0.408073 0.0171681 0.00653279
1 0.0526811 0.480654 0.00526959 0.0142668
1 0.156616 0.334951 0.0165887 0.00664673
3 0.301076 0.0101885 0.0255232 0.019767
0 0.190424 0.296855 0.013298 0.026801
1 0.693161 0.303765 0.0225649 0.0067598
1 0.0259339 0.096927 0.00439126 0.0130206
1 0.911754 0.310116 0.00835525 0.00379062
1 0.189989 0.124156 0.0171295 0.00701256
1 0.0525992 0.523723 0.00480716 0.013386
