5 0.477066 0.243028 0.164647 0.162252
5 0.774412 0.24388 0.164652 0.162982
5 0.176916 0.243597 0.162746 0.161793
3 0.323954 0.431088 0.0696573 0.0529705
0 0.913266 0.350561 0.0262988 0.0526016
0 0.63063 0.375189 0.0528167 0.0267487
0 0.612787 0.10903 0.0267024 0.052257
0 0.912131 0.139725 0.0258932 0.0507174
0 0.313976 0.122408 0.0265747 0.0516424
0 0.339708 0.271178 0.0157707 0.00813375
0 0.637967 0.433801 0.019475 0.0320048
0 0.690679 0.447359 0.0332076 0.0197875
0 0.473552 0.448984 0.0255361 0.01353
0 0.568261 0.369911 0.0232897 0.0121107
1 0.91236 0.170644 0.0283825 0.00946121
0 0.47334 0.425526 0.0265368 0.0149664
0 0.693032 0.985161 0.0084181 0.0152624
1 0.912154 0.107143 0.0292251 0.0134689
0 0.603881 0.452647 0.0172591 0.00945066
0 0.868945 0.369402 0.0238358 0.0126103
0 0.0397302 0.307982 0.0150397 0.00825216
1 0.912566 0.317358 0.0281899 0.0125132
0 0.269721 0.369312 0.0243974 0.0125062
1 0.598388 0.373795 0.011534 0.0268683
0 0.519286 0.433471 0.0269218 0.0145922
0 0.63203 0.856125 0.0118656 0.0241549
1 0.612934 0.0765808 0.0283611 0.0118638
0 0.910148 0.282881 0.00809335 0.0148997
0 0.599627 0.966101 0.0150469 0.00785815
0 0.45687 0.95289 0.0244148 0.0133023
0 0.638722 0.273601 0.0150372 0.00861596
1 0.277067 0.431184 0.0237095 0.041487
0 0.0374188 0.27684 0.0145371 0.00738166
1 0.912932 0.381558 0.0292985 0.0104733
1 0.361797 0.372491 0.0110246 0.028083
0 0.330488 0.373456 0.050781 0.026598
0 0.454496 0.469467 0.0154756 0.00791234
1 0.6124 0.140124 0.0286496 0.0102666
1 0.313027 0.0887702 0.0280556 0.0129308
0 0.709289 0.409661 0.0315365 0.0188423
0 0.650065 0.330705 0.015058 0.00759566
0 0.307995 0.283349 0.00825991 0.0156805
0 0.351768 0.332422 0.0152215 0.0082612
1 0.488279 0.448289 0.00416534 0.0145029
1 0.313212 0.152829 0.0290318 0.0089595
1 0.504213 0.433233 0.00464249 0.0157851
1 0.366853 0.430211 0.0170872 0.0419405
1 0.631392 0.840822 0.0149073 0.00522895
1 0.662097 0.374058 0.0100166 0.0285917
0 0.609632 0.281696 0.00815964 0.0165228
1 0.298638 0.373056 0.0105857 0.0278681
1 0.488016 0.425718 0.00379112 0.015291
1 0.638289 0.454407 0.0230585 0.00790083
1 0.669498 0.446994 0.00709652 0.0232502
1 0.534092 0.433299 0.00476524 0.0158296
1 0.441236 0.952924 0.0054376 0.0143514
1 0.377963 0.310573 0.0268051 0.00915896
1 0.854471 0.369421 0.00440441 0.0140217
1 0.73057 0.409914 0.00808553 0.0222858
1 0.65921 0.331066 0.0040115 0.00873294
1 0.842565 0.145887 0.00888018 0.0266294
1 0.676437 0.3103 0.0263429 0.00904221
1 0.829091 0.145283 0.00855499 0.0275531
1 0.488925 0.341008 0.0080103 0.0262234
1 0.574267 0.310533 0.0267935 0.00945998
1 0.543592 0.340498 0.00772526 0.0269385
1 0.378336 0.255581 0.0272035 0.00854742
1 0.676597 0.242735 0.0259963 0.00837279
1 0.815669 0.145805 0.0085251 0.026959
1 0.37864 0.201519 0.0286185 0.00902193
1 0.676378 0.256024 0.0259741 0.00851404
1 0.530234 0.340257 0.00784796 0.0270092
1 0.575373 0.283895 0.0269407 0.00957723
1 0.434279 0.340749 0.00814128 0.026031
1 0.57433 0.2978 0.0262217 0.00777723
1 0.449078 0.340644 0.00766432 0.0262629
1 0.872491 0.284002 0.0269227 0.00927243
1 0.706145 0.339988 0.00824356 0.0270052
1 0.614336 0.452484 0.00355692 0.010703
1 0.872791 0.17483 0.0269895 0.00978243
1 0.544397 0.145632 0.00851759 0.0265125
1 0.308093 0.292787 0.0097645 0.00350999
1 0.574679 0.243262 0.0266245 0.00808072
1 0.518278 0.144702 0.00804998 0.0277203
1 0.872417 0.242945 0.0270725 0.00835955
1 0.842253 0.340779 0.00875979 0.0274433
1 0.746327 0.341084 0.0084281 0.0252556
1 0.574512 0.256076 0.0271893 0.00834346
1 0.676173 0.28301 0.0280009 0.0088818
1 0.0278392 0.277233 0.00363846 0.00934263
1 0.575256 0.188543 0.0269928 0.00863383
1 0.378289 0.242574 0.0276777 0.00828618
1 0.676152 0.269657 0.0270364 0.00881136
1 0.47587 0.340552 0.00788367 0.0268381
1 0.462815 0.340062 0.0080911 0.0277677
1 0.871966 0.297679 0.026429 0.00801796
1 0.676586 0.297282 0.0269773 0.00871061
1 0.378296 0.283336 0.0283706 0.0089504
1 0.463825 0.144615 0.00782704 0.0272323
1 0.676682 0.229534 0.0272479 0.00895119
1 0.589898 0.966121 0.00366592 0.00959096
1 0.378706 0.229329 0.0288834 0.00932013
1 0.761054 0.341153 0.00814306 0.0263342
1 0.274336 0.175616 0.0257363 0.00867254
1 0.774352 0.340353 0.00828984 0.0280762
1 0.408136 0.339043 0.00861456 0.0287665
1 0.720033 0.340252 0.00785402 0.0276731
1 0.872488 0.256397 0.027096 0.00871063
1 0.503434 0.341138 0.00764271 0.027212
1 0.872575 0.201349 0.0262542 0.00911062
1 0.872518 0.310048 0.0274332 0.00963686
1 0.574755 0.201706 0.026773 0.00903211
1 0.828818 0.340628 0.00820322 0.0276848
1 0.108473 0.145795 0.00911772 0.0268873
1 0.629054 0.273577 0.00359307 0.00948847
1 0.378426 0.188128 0.0282234 0.00863677
1 0.516869 0.339988 0.00795077 0.0282005
1 0.582829 0.370528 0.00453161 0.0155783
1 0.761258 0.145509 0.00756261 0.0268478
1 0.676742 0.187987 0.0268517 0.00857123
1 0.800442 0.341408 0.00821642 0.0269486
1 0.67663 0.201627 0.0263292 0.00916778
1 0.872458 0.188568 0.0268263 0.00829855
1 0.274344 0.311899 0.0269413 0.00839499
1 0.0787408 0.298214 0.0260526 0.00865602
1 0.732999 0.340577 0.00828002 0.0263234
1 0.378689 0.174209 0.0286401 0.00980749
1 0.274314 0.270636 0.026644 0.00845718
1 0.631969 0.870625 0.0144611 0.00447126
1 0.37859 0.29716 0.0278477 0.00855905
1 0.676943 0.215043 0.0264402 0.00818127
1 0.0782942 0.270694 0.0274977 0.00876151
1 0.421472 0.340055 0.00804901 0.0280635
1 0.575251 0.229736 0.0273285 0.0090854
1 0.0787064 0.215957 0.0271049 0.00871244
1 0.574802 0.174747 0.0269507 0.00928718
1 0.801054 0.145265 0.00771776 0.027309
1 0.872467 0.215363 0.0268059 0.00836771
1 0.872678 0.269924 0.0265939 0.00849974
1 0.775307 0.144575 0.00771901 0.0284976
1 0.503755 0.144976 0.0079169 0.0266063
1 0.37836 0.214837 0.0280354 0.00918098
1 0.121647 0.341228 0.0075739 0.0265008
1 0.27497 0.216204 0.0278895 0.00873849
1 0.274699 0.244395 0.0265882 0.00838375
1 0.720773 0.145176 0.00762783 0.0268883
1 0.175658 0.34144 0.00851006 0.0270033
1 0.449409 0.145194 0.00718604 0.0259776
1 0.204255 0.145354 0.00796285 0.0276441
1 0.230505 0.341767 0.00841181 0.0263154
1 0.378092 0.269487 0.0273421 0.00876142
1 0.711405 0.446583 0.00766454 0.0225197
1 0.872865 0.229685 0.0272842 0.00912943
1 0.0786301 0.244229 0.0265625 0.00906224
1 0.43525 0.144948 0.00791575 0.0260636
1 0.574508 0.21526 0.0267231 0.00807285
1 0.746454 0.145526 0.00747774 0.0257745
1 0.471594 0.952947 0.00537228 0.0152338
1 0.457309 0.424596 0.00469602 0.0162882
1 0.274778 0.285113 0.0274226 0.00843836
1 0.149532 0.341158 0.00802941 0.0284012
1 0.574199 0.269844 0.0256465 0.00825863
1 0.107911 0.340835 0.00841374 0.0284782
1 0.408643 0.144442 0.00734723 0.0290757
1 0.787563 0.340665 0.00888612 0.0272805
1 0.463848 0.469485 0.00392742 0.0086562
1 0.274832 0.299 0.0277265 0.00786806
1 0.609578 0.292625 0.0104656 0.00383784
1 0.284481 0.369906 0.00484348 0.0185173
1 0.787704 0.144849 0.00759744 0.0278037
1 0.816137 0.340858 0.00742909 0.026395
1 0.910317 0.292072 0.00935789 0.00372405
1 0.476161 0.145094 0.00839424 0.0269129
1 0.688462 0.409825 0.0078514 0.0215238
1 0.190609 0.341951 0.00829143 0.0279741
1 0.0788363 0.189344 0.0272834 0.00888235
1 0.0788674 0.230372 0.0275333 0.00871286
1 0.45805 0.448957 0.00435782 0.0153745
1 0.733215 0.145665 0.00841209 0.0263236
1 0.530599 0.14531 0.00826001 0.0264825
1 0.25511 0.369484 0.00460743 0.0140897
1 0.217161 0.341588 0.00826645 0.0270398
1 0.676856 0.174497 0.0270745 0.0080731
1 0.706254 0.145862 0.00726894 0.0269258
1 0.244943 0.341187 0.00733805 0.0273799
1 0.274668 0.190045 0.0263597 0.00858333
1 0.0496161 0.308492 0.00381472 0.00890588
1 0.13556 0.34164 0.0083068 0.0268394
1 0.275434 0.230498 0.0287044 0.00828591
1 0.489604 0.14473 0.00748253 0.0262232
1 0.711493 0.927545 0.01751 0.0238021
1 0.0791249 0.203097 0.0279451 0.00903888
1 0.0787676 0.284848 0.0278682 0.00876836
1 0.0789396 0.311509 0.0260332 0.00735818
1 0.422486 0.144918 0.00822324 0.0272046
1 0.136044 0.146232 0.00802336 0.0257441
1 0.245526 0.146029 0.00918734 0.0264103
1 0.0786075 0.175561 0.0265393 0.00926577
1 0.121849 0.146218 0.00758725 0.0253236
1 0.637812 0.413136 0.0209638 0.0072745
1 0.149844 0.145382 0.00826513 0.0269582
1 0.230884 0.1464 0.00728459 0.0256717
1 0.21736 0.146023 0.00824523 0.0263296
1 0.274318 0.257507 0.026871 0.00853384
1 0.203932 0.341141 0.00742041 0.0266315
1 0.162734 0.34122 0.00826615 0.0273425
1 0.190734 0.145393 0.00743897 0.0259352
1 0.176102 0.145955 0.00729578 0.025849
1 0.0787009 0.257457 0.028087 0.00855183
1 0.27431 0.20297 0.0261553 0.00896049
1 0.162995 0.145648 0.00793762 0.0261647
1 0.692825 0.995561 0.00959278 0.00524965
1 0.88475 0.369137 0.00504115 0.0143832
