5 0.177777 0.244223 0.16163 0.161508
5 0.477578 0.243029 0.164329 0.162384
5 0.775819 0.242912 0.164949 0.16191
0 0.629804 0.374089 0.0499642 0.0260345
0 0.613163 0.108751 0.0263065 0.0521105
0 0.914175 0.349193 0.0264504 0.0522126
0 0.913654 0.139399 0.0257268 0.0526754
0 0.639294 0.272728 0.0150695 0.00854702
0 0.314541 0.121843 0.0266919 0.051685
3 0.322719 0.430413 0.0723624 0.0545027
0 0.691293 0.447603 0.0327526 0.0197809
0 0.0381387 0.275287 0.0146352 0.00834456
0 0.569008 0.369725 0.0234614 0.0123911
0 0.340918 0.271069 0.015483 0.0080996
0 0.604478 0.452046 0.0163961 0.009387
1 0.913271 0.106509 0.0291426 0.0121797
0 0.638726 0.433532 0.0205555 0.0330196
0 0.454781 0.469473 0.0147896 0.0081092
0 0.270417 0.369277 0.0242398 0.0128838
0 0.600475 0.965953 0.014874 0.00770738
1 0.362557 0.371774 0.0104017 0.0283309
0 0.631988 0.855792 0.0125091 0.0243976
0 0.693772 0.984585 0.00822067 0.0149889
0 0.473592 0.424258 0.0263433 0.0146111
0 0.0406368 0.308252 0.0152895 0.00852819
0 0.352704 0.332088 0.0152558 0.00795711
0 0.329957 0.372267 0.0518692 0.0259653
0 0.710223 0.408885 0.0328333 0.0194082
0 0.473254 0.448092 0.0244608 0.0130994
0 0.911444 0.282692 0.00793532 0.0154047
0 0.520169 0.431873 0.0265956 0.0144435
0 0.870521 0.368625 0.0240141 0.0125939
1 0.913673 0.170379 0.0284395 0.00975507
1 0.367197 0.429505 0.0184641 0.0402869
1 0.913126 0.317143 0.0274663 0.0112005
1 0.613688 0.139591 0.0291472 0.0101054
0 0.610074 0.281406 0.00812793 0.0160602
0 0.457461 0.95287 0.0242781 0.0134327
1 0.598657 0.372737 0.0103744 0.0278817
1 0.298896 0.371851 0.011024 0.0293369
1 0.613639 0.0762946 0.0283174 0.011705
1 0.314088 0.0883755 0.0286677 0.0126377
0 0.650398 0.329606 0.0153739 0.00772217
0 0.308251 0.28303 0.00854445 0.0155319
1 0.314117 0.152124 0.0279859 0.00826216
1 0.631802 0.840516 0.0148484 0.00559216
1 0.661752 0.372836 0.0104125 0.0284766
1 0.488127 0.424398 0.00402491 0.0152541
1 0.913195 0.380296 0.0294685 0.010626
1 0.856032 0.368896 0.00483516 0.0151079
1 0.659658 0.33011 0.00370932 0.00869657
1 0.534996 0.432469 0.0050995 0.01619
1 0.331252 0.27114 0.00296067 0.00959815
1 0.488 0.448135 0.00370895 0.0144237
1 0.731215 0.409217 0.00791106 0.0216109
1 0.639057 0.412357 0.0229683 0.00736999
1 0.545177 0.144774 0.00805232 0.0270811
1 0.677734 0.31041 0.0274937 0.0101553
1 0.276846 0.430849 0.0202161 0.0427282
1 0.308656 0.292886 0.00991656 0.00373353
1 0.442429 0.953023 0.00543882 0.0151372
1 0.670155 0.447332 0.00704618 0.0223409
1 0.830277 0.145272 0.00844493 0.0265687
1 0.122343 0.341326 0.0082764 0.0253608
1 0.504525 0.431497 0.00410652 0.0169421
1 0.843165 0.145716 0.0093088 0.0259281
1 0.67782 0.255798 0.0267215 0.0089841
1 0.816555 0.145392 0.0079664 0.0263268
1 0.231164 0.342149 0.00877255 0.0251746
1 0.4364 0.144669 0.00796943 0.0275139
1 0.689437 0.408959 0.00779511 0.021287
1 0.873459 0.256634 0.0271579 0.00862927
1 0.463778 0.340159 0.00780034 0.0266322
1 0.629714 0.272664 0.00372214 0.00938181
1 0.721478 0.145551 0.00740433 0.0260034
1 0.873446 0.284547 0.0259761 0.00897514
1 0.677977 0.201423 0.026714 0.00960187
1 0.677617 0.269525 0.0275786 0.00880254
1 0.873268 0.174892 0.0269849 0.0107773
1 0.677409 0.283364 0.0285935 0.00955463
1 0.463917 0.14464 0.00777091 0.0274534
1 0.518803 0.144641 0.0080638 0.0283371
1 0.632401 0.870648 0.0151082 0.0048109
1 0.575347 0.283863 0.0267971 0.00933481
1 0.575311 0.255484 0.0268099 0.00883198
1 0.37918 0.310212 0.0278845 0.00959825
1 0.0797581 0.270423 0.0276995 0.00935636
1 0.873535 0.243045 0.0265846 0.00815207
1 0.87346 0.202254 0.0279672 0.00874247
1 0.275431 0.244005 0.0265361 0.00829809
1 0.677686 0.188024 0.0268626 0.00839252
1 0.36179 0.331997 0.00414858 0.00886595
1 0.48993 0.34053 0.00798763 0.0262396
1 0.532032 0.144183 0.0080819 0.0280808
1 0.77585 0.145045 0.00824168 0.0273161
1 0.746922 0.340432 0.00813694 0.0259651
1 0.82954 0.339975 0.00783207 0.0278956
1 0.873206 0.297895 0.0265977 0.0082969
1 0.274833 0.175526 0.0263941 0.00929915
1 0.435569 0.340055 0.00847207 0.0257524
1 0.706404 0.33979 0.00810817 0.0278693
1 0.190604 0.342236 0.00819588 0.026285
1 0.464153 0.469574 0.00378681 0.00892036
1 0.800963 0.341103 0.00769693 0.0264897
1 0.545313 0.339211 0.00737212 0.0267184
1 0.408653 0.338986 0.008461 0.027966
1 0.843387 0.339955 0.00825344 0.0264071
1 0.712026 0.446922 0.00781919 0.0226707
1 0.911566 0.292197 0.0088122 0.0034377
1 0.87347 0.310509 0.0268531 0.0101716
1 0.379301 0.242972 0.0280013 0.00796771
1 0.816009 0.340605 0.0076122 0.0267986
1 0.176444 0.341683 0.00858349 0.0256213
1 0.0796697 0.298408 0.0276935 0.00966272
1 0.575521 0.188336 0.0269723 0.00873508
1 0.136122 0.342026 0.00830536 0.0254223
1 0.245764 0.146709 0.0094446 0.0269777
1 0.575126 0.310192 0.0277171 0.00983301
1 0.774909 0.340062 0.00799479 0.0281894
1 0.204778 0.145866 0.00861496 0.0292589
1 0.422715 0.339279 0.00786425 0.0277793
1 0.575387 0.242741 0.0264961 0.00858385
1 0.378879 0.283031 0.0293317 0.00945304
1 0.379416 0.228567 0.0283899 0.00922656
1 0.575563 0.201144 0.0277317 0.00859803
1 0.150505 0.146393 0.00879908 0.028285
1 0.458104 0.424305 0.00495589 0.0164917
1 0.677704 0.215155 0.0271287 0.00864048
1 0.477574 0.143953 0.00808356 0.0282251
1 0.0798054 0.284285 0.0281446 0.00898852
1 0.583125 0.370216 0.00459871 0.0152103
1 0.079781 0.202601 0.027238 0.00896066
1 0.217932 0.34141 0.00776485 0.0257275
1 0.873664 0.230134 0.0268331 0.00847285
1 0.575051 0.269766 0.0261553 0.00900841
1 0.590667 0.965953 0.00411856 0.00914014
1 0.0499616 0.308232 0.00309433 0.00919924
1 0.449081 0.340309 0.00780306 0.0256622
1 0.885307 0.368383 0.00459671 0.0143267
1 0.639719 0.454347 0.0226426 0.00777673
1 0.379195 0.255161 0.0277475 0.00883378
1 0.1504 0.341479 0.00749838 0.0265652
1 0.761457 0.340332 0.00740145 0.0265146
1 0.761772 0.145424 0.00725186 0.0260001
1 0.27535 0.189835 0.0270292 0.00894517
1 0.218025 0.146083 0.00816378 0.0283459
1 0.677668 0.229391 0.0272965 0.00806328
1 0.37939 0.200536 0.028186 0.00895867
1 0.518172 0.340051 0.00742005 0.0274144
1 0.423159 0.14475 0.00843342 0.0282144
1 0.379155 0.297338 0.0287527 0.00828133
1 0.079571 0.257147 0.0271971 0.00858271
1 0.176908 0.146246 0.00813234 0.0277874
1 0.574916 0.297321 0.0274775 0.00833411
1 0.275361 0.311659 0.0280597 0.00824047
1 0.275787 0.284534 0.0288733 0.00893874
1 0.712693 0.926738 0.018266 0.0245751
1 0.575479 0.174379 0.0272384 0.0105091
1 0.231453 0.146355 0.00791826 0.0275978
1 0.720703 0.340157 0.00764941 0.0281517
1 0.575131 0.215312 0.0266012 0.00883973
1 0.204331 0.341891 0.00812274 0.0272303
1 0.472025 0.952643 0.00510209 0.0148387
1 0.677781 0.242696 0.0264469 0.00823546
1 0.503718 0.144859 0.00704825 0.0277519
1 0.379284 0.214871 0.0279263 0.00876367
1 0.477254 0.339682 0.00790881 0.0276066
1 0.275594 0.298604 0.0282539 0.00858713
1 0.801682 0.144546 0.00823018 0.0271369
1 0.677676 0.296495 0.0273533 0.00888696
1 0.575657 0.229487 0.0273802 0.00927395
1 0.873247 0.26989 0.0273266 0.00870048
1 0.079829 0.216189 0.0267534 0.00827902
1 0.73495 0.144657 0.00807903 0.0260849
1 0.0798816 0.230374 0.0278618 0.00917041
1 0.163292 0.341493 0.00807404 0.026684
1 0.122296 0.146603 0.00774807 0.0271596
1 0.0796702 0.312157 0.0269699 0.00867737
1 0.2753 0.230465 0.0263212 0.00819381
1 0.136395 0.146698 0.00843248 0.0268791
1 0.87316 0.215312 0.0280437 0.00793082
1 0.275249 0.270755 0.0276269 0.00845743
1 0.490407 0.144339 0.00746002 0.0283004
1 0.531905 0.33917 0.00766266 0.0270747
1 0.0799888 0.244088 0.0273579 0.00853116
1 0.379219 0.269599 0.0280341 0.00896979
1 0.191076 0.146214 0.00794923 0.0280694
1 0.788481 0.340541 0.00802662 0.0276786
1 0.255596 0.369858 0.00505733 0.0148679
1 0.378887 0.174441 0.0289331 0.00899332
1 0.108722 0.341145 0.00873629 0.0264952
1 0.28516 0.369526 0.00452873 0.0172818
1 0.274822 0.257298 0.0266116 0.00864792
1 0.706796 0.145532 0.00706651 0.026878
1 0.873467 0.188821 0.0276387 0.00832517
1 0.677403 0.174316 0.0284054 0.00924387
1 0.45831 0.448053 0.00425576 0.0147304
1 0.733961 0.34015 0.00804626 0.0276338
1 0.245844 0.341557 0.00782435 0.0267484
1 0.449568 0.14471 0.0072508 0.0270891
1 0.275067 0.202806 0.0270388 0.00890772
1 0.409015 0.143831 0.00880789 0.0285822
1 0.108847 0.146807 0.00839294 0.0282806
1 0.503657 0.340895 0.00720118 0.0261466
1 0.379335 0.187901 0.0283228 0.00851065
1 0.274958 0.216413 0.0268604 0.00869374
1 0.0800608 0.189761 0.0276453 0.00897903
0 0.872104 0.470787 0.0269385 0.0144014
1 0.0284575 0.275309 0.00366975 0.0105004
1 0.747557 0.145104 0.00753284 0.0254533
1 0.0798531 0.175632 0.0268566 0.00916503
1 0.789523 0.144202 0.0083909 0.0280673
1 0.613738 0.452208 0.00260519 0.00971078
1 0.163793 0.146495 0.00846237 0.0280185
