3 0.0610471 0.637263 0.0674741 0.0536929
3 0.748425 0.959427 0.0699145 0.0579045
0 0.434414 0.435096 0.0265306 0.0141309
0 0.43471 0.410133 0.0250357 0.0143682
2 0.121954 0.753875 0.1043 0.105105
0 0.706736 0.595123 0.0158787 0.00849227
3 0.0319604 0.936107 0.0396871 0.0685412
3 0.0941547 0.935999 0.0392617 0.0684984
0 0.224875 0.0404115 0.017159 0.00996039
0 0.29493 0.0599377 0.0118757 0.0229109
0 0.315553 0.0614634 0.00972854 0.017664
0 0.293373 0.199176 0.0153245 0.0263385
0 0.367581 0.622175 0.0198634 0.0333789
0 0.824553 0.974027 0.0242083 0.0125189
0 0.401504 0.563213 0.0184912 0.0330669
0 0.722871 0.326242 0.015341 0.00813175
2 0.32056 0.609936 0.0496746 0.0256856
0 0.80717 0.0209527 0.0332189 0.0197394
0 0.34681 0.0875035 0.0257911 0.0138574
0 0.91308 0.920162 0.0153391 0.00806114
0 0.273513 0.795351 0.0138179 0.0273539
0 0.901229 0.957143 0.0132366 0.0251257
0 0.614767 0.217347 0.0161116 0.00903481
0 0.342692 0.277287 0.0329019 0.0194276
0 0.462102 0.325419 0.0203061 0.0336549
0 0.767497 0.65196 0.0151746 0.00770975
5 0.615453 0.52079 0.113241 0.114067
0 0.524568 0.603238 0.0160108 0.00833461
0 0.947515 0.96419 0.0135774 0.0253026
0 0.807609 0.604135 0.0240872 0.0128119
0 0.955095 0.926182 0.0242605 0.0123704
0 0.434945 0.384567 0.0260612 0.0141153
0 0.439345 0.233253 0.0142356 0.0248538
0 0.877344 0.903163 0.0263672 0.0143221
0 0.496439 0.326296 0.0206444 0.0333006
0 0.713126 0.302958 0.0148632 0.00848917
0 0.432303 0.623116 0.0184058 0.0311248
1 0.461984 0.303737 0.022645 0.00830087
0 0.259117 0.725821 0.0133665 0.0247831
0 0.399987 0.622645 0.0187798 0.0314405
0 0.296529 0.272912 0.0209268 0.0319192
0 0.599944 0.31449 0.0133865 0.0253012
0 0.74648 0.0291079 0.0326462 0.0210167
0 0.87522 0.934077 0.0091619 0.0170863
1 0.0548144 0.502577 0.0157819 0.0143273
0 0.251973 0.0341782 0.00843662 0.016232
0 0.369269 0.563037 0.0194708 0.032713
0 0.347569 0.0654608 0.0264114 0.014044
0 0.280192 0.401258 0.0150089 0.0267883
0 0.723404 0.286816 0.0150119 0.00797403
0 0.826287 0.780302 0.00817039 0.0153356
0 0.691828 0.44307 0.00824881 0.0156238
0 0.639305 0.668205 0.00951492 0.0169627
0 0.311166 0.34851 0.0128215 0.0244093
0 0.923295 0.951185 0.0121589 0.023171
1 0.401378 0.584282 0.0212027 0.0082395
0 0.675109 0.423195 0.00823449 0.0152921
1 0.496243 0.346608 0.0228597 0.00734198
0 0.762726 0.604142 0.0248032 0.0126608
2 0.749335 0.804001 0.107881 0.101822
1 0.461601 0.347254 0.0232658 0.00840253
0 0.864568 0.969919 0.0271728 0.0142585
1 0.0543302 0.470072 0.0162016 0.0137397
1 0.0240138 0.56453 0.0148879 0.0110629
0 0.827899 0.837771 0.0125332 0.0242393
0 0.509168 0.533636 0.00798394 0.0150445
0 0.522022 0.0496293 0.024704 0.0131546
1 0.296527 0.252639 0.0233758 0.00690079
0 0.356205 0.211737 0.0162367 0.025091
1 0.367208 0.642451 0.0237745 0.00867081
0 0.522038 0.211767 0.0338204 0.0196792
0 0.755588 0.411274 0.0091367 0.0168214
1 0.449451 0.410246 0.00433253 0.0156449
0 0.517669 0.176558 0.0256809 0.0144767
0 0.435898 0.564372 0.0212735 0.0331734
0 0.808826 0.65378 0.0150203 0.00752164
1 0.0193819 0.48629 0.0155903 0.0113031
1 0.399195 0.643008 0.0232897 0.00869551
1 0.0162187 0.635136 0.0216948 0.0421388
0 0.670893 0.68547 0.0249878 0.0142575
1 0.302453 0.631411 0.0103083 0.0184505
0 0.755975 0.371557 0.00906397 0.0169732
1 0.294367 0.0737787 0.0140031 0.00535408
0 0.222911 0.763743 0.0166797 0.00892952
0 0.971795 0.533981 0.0443168 0.0543363
1 0.105349 0.636807 0.0207602 0.0429046
0 0.825984 0.691174 0.015711 0.00817834
1 0.947207 0.948816 0.0146813 0.00434012
2 0.0416199 0.564889 0.0189243 0.0465514
0 0.875826 0.872888 0.014705 0.00814607
0 0.522453 0.245434 0.0336187 0.0194119
1 0.318777 0.631914 0.00971316 0.0186607
1 0.0590507 0.581481 0.0146531 0.0129333
1 0.296667 0.293707 0.0233211 0.00710606
1 0.777537 0.604432 0.00452135 0.013597
1 0.708564 0.886217 0.0245232 0.0623438
1 0.315254 0.0510922 0.010304 0.00357771
1 0.367831 0.600104 0.0223934 0.00905171
1 0.0595988 0.549046 0.0148448 0.0134941
0 0.612186 0.413796 0.0156548 0.00822092
1 0.369264 0.543181 0.0233273 0.0078437
0 0.61474 0.234097 0.0152724 0.00860372
1 0.293442 0.183813 0.0164648 0.00386405
0 0.622566 0.66769 0.00932406 0.0169878
1 0.369074 0.583703 0.0221151 0.00914408
1 0.0329361 0.893501 0.0276495 0.0152086
1 0.449875 0.434546 0.00509153 0.0162326
1 0.791226 0.959094 0.0177156 0.0409346
1 0.543031 0.246388 0.00820516 0.0207161
0 0.762803 0.141203 0.00875254 0.0155171
1 0.29331 0.214462 0.0157349 0.00479723
1 0.940548 0.925923 0.00409961 0.0144215
1 0.401944 0.543723 0.0219178 0.00682543
1 0.44941 0.384812 0.00398695 0.0159684
2 0.0372183 0.486821 0.0198659 0.046274
1 0.362939 0.278133 0.00733316 0.0212545
1 0.703139 0.957715 0.0198519 0.0424482
1 0.431338 0.643284 0.0231099 0.00844862
1 0.971888 0.566583 0.0525719 0.0102635
1 0.901199 0.971668 0.0144262 0.00408485
1 0.971747 0.501028 0.0516902 0.011436
1 0.722788 0.302622 0.0028604 0.00967929
1 0.509327 0.542726 0.00944306 0.00379669
1 0.786342 0.0210191 0.00697683 0.0230529
1 0.321732 0.277558 0.00717985 0.0217238
1 0.436132 0.585047 0.023246 0.00834987
1 0.502259 0.177077 0.00484391 0.0153288
1 0.319524 0.587552 0.0102133 0.0181541
1 0.332182 0.0869388 0.00387229 0.0172364
1 0.80939 0.973423 0.00465656 0.0144568
1 0.605135 0.217321 0.00238969 0.00947765
1 0.725735 0.0291921 0.00787804 0.0238278
1 0.828208 0.823135 0.0136707 0.00423575
1 0.768188 0.0285044 0.00828959 0.0229858
1 0.5999 0.298613 0.0164478 0.00521378
1 0.838482 0.973037 0.00418253 0.0143608
1 0.0939059 0.978276 0.0270617 0.0152054
1 0.947265 0.979452 0.0153518 0.00507661
1 0.544091 0.547428 0.0276275 0.00847576
1 0.333099 0.0651648 0.00463942 0.0150154
1 0.543063 0.212311 0.00775228 0.0221717
1 0.436022 0.542678 0.0243504 0.00852391
1 0.280419 0.416967 0.0159866 0.00456303
1 0.362046 0.0876198 0.00490826 0.0158933
1 0.279818 0.386035 0.0156557 0.00398564
1 0.336611 0.631576 0.00915133 0.018523
1 0.311109 0.363277 0.0140875 0.00436633
1 0.827533 0.0214411 0.00840165 0.0222221
1 0.362482 0.0654829 0.00523567 0.0160864
1 0.880264 0.970085 0.00459383 0.0151596
1 0.0264359 0.543548 0.0112841 0.00598789
1 0.748608 0.862947 0.0154683 0.0146132
1 0.534388 0.603419 0.0039227 0.00936677
1 0.544882 0.519809 0.0264689 0.00866343
1 0.0322924 0.978366 0.0275496 0.016797
1 0.621663 0.413862 0.00311948 0.00913313
1 0.274234 0.778881 0.0158737 0.00496442
1 0.213804 0.0403382 0.0033638 0.0108269
1 0.20397 0.71439 0.0638411 0.0281469
1 0.335032 0.6318 0.00901457 0.0191685
1 0.77676 0.651776 0.00285865 0.0088097
1 0.501028 0.245396 0.00834906 0.0206412
1 0.691541 0.433918 0.00908567 0.00347053
1 0.544369 0.560715 0.0272705 0.0083166
1 0.792968 0.604219 0.00311423 0.0145753
1 0.419578 0.410034 0.00507799 0.0160904
1 0.251966 0.0438743 0.00932801 0.00334871
1 0.815795 0.6913 0.00352409 0.0101801
1 0.923053 0.965399 0.0128875 0.00456957
1 0.294048 0.0450603 0.0151859 0.00544088
1 0.568139 0.593889 0.00857888 0.0254827
1 0.336081 0.587671 0.0110954 0.0183015
1 0.0942421 0.895467 0.0255953 0.0107119
1 0.311529 0.333499 0.0139929 0.00499916
1 0.418817 0.434781 0.00437708 0.0158438
1 0.419361 0.384549 0.00419345 0.0153158
1 0.688325 0.473973 0.0275907 0.00891613
1 0.500894 0.21188 0.00741152 0.0222704
0 0.581937 0.690736 0.0163291 0.00861621
1 0.604886 0.234607 0.00286234 0.0109475
1 0.54434 0.53399 0.0272929 0.0081849
1 0.659067 0.449803 0.00858307 0.0250505
1 0.399419 0.603177 0.0204362 0.00618506
1 0.545019 0.492694 0.0269816 0.0083308
1 0.688878 0.556394 0.0275863 0.00885054
1 0.545035 0.506274 0.0271693 0.00934626
1 0.688597 0.52884 0.0274394 0.00913989
1 0.862585 0.903385 0.00356987 0.0151527
1 0.537078 0.0501157 0.00524683 0.0147119
1 0.545494 0.47917 0.0265093 0.00980877
1 0.581821 0.593698 0.0078065 0.0268637
1 0.49614 0.304459 0.022898 0.00819291
1 0.496725 0.306125 0.0233378 0.00660015
1 0.599822 0.33017 0.0137562 0.00546962
1 0.901221 0.942404 0.014545 0.00391469
1 0.604617 0.449418 0.0075803 0.0258273
1 0.544509 0.574652 0.0275958 0.00906885
1 0.903273 0.920069 0.00345036 0.0080719
1 0.78596 0.886033 0.0247688 0.0601729
1 0.595274 0.593877 0.00797034 0.0266607
1 0.589921 0.449015 0.00764378 0.0259013
1 0.204048 0.792333 0.0645354 0.0263267
1 0.6888 0.488167 0.0272129 0.00865745
1 0.688179 0.569898 0.0280964 0.00865386
1 0.577106 0.449356 0.00751176 0.0275074
1 0.303304 0.588033 0.00863885 0.0171803
1 0.439119 0.216938 0.0162091 0.00546956
1 0.439176 0.247421 0.0156899 0.00546768
1 0.755944 0.400445 0.00961591 0.00453983
1 0.688738 0.542611 0.0278699 0.00844024
1 0.82584 0.770626 0.008796 0.0032742
1 0.0539995 0.754196 0.0296888 0.0929241
1 0.636428 0.594124 0.00817608 0.027063
1 0.714781 0.286944 0.00327407 0.00781663
1 0.432205 0.603023 0.0205603 0.00680329
1 0.618092 0.449114 0.00753259 0.0262877
1 0.622406 0.593897 0.00807384 0.0263496
1 0.179272 0.752741 0.0136524 0.0171863
1 0.68913 0.501954 0.0280807 0.00761389
1 0.563408 0.448677 0.00712923 0.0266398
1 0.433027 0.600651 0.022895 0.00871921
1 0.649784 0.594475 0.00812931 0.0278105
1 0.272573 0.332273 0.00727653 0.00431408
1 0.688662 0.515447 0.0277159 0.00894809
1 0.631545 0.449599 0.00750695 0.02577
0 0.00500513 0.906298 0.00841122 0.0144975
1 0.822566 0.604665 0.0045273 0.0149561
1 0.259002 0.70933 0.0147063 0.00565957
1 0.645162 0.44964 0.00770663 0.0246111
1 0.750942 0.732038 0.0880613 0.0204325
0 0.382553 0.217271 0.00842776 0.0158481
1 0.892717 0.903467 0.00518155 0.0157473
1 0.747597 0.604057 0.00451291 0.014693
1 0.923425 0.935736 0.0146606 0.00580597
1 0.663735 0.594839 0.0081744 0.0277205
1 0.827575 0.853427 0.0139824 0.00563005
1 0.675025 0.433049 0.00943687 0.00321269
