2 0.484707 0.450748 0.0474663 0.0192302
1 0.405254 0.124209 0.0203128 0.022102
0 0.255109 0.980875 0.00741672 0.0150967
3 0.595526 0.866268 0.0846311 0.0526631
5 0.533521 0.183562 0.17158 0.167794
0 0.746596 0.34968 0.00882121 0.0140975
0 0.847378 0.166987 0.0153033 0.0245695
0 0.447359 0.854983 0.0132887 0.0247402
0 0.856793 0.621383 0.0122443 0.023289
0 0.607212 0.325487 0.0090559 0.0163484
0 0.520837 0.66605 0.0118946 0.0235997
0 0.019174 0.959874 0.0122876 0.0245021
2 0.822134 0.207539 0.0163588 0.0288527
0 0.56751 0.977559 0.00798704 0.0154884
0 0.948154 0.522712 0.0118425 0.0236912
0 0.89552 0.560621 0.00857325 0.0161387
0 0.478685 0.897691 0.0241927 0.0513232
0 0.856595 0.655375 0.00813963 0.014715
0 0.76447 0.305363 0.0214939 0.0324684
0 0.948086 0.563196 0.0124339 0.0235832
2 0.41102 0.283494 0.0470231 0.0188939
2 0.408056 0.102924 0.0475652 0.0187319
0 0.824359 0.169375 0.00832648 0.0154155
0 0.518274 0.339823 0.0189031 0.0292197
0 0.516608 0.709915 0.0123071 0.0232525
1 0.389111 0.0812979 0.0199071 0.0224799
0 0.92419 0.563251 0.012722 0.0235412
0 0.612498 0.911797 0.00788542 0.0147383
0 0.322507 0.0916417 0.012609 0.0227329
0 0.951035 0.660532 0.00884197 0.0162233
0 0.895735 0.525167 0.00880169 0.0160347
0 0.431797 0.336253 0.00866771 0.0150238
2 0.816506 0.30128 0.0452201 0.0181424
0 0.129778 0.441904 0.00750822 0.0148165
0 0.537535 0.712007 0.00804663 0.0159987
0 0.0755528 0.959689 0.0129481 0.0249751
0 0.542502 0.663511 0.00810536 0.0145105
0 0.418875 0.812624 0.0196048 0.0290468
0 0.135561 0.0253162 0.0120959 0.0238582
0 0.0496887 0.959889 0.0129791 0.024781
0 0.960153 0.479265 0.0120447 0.0227938
0 0.871886 0.552525 0.0148876 0.00852422
0 0.357832 0.305411 0.0237037 0.0127048
0 0.874755 0.289202 0.0127215 0.0242534
1 0.800346 0.280221 0.018764 0.0210861
0 0.498955 0.785336 0.0213167 0.0111196
0 0.923914 0.522497 0.0119171 0.023503
0 0.793946 0.93779 0.00771119 0.0151496
0 0.581567 0.911247 0.00801862 0.0150154
0 0.694305 0.248355 0.0212035 0.0331101
1 0.478864 0.865215 0.0288434 0.0121195
1 0.581499 0.900143 0.00997268 0.00573943
1 0.421166 0.0825219 0.0215641 0.0228987
0 0.516922 0.749661 0.0125763 0.0240334
0 0.303674 0.305206 0.0228734 0.0116768
0 0.483256 0.39941 0.0160639 0.0083661
0 0.725597 0.482397 0.00865724 0.0149348
0 0.72417 0.248965 0.0226287 0.0336839
0 0.511569 0.595395 0.0256632 0.0147387
0 0.819715 0.243766 0.00829672 0.0139874
1 0.832785 0.280613 0.0188529 0.022033
0 0.550135 0.340172 0.0183251 0.0288177
0 0.421503 0.640687 0.0122089 0.0237434
0 0.432695 0.365419 0.00839149 0.0150482
0 0.866156 0.682541 0.0160005 0.00827514
1 0.764858 0.327156 0.0243442 0.00935855
0 0.86611 0.70116 0.0153531 0.00868894
1 0.483167 0.429266 0.0203674 0.0223924
0 0.958403 0.697677 0.0154374 0.00772451
0 0.521034 0.38385 0.00864886 0.0162674
0 0.533673 0.977689 0.00814819 0.0159225
1 0.763402 0.284537 0.0260967 0.0081663
0 0.5757 0.454413 0.00801305 0.0144482
0 0.292418 0.946339 0.00787307 0.0149631
1 0.724163 0.27 0.0244422 0.00842942
1 0.611964 0.901601 0.00960803 0.00398542
0 0.446544 0.807856 0.0151446 0.0247095
0 0.872301 0.53296 0.0145719 0.00786353
0 0.658215 0.977204 0.00816633 0.0154431
1 0.815498 0.322902 0.0200205 0.0228249
1 0.499473 0.471786 0.0211116 0.0206009
0 0.2926 0.974727 0.0075531 0.0140827
1 0.427539 0.304991 0.0194945 0.0216918
1 0.694169 0.269941 0.0250506 0.0102118
0 0.95876 0.714146 0.0165537 0.00880051
1 0.478195 0.928652 0.0299483 0.0116458
1 0.411837 0.262362 0.0202779 0.0239707
1 0.394735 0.304748 0.018515 0.0237751
0 0.415317 0.861214 0.0081526 0.0147719
0 0.237466 0.980846 0.00814003 0.0147552
1 0.417795 0.792212 0.0233398 0.00981953
1 0.89595 0.535557 0.00837564 0.00342372
1 0.804608 0.206958 0.0164411 0.00639382
0 0.452736 0.701118 0.0136136 0.0234295
0 0.107297 0.470209 0.00752859 0.01388
1 0.82399 0.15968 0.0105915 0.00429683
0 0.447226 0.565892 0.00751045 0.0139935
0 0.607417 0.296758 0.00863929 0.0148886
0 0.538392 0.633818 0.00860933 0.0154138
0 0.872236 0.568036 0.0141633 0.00806427
1 0.321941 0.105657 0.0144516 0.00462028
1 0.924267 0.537084 0.0136253 0.00542881
0 0.32296 0.119471 0.0165395 0.00844058
1 0.895075 0.550787 0.0101335 0.00378011
1 0.467217 0.471949 0.0203655 0.0203804
0 0.698035 0.188083 0.0161329 0.00843753
0 0.438757 0.125403 0.0154135 0.0176859
0 0.983043 0.59675 0.00929016 0.0150392
1 0.518008 0.360161 0.0225902 0.00982056
1 0.839762 0.20719 0.0175154 0.00736283
1 0.321854 0.148349 0.0154529 0.0182343
1 0.863001 0.567705 0.00299985 0.00943362
1 0.959995 0.464216 0.0159026 0.00557887
1 0.520537 0.652432 0.0137405 0.00347963
0 0.49185 0.814144 0.00854611 0.0154416
1 0.549673 0.360607 0.0226138 0.0101184
1 0.419231 0.833335 0.0234467 0.00948071
1 0.54935 0.319412 0.0234628 0.0112074
1 0.44772 0.840396 0.0149996 0.00406697
0 0.583623 0.322927 0.017834 0.0307126
1 0.318659 0.304912 0.0058216 0.0145442
1 0.862569 0.516818 0.00290267 0.00877108
1 0.527253 0.595524 0.00611437 0.0173158
1 0.135736 0.0108245 0.0134945 0.00410948
1 0.862701 0.552285 0.00316345 0.00924389
1 0.518138 0.319349 0.0224518 0.0101798
0 0.927337 0.653703 0.0143652 0.00760982
1 0.924145 0.548749 0.0137387 0.0051596
2 0.323111 0.207048 0.109461 0.101237
1 0.237399 0.971399 0.00982682 0.00343754
1 0.693702 0.225845 0.0259366 0.00920486
1 0.607283 0.315846 0.00982022 0.00337732
1 0.41539 0.870602 0.00923885 0.00420761
1 0.292406 0.965642 0.00891914 0.00378537
0 0.456565 0.345213 0.0186308 0.0284251
1 0.847333 0.152841 0.016435 0.00440469
0 0.872195 0.516521 0.0134871 0.00760697
1 0.948452 0.548564 0.0144647 0.00528623
1 0.254904 0.971347 0.00819706 0.0041492
1 0.708259 0.187919 0.00366592 0.00870639
1 0.723816 0.227065 0.0271239 0.00842058
1 0.948218 0.714384 0.00326682 0.0103237
1 0.643884 0.863798 0.0122214 0.0417323
0 0.202135 0.949123 0.00870073 0.0153873
1 0.51662 0.724008 0.0141803 0.00470565
0 0.40572 0.17328 0.00783201 0.0148749
1 0.372864 0.30563 0.00479079 0.0158045
1 0.948939 0.697242 0.00232878 0.00891182
1 0.862388 0.532878 0.00332441 0.00958108
1 0.446835 0.822985 0.016455 0.00542663
1 0.446336 0.793057 0.0167923 0.00464855
1 0.856516 0.636429 0.0138733 0.00485348
1 0.918413 0.654 0.00223648 0.00922894
1 0.547488 0.101601 0.0218413 0.0240248
1 0.541456 0.65296 0.00910687 0.00308328
0 0.935919 0.630533 0.02526 0.0184763
0 0.360903 0.119484 0.0264201 0.0524153
0 0.928476 0.71237 0.0169167 0.0274918
1 0.019652 0.975502 0.0141175 0.0065701
0 0.60188 0.471907 0.00795802 0.0142077
1 0.452831 0.71518 0.015143 0.00422406
1 0.959887 0.494151 0.0146387 0.00550895
1 0.521284 0.393909 0.00955538 0.00342682
1 0.537313 0.722439 0.00937715 0.00367143
1 0.74684 0.341146 0.00904108 0.00385772
1 0.491827 0.823462 0.0104562 0.00336506
1 0.804182 0.21705 0.0170617 0.00681963
0 0.895705 0.711875 0.0163457 0.0421623
0 0.804505 0.824648 0.00817921 0.0148482
1 0.447302 0.869905 0.0156938 0.0044515
1 0.854794 0.699814 0.00433231 0.0117564
1 0.856185 0.606592 0.0156713 0.00607512
1 0.839777 0.216208 0.0183815 0.00785029
1 0.01906 0.943949 0.016081 0.00670336
1 0.601838 0.481098 0.0084413 0.00339077
1 0.432619 0.355793 0.00982425 0.00263177
1 0.948416 0.537056 0.0133128 0.00491596
1 0.547948 0.864619 0.0106605 0.0417766
1 0.516598 0.69445 0.0143628 0.006942
1 0.511426 0.785406 0.00293757 0.0129698
1 0.0753245 0.974541 0.0138905 0.00527429
1 0.0501185 0.975358 0.0146667 0.00634503
1 0.49665 0.594658 0.00407741 0.0158931
1 0.473596 0.399721 0.00317036 0.00991559
1 0.455204 0.364719 0.012809 0.0143643
1 0.793979 0.947849 0.00902532 0.00402282
0 0.635735 0.224484 0.0127887 0.0149006
1 0.855475 0.682668 0.00322173 0.0110245
1 0.982843 0.606121 0.00984329 0.00334855
1 0.342642 0.305115 0.00654605 0.0129723
1 0.847226 0.181809 0.0161415 0.00488023
1 0.432464 0.32497 0.00997102 0.00404048
1 0.567395 0.987269 0.00947264 0.00359907
1 0.447343 0.574022 0.00834765 0.00272394
1 0.533618 0.987243 0.00918266 0.00380394
1 0.332012 0.11949 0.00303878 0.00895098
1 0.575641 0.464063 0.00962092 0.00413322
1 0.129749 0.433437 0.00711898 0.00249647
1 0.549653 0.104555 0.0254205 0.0282055
1 0.624435 0.120222 0.0095979 0.00900158
1 0.924445 0.579488 0.0155008 0.00652219
1 0.543558 0.102327 0.0226712 0.0196226
2 0.157087 0.248456 0.172658 0.139961
1 0.650946 0.863721 0.0123751 0.0428419
1 0.804702 0.19703 0.0158563 0.00613832
1 0.725656 0.473479 0.00906841 0.00345383
1 0.321824 0.273057 0.0921568 0.0302481
1 0.819457 0.253335 0.00976744 0.00408065
1 0.547681 0.872637 0.0100136 0.0240698
0 0.362659 0.926707 0.00628462 0.00432424
1 0.372097 0.306183 0.00398386 0.0159441
1 0.444589 0.163393 0.0209599 0.0249292
1 0.135699 0.0405404 0.0148037 0.00611412
1 0.49433 0.399848 0.00468063 0.00890072
1 0.0491452 0.943823 0.0165022 0.00665352
7 0.156911 0.248661 0.171986 0.138956
1 0.431789 0.347247 0.00885976 0.00381682
1 0.501661 0.266196 0.0218249 0.019682
0 0.58367 0.326909 0.0141144 0.035144
1 0.322624 0.0764243 0.0144779 0.00565791
0 0.487807 0.352655 0.0163589 0.0259442
1 0.505269 0.0985734 0.0161332 0.0210216
1 0.549419 0.101664 0.0166447 0.0273341
1 0.59774 0.109869 0.0106507 0.0105653
1 0.460442 0.148064 0.0239204 0.027294
1 0.606871 0.286799 0.00842973 0.00411046
1 0.65812 0.987088 0.00901794 0.00395034
1 0.451812 0.155897 0.0249947 0.0268537
1 0.448576 0.160202 0.0255189 0.0269364
1 0.607506 0.203822 0.0240569 0.0236579
2 0.931569 0.193509 0.0482092 0.0486401
1 0.538045 0.0983673 0.0134409 0.0242227
0 0.283104 0.121552 0.0304787 0.0622833
1 0.804548 0.816001 0.00881414 0.00320553
1 0.7938 0.927612 0.00865724 0.00449521
