0 0.0987512 0.37972 0.0262085 0.0145462
0 0.0535171 0.134102 0.015457 0.00897485
0 0.089514 0.760118 0.0167523 0.00893927
0 0.0188588 0.114158 0.00868634 0.0159689
0 0.0454599 0.67347 0.0149118 0.0252983
0 0.0721902 0.047543 0.0160745 0.00856529
0 0.129337 0.10239 0.0146797 0.00787062
0 0.0372528 0.934736 0.0267804 0.0534
0 0.130901 0.317061 0.00816757 0.0154365
0 0.0984481 0.356543 0.0247895 0.0137719
0 0.0563655 0.23117 0.0516639 0.02631
0 0.12191 0.753935 0.00800762 0.0155775
0 0.0694422 0.108122 0.00841874 0.015565
0 0.472185 0.852978 0.0154201 0.00827383
0 0.1119 0.683534 0.0141495 0.0262609
0 0.110623 0.318401 0.00831403 0.0155352
0 0.0218369 0.306198 0.015782 0.00804316
2 0.365411 0.862324 0.0190787 0.0309181
0 0.283817 0.059546 0.0085422 0.015566
0 0.089765 0.777254 0.0156812 0.00843217
0 0.134379 0.642225 0.0132442 0.0253942
0 0.665006 0.433196 0.0517063 0.026469
0 0.151543 0.317197 0.00834951 0.0153684
0 0.0989891 0.401735 0.02536 0.014215
0 0.653139 0.467771 0.0324499 0.0202477
0 0.693804 0.368316 0.0128391 0.0250626
1 0.0371205 0.902417 0.0282706 0.0107818
0 0.508399 0.937984 0.0222679 0.0338979
0 0.135286 0.684506 0.0140165 0.024667
1 0.0371863 0.967234 0.0281319 0.0103648
0 0.0417823 0.40488 0.0145979 0.0252434
0 0.0744592 0.649363 0.0135217 0.0252528
0 0.250662 0.129993 0.0247816 0.0122929
0 0.339392 0.604158 0.0168042 0.00965137
0 0.198355 0.952772 0.0270095 0.0519185
0 0.628996 0.385185 0.0087551 0.0165122
1 0.670908 0.389736 0.0117523 0.0142853
0 0.104016 0.0850621 0.0158149 0.0083833
0 0.156153 0.642926 0.0141506 0.0273027
0 0.279259 0.707031 0.00844862 0.0151999
0 0.191671 0.633809 0.0264062 0.0144711
0 0.159272 0.744675 0.0155742 0.00800361
0 0.173416 0.29469 0.016867 0.0092749
0 0.0484702 0.159512 0.0331194 0.0205431
3 0.140153 0.940143 0.041291 0.0654016
0 0.601924 0.528263 0.0162464 0.00853232
0 0.0772746 0.679663 0.0259773 0.0152271
2 0.42729 0.882833 0.0179856 0.0341398
0 0.393304 0.521007 0.007496 0.0145799
0 0.612393 0.658118 0.0207305 0.0336072
0 0.234329 0.95309 0.0256415 0.0525196
0 0.615364 0.286409 0.00954537 0.0167816
0 0.147421 0.603301 0.00909322 0.016185
0 0.342737 0.438085 0.015429 0.00830522
0 0.0934895 0.317967 0.00851261 0.0155181
0 0.0693467 0.306894 0.015553 0.00806064
1 0.0879724 0.231455 0.0108138 0.0288848
0 0.120383 0.279131 0.0152726 0.00839415
0 0.298837 0.0170497 0.0156443 0.00851156
0 0.443101 0.521379 0.00854598 0.0155659
0 0.0641729 0.405859 0.014151 0.0249514
0 0.243903 0.306253 0.0151511 0.00848995
0 0.334912 0.366559 0.098542 0.0782851
0 0.0419606 0.747917 0.0161268 0.00869488
1 0.508113 0.959886 0.0245542 0.00898911
0 0.032319 0.0882383 0.0150442 0.00820316
1 0.611737 0.636589 0.0232987 0.00858476
0 0.0647262 0.364594 0.0140389 0.0227111
0 0.0395229 0.368172 0.0083238 0.0158569
0 0.0353358 0.76645 0.0147577 0.00782751
0 0.365661 0.895038 0.0165292 0.00849108
0 0.325459 0.864172 0.00893815 0.0159381
0 0.331242 0.465319 0.00837542 0.0156045
2 0.599009 0.386771 0.0348583 0.0176582
0 0.325643 0.897058 0.00819116 0.0159265
1 0.0271574 0.15953 0.0086334 0.0232174
1 0.135044 0.699234 0.0149796 0.00466081
1 0.696329 0.433206 0.0108688 0.0281782
2 0.661055 0.373172 0.0367809 0.0192498
1 0.63184 0.467399 0.00859451 0.0241728
1 0.0645974 0.378229 0.0146506 0.00417669
1 0.183441 0.294601 0.00336719 0.0103547
1 0.598728 0.40296 0.0111923 0.0149275
0 0.20793 0.386187 0.00924593 0.0163994
1 0.197455 0.920812 0.030146 0.0109399
1 0.234492 0.983997 0.0277129 0.0103755
0 0.0653141 0.751095 0.00853393 0.0159595
1 0.628949 0.395153 0.00992609 0.00307846
0 0.10338 0.422206 0.0162443 0.00869363
1 0.113136 0.084644 0.0025565 0.00938204
1 0.283623 0.0498027 0.00927675 0.00362778
1 0.111954 0.698389 0.0168651 0.00411474
1 0.508124 0.916175 0.0244356 0.00819384
2 0.599882 0.569275 0.034442 0.0185743
1 0.0243162 0.231186 0.0112641 0.03003
0 0.574015 0.420881 0.00885447 0.0160403
2 0.667905 0.552969 0.0821619 0.0630977
1 0.0693397 0.159236 0.00798202 0.0246493
1 0.113309 0.4017 0.00403875 0.0151104
1 0.140684 0.981238 0.0265189 0.0166583
1 0.67396 0.46792 0.00763752 0.022791
1 0.633127 0.433129 0.0103358 0.0298289
1 0.19758 0.984548 0.0305933 0.0107998
1 0.678095 0.505145 0.0110035 0.0298042
1 0.588008 0.55261 0.00787322 0.0132246
1 0.659885 0.356101 0.0111848 0.0150987
1 0.573916 0.410648 0.0102081 0.0035553
0 0.0212678 0.323655 0.0160523 0.00827176
1 0.30836 0.0172223 0.00313937 0.00904933
1 0.599277 0.585278 0.0102862 0.0170305
1 0.393122 0.511801 0.00824994 0.00356533
1 0.41051 0.894032 0.013672 0.00676158
1 0.1107 0.308335 0.0095951 0.00355864
0 0.211277 0.756227 0.0191946 0.0195827
1 0.443067 0.511876 0.00892114 0.00330734
1 0.0818324 0.0476009 0.00432705 0.00944468
1 0.130973 0.307661 0.00884802 0.0034932
1 0.443765 0.871551 0.0169967 0.00676821
1 0.587073 0.370341 0.0108019 0.0141356
1 0.0189154 0.103899 0.00994222 0.00406639
1 0.147242 0.612851 0.0101458 0.0041155
1 0.333192 0.438444 0.00364519 0.00982694
1 0.041934 0.0882397 0.00345483 0.0089685
1 0.0934803 0.308794 0.00975475 0.00355083
1 0.609344 0.370262 0.0106601 0.0143794
1 0.133994 0.627024 0.0150259 0.00477838
1 0.111879 0.668648 0.0153989 0.00336838
1 0.11298 0.42242 0.00300465 0.00951851
1 0.1564 0.659283 0.0167601 0.00459108
1 0.61544 0.275628 0.010648 0.00433593
1 0.382333 0.872333 0.0137502 0.00644828
1 0.612861 0.679769 0.0241325 0.00846769
1 0.20786 0.633632 0.00524169 0.0171431
2 0.571773 0.638576 0.0165982 0.0135236
1 0.700285 0.505401 0.0109326 0.0299375
1 0.0118858 0.30642 0.00245434 0.00899731
0 0.157007 0.379208 0.0181528 0.0144092
1 0.381921 0.862741 0.0140835 0.00597394
1 0.325038 0.853947 0.00981265 0.00423775
1 0.151414 0.307465 0.00944793 0.00325441
1 0.355453 0.895176 0.00349902 0.0106968
1 0.233666 0.920329 0.0289362 0.0114543
1 0.140775 0.897309 0.0285039 0.0173996
1 0.120305 0.102543 0.00330751 0.00848904
1 0.129119 0.279032 0.00184357 0.00969136
1 0.0689678 0.0989948 0.00982175 0.00363532
1 0.168512 0.744929 0.00288934 0.00842285
1 0.69437 0.384331 0.0162559 0.00653329
1 0.331559 0.456017 0.00964712 0.00308575
1 0.656885 0.50515 0.00976562 0.0300466
1 0.0122341 0.323824 0.00300443 0.00975406
1 0.113861 0.379687 0.00352636 0.0160609
1 0.635378 0.505412 0.0098523 0.0298488
1 0.253477 0.30648 0.00348663 0.0091089
0 0.0980581 0.733029 0.0169774 0.0142242
4 0.637347 0.907464 0.148226 0.1517
1 0.480881 0.85282 0.00285518 0.00879382
1 0.113524 0.356195 0.00389939 0.0154795
1 0.0237592 0.661747 0.0123863 0.00623028
1 0.176297 0.632766 0.00396455 0.0161729
1 0.0833514 0.35587 0.00460278 0.0145126
1 0.0402615 0.378262 0.010733 0.00396406
1 0.0829142 0.379341 0.00392633 0.0149975
1 0.349318 0.84984 0.0161842 0.00663295
1 0.443473 0.89333 0.0143993 0.00608288
0 0.18129 0.598832 0.0184127 0.0167022
1 0.694157 0.353585 0.015518 0.00457316
1 0.0593878 0.30719 0.00318777 0.0094284
3 0.639198 0.90517 0.143088 0.151467
1 0.648461 0.389022 0.00939522 0.0120726
2 0.663096 0.116383 0.0208435 0.0212301
1 0.348711 0.872767 0.0136071 0.00708927
1 0.045345 0.659141 0.0165267 0.00367868
1 0.0435189 0.134868 0.00282519 0.00990628
1 0.678612 0.600857 0.0118288 0.0310237
1 0.410475 0.872352 0.0131625 0.00496817
1 0.382227 0.849711 0.0157633 0.00569753
1 0.135151 0.669255 0.0151197 0.00426414
1 0.731902 0.903449 0.0185213 0.0611192
1 0.648018 0.391134 0.0105922 0.011434
1 0.611986 0.52796 0.00361621 0.00883318
1 0.591143 0.528488 0.00376235 0.0112953
1 0.611361 0.552303 0.00822324 0.013597
1 0.279177 0.71473 0.00912069 0.00361777
1 0.325082 0.887464 0.00767958 0.00284395
1 0.0502344 0.747833 0.00304706 0.00959728
1 0.700769 0.600476 0.0120108 0.03173
1 0.134928 0.658551 0.0157783 0.00504947
1 0.0281485 0.766475 0.00408719 0.00807734
1 0.231586 0.33568 0.015139 0.0148091
1 0.656858 0.600069 0.0104984 0.0289597
1 0.0235077 0.685 0.0135648 0.00818265
0 0.575677 0.673076 0.0141067 0.0156344
0 0.00583314 0.234381 0.0108616 0.0156928
1 0.233848 0.400475 0.0175408 0.013402
1 0.0845834 0.903254 0.0256472 0.0296025
1 0.636586 0.599826 0.0119069 0.0319891
2 0.296338 0.240194 0.0145283 0.0139856
1 0.0831648 0.401772 0.003993 0.0153726
0 0.170278 0.996277 0.00764478 0.00666071
1 0.207718 0.395413 0.0101309 0.00345315
1 0.0650781 0.34958 0.0152455 0.00457076
0 0.469787 0.853033 0.0121084 0.00778592
1 0.339277 0.324558 0.0933723 0.010154
2 0.336349 0.272048 0.0208939 0.0179645
1 0.0663417 0.760943 0.00873098 0.00305601
1 0.233761 0.922325 0.0269225 0.00855005
1 0.140094 0.983723 0.0262421 0.0142646
1 0.18771 0.0182984 0.0110987 0.012012
2 0.639461 0.906395 0.145257 0.152599
1 0.67373 0.121393 0.0116923 0.0144299
