2 0.638274 0.712997 0.0226073 0.0476698
2 0.896622 0.638418 0.0183618 0.0346592
0 0.286566 0.0584815 0.025887 0.0148884
0 0.643506 0.951497 0.0148836 0.0251233
0 0.60054 0.33391 0.0230106 0.0122665
0 0.286542 0.0360401 0.0250865 0.0133195
0 0.590731 0.958412 0.0245673 0.0139544
0 0.649644 0.145351 0.0132197 0.0246552
0 0.56663 0.925485 0.0150398 0.0258665
2 0.342679 0.835466 0.0191005 0.0486397
0 0.397575 0.831881 0.00874222 0.0163273
0 0.220998 0.941048 0.0268559 0.0148516
0 0.165167 0.709786 0.0148166 0.00886511
0 0.621693 0.951675 0.0151457 0.0239853
0 0.721452 0.32332 0.0271047 0.0558318
0 0.800526 0.505979 0.0164684 0.0088253
0 0.685533 0.359159 0.0251477 0.0508521
3 0.750049 0.940754 0.0389557 0.0676772
0 0.274723 0.20719 0.0194228 0.0299171
0 0.47299 0.583089 0.00848092 0.0152248
0 0.740387 0.598751 0.00899349 0.0162561
0 0.665728 0.951508 0.014916 0.024669
0 0.643856 0.7915 0.024035 0.0130695
0 0.330694 0.0588294 0.026021 0.0139348
0 0.162257 0.427386 0.00898621 0.0167994
0 0.65035 0.196195 0.0130343 0.0243855
0 0.692864 0.741366 0.0164648 0.0092759
0 0.260601 0.0947389 0.0130238 0.0237469
0 0.157952 0.745476 0.0315547 0.0194335
0 0.169881 0.549418 0.00839132 0.0156706
0 0.857688 0.387559 0.00902107 0.016634
0 0.717582 0.422575 0.0491867 0.026798
0 0.908482 0.466038 0.015445 0.00841904
0 0.0189845 0.792647 0.00898581 0.0167141
1 0.321501 0.852014 0.0238611 0.0193737
0 0.649298 0.850635 0.0138948 0.0244155
0 0.386681 0.938829 0.0083852 0.0157711
0 0.64471 0.815046 0.0259402 0.0135086
0 0.688064 0.951917 0.0157898 0.0243654
0 0.687411 0.162394 0.0133534 0.0241944
0 0.53751 0.971812 0.024817 0.0151334
0 0.600524 0.308338 0.0225615 0.0123701
1 0.0648176 0.673271 0.0209938 0.0188597
0 0.299895 0.735109 0.0151024 0.00820329
0 0.740266 0.561908 0.00838996 0.0159013
0 0.527593 0.635738 0.00828837 0.015856
0 0.867562 0.71634 0.00891313 0.0163155
0 0.671351 0.854481 0.0133826 0.0249908
0 0.877659 0.0320307 0.015336 0.00869822
0 0.289685 0.450143 0.0165753 0.00940895
2 0.0347231 0.742286 0.0190948 0.0330612
0 0.771675 0.63833 0.0151008 0.00840353
0 0.815854 0.653431 0.00873684 0.0160107
2 0.329514 0.338876 0.0184397 0.0473768
0 0.846206 0.574004 0.0170286 0.00909518
0 0.924813 0.721802 0.0160358 0.00852322
0 0.759448 0.562554 0.00838539 0.0165193
0 0.316712 0.163433 0.00804973 0.0144461
0 0.446378 0.967232 0.0157792 0.00905015
0 0.0643456 0.560673 0.0168907 0.00976012
1 0.0227577 0.657276 0.0229055 0.0209019
0 0.627813 0.389948 0.0137861 0.0243247
0 0.460867 0.870164 0.0153865 0.0244084
0 0.362137 0.0412842 0.00857012 0.0160282
0 0.602337 0.867547 0.0141357 0.0247985
0 0.541071 0.535237 0.00877199 0.0164383
0 0.721111 0.59905 0.00882152 0.0160647
0 0.530531 0.735161 0.0088813 0.0159628
0 0.544735 0.92143 0.0149259 0.0252998
0 0.655567 0.309501 0.0124619 0.0239893
0 0.488023 0.932916 0.00844474 0.0158394
0 0.420663 0.942995 0.00856997 0.0157421
0 0.838183 0.373277 0.00858732 0.0153163
1 0.177448 0.745248 0.00978775 0.0243955
0 0.421289 0.736611 0.0157138 0.00852785
0 0.320835 0.790232 0.0163109 0.00814994
0 0.725479 0.374859 0.0257178 0.0151063
1 0.720809 0.589023 0.00972654 0.00391601
0 0.922199 0.396192 0.00760676 0.015391
0 0.472806 0.62084 0.00909311 0.0162192
1 0.052479 0.73167 0.0148388 0.0141958
0 0.62609 0.860347 0.0138082 0.0250631
1 0.300927 0.0581637 0.00390494 0.0162029
0 0.302149 0.203471 0.0140714 0.0239312
0 0.851228 0.716282 0.00860214 0.0160497
0 0.431114 0.429177 0.00870408 0.0161537
0 0.692754 0.724853 0.0155813 0.00908379
1 0.686142 0.390476 0.027091 0.010658
0 0.291096 0.467008 0.0160866 0.00843095
2 0.0452264 0.657031 0.0203191 0.0484438
1 0.309406 0.355784 0.0207288 0.018599
0 0.361195 0.96008 0.0160182 0.00816727
0 0.358169 0.789292 0.00832664 0.0156266
0 0.226867 0.599974 0.00845248 0.0154299
1 0.457043 0.984732 0.00289939 0.00908636
1 0.83804 0.363665 0.00951404 0.00383855
0 0.639389 0.109181 0.00852059 0.0164105
1 0.649746 0.160052 0.014861 0.00504659
1 0.169719 0.558904 0.010206 0.00376129
0 0.696803 0.76634 0.00965906 0.0172749
1 0.309455 0.322324 0.0240984 0.0221366
1 0.0519126 0.754333 0.0151391 0.0112298
0 0.226926 0.563168 0.00857766 0.01633
1 0.362365 0.0516739 0.00943196 0.00378412
1 0.314866 0.0587187 0.00597844 0.0154345
1 0.517763 0.863944 0.00972125 0.00368468
1 0.0747511 0.560534 0.00329037 0.0110761
1 0.300944 0.035957 0.00492621 0.0149306
1 0.615071 0.308511 0.00542619 0.0141346
1 0.0656438 0.640786 0.0212627 0.0216854
1 0.91482 0.627056 0.0163075 0.00709515
0 0.407686 0.436355 0.0162773 0.00913357
0 0.50542 0.951179 0.00849261 0.0164483
0 0.0641388 0.578065 0.0182335 0.00919129
1 0.886872 0.0320864 0.00322023 0.00955559
1 0.456455 0.96706 0.0038389 0.00978782
1 0.721519 0.289812 0.0297147 0.0105938
1 0.615856 0.712215 0.0194812 0.00985386
0 0.7811 0.562267 0.00971072 0.0173436
0 0.92208 0.425483 0.00797691 0.0158091
1 0.136795 0.744795 0.00930441 0.0239368
0 0.692537 0.707582 0.0155697 0.00865098
0 0.12553 0.713404 0.00901997 0.0171127
0 0.440797 0.914493 0.0153502 0.008361
1 0.527519 0.645392 0.00980458 0.00345305
1 0.85099 0.706469 0.00934982 0.00326438
1 0.566423 0.940874 0.0162701 0.00439047
1 0.370631 0.959757 0.00301889 0.00886104
1 0.877906 0.626748 0.0174466 0.00728545
0 0.697291 0.795435 0.0159929 0.00897742
1 0.751349 0.89745 0.0291115 0.0175245
1 0.685944 0.421639 0.0116416 0.0282956
1 0.650599 0.181594 0.0143459 0.00487959
1 0.61536 0.728741 0.019366 0.0105092
1 0.917638 0.46636 0.00306795 0.0092719
1 0.175335 0.709653 0.00355503 0.00939153
1 0.683476 0.72477 0.00215149 0.00913482
1 0.320881 0.818177 0.0228371 0.0232618
1 0.614994 0.333495 0.00550673 0.0147778
1 0.915143 0.637608 0.0171449 0.00626304
1 0.0187393 0.7443 0.0134353 0.010166
1 0.722705 0.355787 0.0280772 0.0100034
1 0.273878 0.22796 0.0223409 0.00969344
0 0.337856 0.734754 0.0154493 0.00811336
1 0.740234 0.588338 0.00960003 0.00461053
1 0.749 0.421602 0.0112681 0.0269228
1 0.660053 0.69611 0.0195434 0.0104425
1 0.659731 0.728315 0.0220267 0.0100644
1 0.076047 0.173512 0.0141165 0.0428674
1 0.566683 0.910789 0.0164904 0.00505729
1 0.299844 0.449974 0.00385988 0.00949
0 0.517449 0.854388 0.00921584 0.0155934
0 0.722443 0.844034 0.0157514 0.0083797
1 0.162034 0.417248 0.0105587 0.00344139
1 0.914955 0.649209 0.0179968 0.00849245
0 0.50018 0.837878 0.0087012 0.0161033
1 0.125236 0.723425 0.00988445 0.00398054
1 0.687612 0.177763 0.015492 0.00587818
1 0.36514 0.834011 0.0224595 0.0214629
1 0.962873 0.0736461 0.00817058 0.0426087
1 0.074929 0.578035 0.00386967 0.0105428
1 0.460569 0.854993 0.0158914 0.00525503
1 0.629332 0.814771 0.00373853 0.0156676
1 0.659447 0.712316 0.0211396 0.00873472
1 0.878608 0.649341 0.0177959 0.00749544
5 0.880174 0.186385 0.239606 0.176308
0 0.469558 0.91406 0.015822 0.00865267
1 0.420563 0.933573 0.0100532 0.00287328
1 0.505256 0.942214 0.0102875 0.00373628
1 0.671846 0.838826 0.0156396 0.00548935
1 0.347174 0.735166 0.00313674 0.00871014
1 0.575456 0.958518 0.00501201 0.0160083
1 0.655486 0.323976 0.0140639 0.00482487
1 0.551832 0.971931 0.00429416 0.0163435
1 0.815447 0.643324 0.00919936 0.00385785
1 0.300781 0.466793 0.00278438 0.0100008
1 0.260973 0.0799954 0.0150542 0.00534687
1 0.878263 0.63825 0.017279 0.00596406
1 0.205135 0.941152 0.00533367 0.0162619
1 0.687279 0.146535 0.0156971 0.00603571
1 0.422477 0.987312 0.00918995 0.00380407
1 0.615482 0.695903 0.0193414 0.00941524
0 0.421732 0.977902 0.00826895 0.0153518
1 0.706908 0.795329 0.00300905 0.0098927
1 0.621488 0.966131 0.0161839 0.00478851
1 0.973362 0.073669 0.00867199 0.0417077
0 0.334518 0.0365436 0.0247571 0.0137549
1 0.6584 0.791964 0.00594667 0.0157309
1 0.643975 0.966714 0.0153313 0.00534402
1 0.940203 0.0735211 0.00740745 0.0421711
1 0.659627 0.815278 0.00448446 0.0157396
1 0.274033 0.186603 0.0233054 0.00946192
1 0.650307 0.129894 0.0160713 0.00534504
1 0.928656 0.0735226 0.00749457 0.0411962
1 0.78114 0.551788 0.0111039 0.00393702
1 0.387048 0.948692 0.00921368 0.00337313
1 0.907153 0.0738057 0.00762821 0.0416158
1 0.629605 0.79195 0.00470496 0.0152512
0 0.44743 0.984108 0.01648 0.00851303
1 0.951251 0.0742794 0.00765053 0.0434601
1 0.37132 0.251558 0.0436914 0.00785012
1 0.682886 0.741393 0.00303556 0.00991834
1 0.500243 0.847519 0.0104989 0.00343304
1 0.917625 0.0737953 0.0078075 0.0411616
1 0.867596 0.70597 0.00975255 0.00384953
1 0.472887 0.57398 0.0088067 0.00247736
1 0.351419 0.340013 0.0234306 0.0204981
1 0.685262 0.327457 0.0283051 0.0118177
1 0.371144 0.118681 0.0447086 0.00760862
1 0.371501 0.196674 0.0450877 0.00756306
1 0.345769 0.0585551 0.00562877 0.0154998
1 0.431058 0.418799 0.00902129 0.00380829
1 0.371957 0.229645 0.0437278 0.00804735
1 0.781058 0.572946 0.0112577 0.00411318
1 0.66582 0.966824 0.0164259 0.00540017
1 0.873495 0.300481 0.00688653 0.0415656
1 0.856547 0.573862 0.00370288 0.00974467
1 0.88493 0.0734915 0.00739739 0.0411065
0 0.137418 0.175229 0.097976 0.053128
1 0.655429 0.294423 0.0153351 0.00547124
1 0.227171 0.573558 0.00958375 0.00352147
0 0.165874 0.2393 0.0600805 0.0496477
1 0.371361 0.24087 0.0407402 0.00722727
1 0.597777 0.173475 0.0435631 0.00792059
1 0.271378 0.0353996 0.00510572 0.0152414
1 0.23652 0.941032 0.00475163 0.0158641
1 0.829134 0.0736086 0.00744097 0.042787
1 0.597918 0.251129 0.0427186 0.00757932
1 0.226859 0.590332 0.00920862 0.00369525
1 0.370935 0.162985 0.0459277 0.00799808
1 0.37043 0.0963823 0.0432725 0.00695067
1 0.806545 0.0732723 0.00745204 0.0423622
1 0.371031 0.174074 0.0448226 0.00776017
1 0.907155 0.301312 0.00701304 0.0405718
1 0.946539 0.372441 0.00633721 0.0263329
1 0.597329 0.195864 0.0434335 0.00801188
1 0.934593 0.721812 0.00353322 0.00904164
1 0.885258 0.300926 0.00677371 0.0425826
1 0.530449 0.745123 0.0095213 0.0042385
1 0.60477 0.958508 0.00482597 0.0169633
1 0.951746 0.300802 0.00754316 0.0442917
1 0.370881 0.107778 0.0424342 0.00733668
2 0.96371 0.409877 0.0500894 0.0478482
1 0.940547 0.3003 0.00697489 0.0416287
1 0.370936 0.129643 0.0448413 0.00756681
1 0.37069 0.274214 0.0446486 0.00825482
1 0.417201 0.436102 0.00353747 0.00908245
2 0.484931 0.176943 0.183368 0.260227
1 0.683519 0.707867 0.00255203 0.00802018
1 0.759599 0.552192 0.00915602 0.00371251
1 0.958215 0.446949 0.00629769 0.0249808
1 0.957168 0.372365 0.00618387 0.0270047
1 0.59701 0.162268 0.0434862 0.00777115
1 0.671159 0.86956 0.0159228 0.0048356
1 0.980161 0.372503 0.00803675 0.0251081
1 0.59749 0.206591 0.0433669 0.00716656
1 0.59692 0.217886 0.042989 0.00811743
1 0.371571 0.151638 0.0463819 0.00747466
1 0.370812 0.186036 0.043494 0.0076651
1 0.551063 0.971774 0.00418854 0.0159739
1 0.59633 0.084723 0.0412972 0.00826632
1 0.596635 0.107033 0.042741 0.00782178
1 0.873637 0.0743173 0.00786922 0.0428969
1 0.370167 0.0853487 0.0402412 0.00838678
1 0.895348 0.0736748 0.00758825 0.0424041
5 0.484339 0.175488 0.181066 0.254763
1 0.597407 0.184339 0.0438323 0.00699575
1 0.371136 0.262706 0.0425605 0.00777948
1 0.488445 0.941978 0.00957395 0.00328508
1 0.82982 0.300944 0.00668573 0.042082
1 0.918454 0.300873 0.00702079 0.0409356
1 0.8632 0.300734 0.00682174 0.0421224
1 0.271543 0.0584386 0.00492596 0.015884
1 0.308759 0.734928 0.00252783 0.00853704
1 0.783909 0.0738946 0.00821542 0.043546
1 0.740035 0.572814 0.00912513 0.00441598
1 0.895903 0.300934 0.00727256 0.0406728
1 0.862136 0.0737563 0.0075611 0.0417769
1 0.59702 0.150971 0.0426783 0.00814527
1 0.596883 0.095755 0.0429484 0.0077109
1 0.946399 0.446992 0.00730965 0.0249428
1 0.597072 0.228717 0.0427241 0.00767866
1 0.596971 0.240097 0.0431762 0.00773896
1 0.839586 0.0737551 0.00779224 0.0418641
1 0.479163 0.914586 0.00446867 0.0100629
1 0.597259 0.128722 0.0432482 0.00738389
1 0.784675 0.301248 0.00704906 0.043874
1 0.850766 0.0738019 0.0078055 0.0412632
1 0.597353 0.117928 0.043354 0.00777921
1 0.962832 0.300459 0.00727582 0.0425351
1 0.687401 0.966466 0.0160551 0.00616005
1 0.597817 0.26228 0.0440011 0.00804748
1 0.759742 0.572569 0.00985605 0.00428747
1 0.840764 0.30076 0.00715468 0.0417607
1 0.460828 0.884846 0.016616 0.00535396
1 0.762105 0.638067 0.00273407 0.0102065
1 0.448193 0.914228 0.00506113 0.00841472
0 0.493348 0.509923 0.00858151 0.0181347
1 0.817689 0.0728538 0.00817108 0.0416392
1 0.817922 0.300635 0.00750564 0.0422381
