2 0.0311999 0.434215 0.0179823 0.031594
2 0.633544 0.404894 0.0240139 0.0472592
3 0.748452 0.634598 0.0412215 0.0655604
0 0.320171 0.795939 0.0166802 0.00908436
1 0.0486049 0.424777 0.0141425 0.0146433
2 0.890889 0.331128 0.0167848 0.0341042
0 0.22254 0.254741 0.00858712 0.0153397
0 0.33653 0.840882 0.0513106 0.0267244
0 0.919821 0.746798 0.00927115 0.0164285
0 0.755758 0.254139 0.00880732 0.016127
0 0.918447 0.117217 0.00757774 0.0153564
0 0.918884 0.0883757 0.007267 0.014238
0 0.354283 0.481425 0.00959637 0.0156676
0 0.621545 0.552213 0.0133402 0.0244256
0 0.419748 0.704627 0.0493712 0.0255549
0 0.596979 0.0264924 0.0245717 0.0131547
2 0.327258 0.03081 0.0183137 0.0479947
0 0.661185 0.643604 0.0148089 0.023283
0 0.645019 0.542734 0.0130523 0.0232051
0 0.736663 0.254605 0.00832035 0.0156766
1 0.0468202 0.446406 0.0142413 0.0113357
0 0.682979 0.0528208 0.0263591 0.0501742
0 0.134772 0.716619 0.0147939 0.0255995
0 0.36883 0.738604 0.0262213 0.0150964
0 0.68889 0.399886 0.0159968 0.00879607
0 0.722891 0.0679152 0.0269644 0.0147643
0 0.152335 0.437802 0.0320798 0.0212112
1 0.644912 0.557247 0.015858 0.0053432
2 0.437344 0.86352 0.10933 0.106898
1 0.656221 0.388908 0.0185806 0.00950979
0 0.501151 0.64451 0.00935917 0.0165155
0 0.834785 0.066662 0.00930855 0.0167635
0 0.980573 0.737884 0.0142362 0.0242524
0 0.443223 0.660153 0.0165348 0.00874479
0 0.717217 0.291888 0.0086875 0.0162371
0 0.417194 0.636203 0.0081557 0.0159316
0 0.981361 0.779751 0.0123134 0.0243566
0 0.354529 0.81072 0.0244904 0.0138657
0 0.526904 0.427153 0.00885497 0.016289
0 0.540692 0.613376 0.0147312 0.0265626
0 0.496255 0.529533 0.00827717 0.0155351
0 0.319904 0.813542 0.0156597 0.00814056
0 0.811231 0.345735 0.00858688 0.0164806
0 0.693216 0.457867 0.00899312 0.0163222
0 0.0140458 0.484676 0.00864252 0.0165707
0 0.666985 0.54647 0.0144798 0.0236025
0 0.767335 0.331049 0.0156748 0.00800599
0 0.403406 0.128123 0.015895 0.00844899
0 0.426857 0.121747 0.00922384 0.0167112
2 0.039734 0.349537 0.0193567 0.0507902
0 0.639598 0.643669 0.0147566 0.0258974
2 0.922386 0.863751 0.10981 0.101731
0 0.0603753 0.2703 0.0168565 0.00860089
0 0.59937 0.560274 0.0138166 0.0249343
0 0.640197 0.484014 0.0237617 0.0123089
0 0.0599104 0.253881 0.016134 0.00979059
0 0.418764 0.670661 0.00838902 0.015588
0 0.534262 0.66476 0.0262487 0.015715
0 0.383204 0.630981 0.00887511 0.0158145
0 0.222304 0.292634 0.00820282 0.0155989
0 0.736034 0.29188 0.00900056 0.0158306
0 0.64054 0.507248 0.0248735 0.0137948
1 0.317035 0.543655 0.0231156 0.0218315
0 0.863358 0.408561 0.00841754 0.0148092
0 0.712063 0.115337 0.0466501 0.0248357
0 0.161104 0.402241 0.0152504 0.00772989
0 0.74726 0.816167 0.039588 0.0485206
0 0.537367 0.226979 0.0090661 0.0168402
0 0.948053 0.729746 0.0256638 0.0142353
1 0.0613315 0.333558 0.0209208 0.0203029
0 0.689072 0.433311 0.01686 0.00844705
0 0.465441 0.606016 0.0168115 0.00905034
0 0.443737 0.676874 0.0161152 0.0086194
0 0.563387 0.618702 0.0150482 0.0250864
0 0.416879 0.428622 0.0155023 0.0083369
0 0.274324 0.806948 0.00859426 0.0162889
0 0.624272 0.082292 0.0129773 0.0237018
1 0.306456 0.0475987 0.0230058 0.0197567
0 0.436032 0.606818 0.0162715 0.00902651
1 0.432851 0.659897 0.00334693 0.0093906
0 0.523054 0.327116 0.00850299 0.0164056
1 0.433566 0.676688 0.00342522 0.0094874
0 0.285608 0.142573 0.0162119 0.00922205
0 0.109991 0.684862 0.0253939 0.0142022
1 0.611411 0.420657 0.0194677 0.010117
0 0.158561 0.11987 0.00823804 0.0151903
0 0.513618 0.545815 0.00844621 0.015913
1 0.611227 0.388571 0.0206649 0.0103068
0 0.228929 0.965187 0.0523665 0.0271166
0 0.617447 0.64354 0.0151901 0.0255757
0 0.295709 0.427296 0.0159565 0.00909436
1 0.717235 0.301779 0.0100225 0.00380647
0 0.777478 0.25428 0.00917028 0.0170716
0 0.291806 0.806916 0.00910746 0.015921
0 0.316498 0.482131 0.0159331 0.00833177
1 0.611637 0.404511 0.019801 0.0111481
0 0.842213 0.266313 0.0166228 0.0089346
0 0.904122 0.158605 0.0159205 0.0083017
1 0.682262 0.0832577 0.0274119 0.010729
0 0.796291 0.198543 0.0160604 0.00811725
1 0.131356 0.437346 0.00889128 0.0239692
0 0.357715 0.653216 0.0162239 0.0092614
1 0.451338 0.704973 0.0109281 0.0280345
0 0.85395 0.0802946 0.00904646 0.0159292
1 0.291512 0.81662 0.0109113 0.00330259
0 0.468536 0.312699 0.00862037 0.0162136
0 0.326789 0.722097 0.0263157 0.0148051
0 0.826518 0.754229 0.0588242 0.0278333
1 0.0181587 0.349418 0.0233272 0.0200113
1 0.747168 0.591904 0.0293443 0.0201307
1 0.0612035 0.365815 0.0205442 0.0201818
1 0.639316 0.628193 0.0160539 0.0046246
2 0.338743 0.527313 0.0183215 0.0479428
0 0.165997 0.241185 0.0086547 0.0155686
1 0.681712 0.114296 0.0118885 0.0285657
0 0.483741 0.626049 0.00869204 0.0156984
0 0.216575 0.633703 0.0259437 0.0150387
1 0.0136246 0.435561 0.014892 0.0102584
0 0.393256 0.523864 0.00882696 0.0150156
0 0.327095 0.744527 0.0262179 0.0146055
1 0.418348 0.660588 0.00908079 0.00398448
1 0.617544 0.628437 0.0157531 0.00469908
1 0.656244 0.404762 0.0191365 0.0100562
1 0.661101 0.658882 0.0151776 0.00507436
0 0.71806 0.536633 0.016577 0.00883997
0 0.586732 0.651619 0.0231084 0.0145943
1 0.699028 0.417893 0.00308515 0.0108126
1 0.656049 0.420671 0.0199806 0.0101604
0 0.287243 0.15911 0.0157835 0.00764185
1 0.661389 0.628903 0.0151268 0.00455343
1 0.863421 0.418184 0.00944119 0.00325953
0 0.847437 0.408819 0.0087092 0.016156
0 0.692482 0.487803 0.0159831 0.0086214
0 0.798457 0.784456 0.024425 0.012934
0 0.689134 0.418001 0.0168813 0.0084408
1 0.317322 0.511071 0.0247166 0.0225744
0 0.456878 0.562385 0.0157851 0.0252479
0 0.468472 0.275331 0.00863028 0.0156481
0 0.881578 0.765369 0.00993466 0.0185442
1 0.735696 0.302066 0.00939929 0.00414195
1 0.263065 0.964579 0.0110936 0.0292742
0 0.12163 0.405377 0.00871525 0.0168002
0 0.333754 0.427162 0.0143981 0.00811355
1 0.303562 0.840792 0.012451 0.0311718
1 0.305709 0.014509 0.0241325 0.0233102
1 0.981214 0.79483 0.0137537 0.00548766
1 0.12121 0.395088 0.00917336 0.00391244
0 0.498046 0.780375 0.0153329 0.0249402
1 0.539849 0.597486 0.0168359 0.00397635
1 0.388143 0.704227 0.0114993 0.0288131
1 0.0497392 0.253874 0.00321387 0.0114799
1 0.682605 0.0200226 0.0289569 0.0110581
1 0.747183 0.848766 0.0519488 0.0140852
1 0.853753 0.0899595 0.00984717 0.00329623
1 0.616827 0.659073 0.0160836 0.00567058
1 0.173438 0.437556 0.00904626 0.0238156
1 0.706675 0.0679746 0.00410393 0.0162749
1 0.746421 0.783783 0.0507011 0.0130395
1 0.698802 0.43296 0.00265859 0.0100302
1 0.158445 0.129533 0.00973922 0.0040443
1 0.348764 0.0316582 0.0230301 0.0201039
1 0.909979 0.341347 0.0186367 0.00728173
1 0.747868 0.677321 0.0273287 0.017545
1 0.640044 0.659229 0.0158364 0.00509881
1 0.777027 0.330702 0.00356749 0.00935726
1 0.68367 0.629234 0.0150352 0.00505554
1 0.23159 0.633841 0.00468773 0.0167881
1 0.917713 0.929916 0.0891341 0.0263676
1 0.737643 0.0688403 0.00418497 0.0167986
1 0.340648 0.811103 0.00414561 0.014415
1 0.049973 0.269815 0.00323942 0.00965228
1 0.873562 0.341709 0.0165911 0.00698649
1 0.862671 0.752703 0.0113636 0.0284626
1 0.495887 0.520344 0.00868166 0.00330331
1 0.744139 0.114476 0.0122876 0.0276417
1 0.549174 0.664865 0.00488306 0.016021
0 0.92096 0.413929 0.016567 0.00876189
1 0.847226 0.418319 0.010118 0.00369094
1 0.740711 0.114084 0.00912451 0.0280213
1 0.811555 0.355328 0.00951673 0.00323414
1 0.5632 0.603827 0.016241 0.00505266
1 0.644681 0.528226 0.0152884 0.00478407
1 0.134535 0.73238 0.0168179 0.00544726
1 0.383049 0.621041 0.0098205 0.00319765
1 0.872662 0.318599 0.0175847 0.00704206
1 0.598652 0.575567 0.0159111 0.00501595
1 0.624828 0.0676515 0.0136066 0.00459826
1 0.981106 0.752979 0.0144797 0.00420286
1 0.347631 0.653195 0.00359366 0.010449
1 0.526511 0.41693 0.00940826 0.00373209
1 0.519774 0.66554 0.00388858 0.0169828
1 0.817845 0.933164 0.0765059 0.0204343
1 0.699105 0.399815 0.0035997 0.00937724
1 0.354262 0.471182 0.00997543 0.00401819
1 0.621359 0.566753 0.0142284 0.00371708
1 0.393431 0.127848 0.00310147 0.00984484
1 0.426177 0.428446 0.00260306 0.00901597
1 0.360007 0.526679 0.022411 0.0204065
1 0.417004 0.64538 0.00852366 0.00305701
2 0.627044 0.830533 0.176083 0.118272
1 0.537027 0.237097 0.0102108 0.00503484
1 0.274163 0.816662 0.0100143 0.00357293
1 0.686518 0.747921 0.00816883 0.0383995
1 0.873546 0.331064 0.017043 0.00556911
1 0.367982 0.840221 0.0101517 0.0295613
1 0.624484 0.0970429 0.0158795 0.00465715
1 0.1662 0.231491 0.00883359 0.00340152
2 0.750833 0.416231 0.0814131 0.0714719
1 0.736396 0.244396 0.00901282 0.00400046
1 0.540346 0.628659 0.016851 0.00549629
1 0.222389 0.24502 0.00926573 0.0036822
1 0.468882 0.284828 0.00977575 0.00320663
1 0.933148 0.729856 0.00461003 0.0160237
0 0.683971 0.642798 0.0152208 0.0227121
1 0.673001 0.747451 0.00797916 0.038685
1 0.909532 0.318592 0.0188713 0.00646419
1 0.196867 0.965512 0.0107619 0.0304774
1 0.33089 0.795602 0.00379822 0.00980164
1 0.894124 0.15919 0.00275771 0.00997007
1 0.0142541 0.49466 0.00916289 0.00470924
1 0.632111 0.91327 0.00861584 0.0389895
1 0.437986 0.932581 0.0945932 0.0234539
1 0.618456 0.912682 0.00871727 0.0391171
1 0.523021 0.317369 0.00972132 0.00337147
1 0.582153 0.0264772 0.00518048 0.0149963
1 0.673114 0.911686 0.00875023 0.0394897
2 0.960244 0.103099 0.0505407 0.0472559
1 0.59955 0.544429 0.015655 0.00468826
0 0.73634 0.877085 0.026009 0.0145665
1 0.611347 0.0265298 0.00597419 0.0153805
1 0.818817 0.812371 0.0755622 0.027558
1 0.42619 0.606968 0.00316292 0.0095844
1 0.631268 0.747673 0.00774928 0.0372495
1 0.68364 0.657871 0.0156191 0.00668454
1 0.909677 0.33103 0.0186057 0.00695091
1 0.752642 0.87721 0.00458351 0.0152717
1 0.683059 0.487433 0.00266291 0.00989908
1 0.653964 0.483505 0.00409148 0.013973
1 0.277315 0.159427 0.0026453 0.00952258
1 0.222351 0.301254 0.00889837 0.00310645
0 0.191598 0.814608 0.00734507 0.00994491
1 0.645374 0.912825 0.00970678 0.0376591
1 0.134303 0.70094 0.0179779 0.00502564
1 0.617866 0.747557 0.00839921 0.0384188
1 0.56321 0.747299 0.00785327 0.0391071
1 0.324217 0.427474 0.00249469 0.00854098
1 0.309631 0.795781 0.00337003 0.00973079
1 0.576819 0.747145 0.00847982 0.038465
1 0.717182 0.366116 0.00633165 0.0265293
1 0.980339 0.723466 0.0162179 0.0037905
1 0.151329 0.402092 0.00323433 0.0087931
1 0.537537 0.216564 0.00950841 0.0042454
1 0.918409 0.0978733 0.00779155 0.0025038
1 0.39327 0.533653 0.00998475 0.00458026
1 0.70815 0.536521 0.00360489 0.00915727
1 0.370025 0.810949 0.00499488 0.0144049
1 0.686689 0.912439 0.00846387 0.0392377
1 0.954657 0.065277 0.00640531 0.0269014
1 0.943219 0.0667685 0.0062708 0.0236537
1 0.659605 0.912625 0.00943731 0.0385591
1 0.94255 0.139255 0.00789949 0.0243491
1 0.476114 0.751313 0.013361 0.00919892
1 0.56362 0.912531 0.00879194 0.0389547
1 0.563657 0.634566 0.0187876 0.00558603
1 0.78632 0.198473 0.004009 0.00980657
1 0.573651 0.651335 0.0036955 0.0160595
1 0.483707 0.635537 0.0098099 0.00385447
1 0.354658 0.739813 0.00341403 0.0152152
1 0.692859 0.448095 0.0105766 0.00371039
0 0.851691 0.78369 0.0239873 0.0120554
1 0.59079 0.912954 0.0096974 0.0373044
1 0.994913 0.0595473 0.00962292 0.022492
1 0.550012 0.911781 0.0102012 0.0379695
1 0.965616 0.0653098 0.00647686 0.0276988
1 0.604929 0.91303 0.00934113 0.0376426
1 0.645551 0.747281 0.00810548 0.0374194
1 0.577262 0.913126 0.00845481 0.038432
1 0.549417 0.747029 0.00817765 0.0388097
1 0.700373 0.74799 0.00808359 0.0370283
1 0.659575 0.747249 0.00853385 0.0377205
0 0.398217 0.765391 0.0136572 0.0249385
1 0.513537 0.536198 0.0084045 0.00333461
1 0.920109 0.737277 0.00995298 0.00385284
1 0.458069 0.606386 0.00687158 0.00958464
1 0.604654 0.747096 0.00825669 0.0372393
1 0.83261 0.266356 0.00334268 0.0102826
1 0.338347 0.721812 0.00892996 0.015014
2 0.385421 0.32579 0.0122977 0.00969283
1 0.311123 0.744136 0.00608538 0.0173274
1 0.963173 0.729992 0.00503896 0.0153229
0 0.346957 0.268308 0.0143026 0.0100887
1 0.0141977 0.437307 0.0150272 0.0106903
1 0.974997 0.139392 0.00668172 0.0245703
1 0.5129 0.557197 0.00871311 0.00513052
1 0.498309 0.763762 0.0180414 0.00590753
1 0.813955 0.784213 0.00631951 0.0141884
2 0.384227 0.363911 0.0111061 0.0101697
