0 0.104749 0.919889 0.0144907 0.0248718
0 0.0819755 0.920171 0.014522 0.0249242
0 0.843829 0.264195 0.0266635 0.0526524
0 0.917702 0.400208 0.0156229 0.00776685
0 0.834609 0.641189 0.0150788 0.00866899
0 0.668516 0.779696 0.0247607 0.0512812
1 0.299569 0.87553 0.0117464 0.0155983
0 0.786844 0.970502 0.00815651 0.0156138
0 0.856366 0.346002 0.026762 0.0506909
0 0.63862 0.966024 0.00864829 0.015976
0 0.900032 0.80239 0.0337031 0.0203097
1 0.855456 0.378445 0.029464 0.0119668
0 0.177657 0.917672 0.0145284 0.0254276
0 0.831544 0.746717 0.0268385 0.0509632
0 0.714248 0.68546 0.0258756 0.0134137
0 0.907949 0.87405 0.0523595 0.026177
0 0.921055 0.751426 0.00855843 0.0164941
0 0.51587 0.952866 0.0257776 0.0505273
0 0.609115 0.768764 0.0515311 0.0279434
0 0.955627 0.727409 0.0161344 0.0086386
0 0.98109 0.744926 0.0151216 0.00785427
0 0.912949 0.641313 0.0147567 0.0083096
0 0.923042 0.690174 0.0160078 0.00844243
0 0.962079 0.961616 0.00807771 0.0159006
0 0.903484 0.215533 0.00782251 0.0148418
0 0.560352 0.857035 0.0164695 0.0093123
0 0.260445 0.936887 0.0134528 0.0249347
0 0.0559233 0.920314 0.014618 0.0249726
0 0.834927 0.57991 0.0151702 0.00806652
0 0.810908 0.883668 0.0246691 0.0134338
0 0.951957 0.500259 0.00809635 0.0156773
0 0.960725 0.532888 0.0153155 0.00850321
0 0.674965 0.95327 0.0198214 0.0312034
0 0.747902 0.916967 0.0256476 0.0143553
0 0.873814 0.948807 0.0151841 0.00775146
0 0.905255 0.776887 0.0149919 0.00812337
1 0.287 0.909001 0.0101501 0.014405
0 0.780325 0.708949 0.0255709 0.0143887
0 0.23482 0.937009 0.0131833 0.0242086
0 0.982492 0.95954 0.00824875 0.015439
0 0.69512 0.600058 0.0251515 0.013319
0 0.975316 0.610859 0.0149069 0.0262484
0 0.664681 0.612184 0.011796 0.0232566
0 0.592425 0.591129 0.0260561 0.0522876
0 0.695391 0.623661 0.0250793 0.0135415
0 0.88382 0.730829 0.0150101 0.00795145
0 0.650246 0.567321 0.0500028 0.0263721
0 0.947032 0.583381 0.0152901 0.0082228
1 0.856199 0.315888 0.0276585 0.00992059
0 0.635964 0.905252 0.026804 0.0132074
0 0.133198 0.874187 0.025797 0.0143681
1 0.831477 0.778967 0.0296488 0.0110292
0 0.805346 0.983498 0.00873734 0.0156801
0 0.780463 0.578023 0.0259291 0.0149779
0 0.945145 0.960808 0.00823812 0.0152069
1 0.667901 0.811131 0.0302253 0.0119777
0 0.672097 0.685126 0.0238981 0.0131004
0 0.747666 0.806086 0.0265212 0.0144586
1 0.831728 0.714792 0.0283942 0.0108452
0 0.471226 0.907867 0.026965 0.0146303
0 0.244401 0.890998 0.0263992 0.0143959
1 0.956731 0.583231 0.00323436 0.00990796
0 0.870503 0.756893 0.00830366 0.0158068
1 0.177747 0.902577 0.0165864 0.00464749
0 0.204329 0.936623 0.0126486 0.0242312
1 0.592193 0.558683 0.0281541 0.010875
1 0.674179 0.931921 0.0222943 0.00904859
0 0.873529 0.966273 0.0156867 0.00804019
1 0.577106 0.768076 0.0107464 0.0280442
1 0.93981 0.873903 0.0108006 0.0274966
1 0.516134 0.983706 0.0278475 0.0103743
0 0.638543 0.938866 0.0251453 0.0135655
1 0.592281 0.622487 0.0281393 0.0108807
0 0.514553 0.890306 0.0256083 0.0129751
0 0.309616 0.938114 0.00811774 0.0148499
1 0.67505 0.973583 0.0235633 0.00842191
0 0.921064 0.949371 0.0155066 0.00813125
1 0.618867 0.566978 0.010855 0.0291599
0 0.638513 0.654634 0.0144026 0.0243781
1 0.10452 0.935121 0.0155542 0.00505422
1 0.842913 0.295784 0.0284509 0.00992662
1 0.515626 0.921532 0.028075 0.0133388
0 0.593962 0.959396 0.0090272 0.0156321
0 0.649112 0.876534 0.00862065 0.0158687
1 0.668111 0.74806 0.0293989 0.0108788
1 0.878699 0.802736 0.0085645 0.0234194
1 0.84366 0.231818 0.028256 0.0101175
1 0.664313 0.597201 0.0137756 0.00461116
1 0.0818622 0.935466 0.0159592 0.00510525
1 0.155233 0.358779 0.0246964 0.0150915
1 0.876142 0.874107 0.0110846 0.029254
4 0.106634 0.703889 0.174504 0.171817
1 0.932978 0.690164 0.00408035 0.00955657
1 0.640898 0.768508 0.0113237 0.0290036
1 0.921185 0.802913 0.00828984 0.0236426
1 0.682649 0.566721 0.0110059 0.0279875
1 0.276612 0.874653 0.00854301 0.014293
1 0.763997 0.916822 0.00587395 0.0160512
1 0.965076 0.727438 0.00237799 0.00911037
0 0.343937 0.958993 0.00843442 0.0153015
0 0.0267026 0.89935 0.0174557 0.0129385
2 0.292344 0.89323 0.0316745 0.0175649
1 0.863719 0.949108 0.00316607 0.00962404
1 0.229493 0.890902 0.00368739 0.0159202
1 0.619642 0.905239 0.00445225 0.014981
1 0.826071 0.882647 0.00493741 0.0151727
1 0.653141 0.938094 0.00365567 0.0134933
1 0.105686 0.800188 0.0242559 0.0183544
1 0.763665 0.805827 0.00524815 0.0163549
1 0.863646 0.966213 0.00270506 0.00938284
1 0.455156 0.907561 0.0048169 0.0167925
1 0.0562018 0.935088 0.0171766 0.00473248
1 0.699196 0.685711 0.00424213 0.0139109
1 0.593733 0.949623 0.00984992 0.00280086
1 0.97564 0.627251 0.0166743 0.00545646
4 0.158613 0.280281 0.141878 0.142224
0 0.560685 0.992781 0.0280519 0.0140467
1 0.486958 0.907854 0.00483156 0.0162737
0 0.972339 0.921546 0.0144844 0.00816295
1 0.0820107 0.904335 0.0164279 0.00478382
1 0.104857 0.60765 0.0233118 0.0171147
1 0.893375 0.730727 0.00333561 0.0088284
1 0.664307 0.627061 0.0149788 0.00523089
1 0.155095 0.199758 0.0241082 0.0221267
1 0.17853 0.93281 0.0152333 0.00491646
1 0.82457 0.641199 0.00359826 0.010016
1 0.870792 0.746603 0.00960322 0.00294901
1 0.732113 0.806407 0.00497011 0.0159691
1 0.895424 0.776948 0.00327357 0.00934269
1 0.982149 0.950361 0.00943575 0.00321985
1 0.971941 0.745541 0.00324918 0.0083914
1 0.638544 0.956489 0.0103385 0.00305982
1 0.762998 0.916831 0.00509631 0.0158845
1 0.0563958 0.904268 0.0170728 0.00480933
1 0.343765 0.949393 0.00938822 0.00365041
1 0.260599 0.891134 0.00428248 0.0165851
1 0.824919 0.579931 0.0035174 0.00954794
0 0.321599 0.981316 0.0172892 0.0146005
0 0.147232 0.918024 0.017272 0.014219
1 0.952006 0.510549 0.00874904 0.00428556
0 0.394144 0.920964 0.0153287 0.0182821
1 0.911028 0.949949 0.00352978 0.00968089
0 0.776459 0.761249 0.0172998 0.0168271
1 0.550113 0.856838 0.00322029 0.0102011
1 0.760883 0.778789 0.00427008 0.00821679
1 0.903011 0.641647 0.00318896 0.00987625
1 0.920837 0.761308 0.00940942 0.00415458
1 0.979946 0.921837 0.00255441 0.00860746
1 0.105011 0.904069 0.0150243 0.00439097
1 0.183098 0.874817 0.00350183 0.0108129
1 0.786908 0.979674 0.00918535 0.00322473
1 0.204699 0.951247 0.0129465 0.00574456
1 0.903389 0.206299 0.00830791 0.00326264
1 0.495535 0.56521 0.00316661 0.00716187
0 0.173192 0.876656 0.0158069 0.0120611
1 0.154735 0.19956 0.0209547 0.0175419
1 0.651288 0.905249 0.00480245 0.0142839
1 0.183401 0.876152 0.00357457 0.0116164
1 0.652541 0.938655 0.00339052 0.0141952
1 0.638222 0.63911 0.0156269 0.00561167
1 0.729339 0.685195 0.00444644 0.0157281
1 0.763728 0.57845 0.00558903 0.0172636
0 0.395662 0.888181 0.0179791 0.014351
0 0.827201 0.478565 0.0158982 0.0156686
0 0.949083 0.397235 0.0178585 0.0182261
1 0.950709 0.532765 0.00415477 0.00972272
1 0.204957 0.920601 0.0147167 0.00652313
0 0.748297 0.671407 0.0134387 0.0125831
1 0.805257 0.973231 0.0102658 0.00340602
1 0.394484 0.933569 0.0159747 0.00677897
1 0.260384 0.920772 0.0153341 0.00630544
0 0.458104 0.964064 0.021262 0.0126735
1 0.494839 0.583305 0.00454843 0.00843761
1 0.732285 0.91688 0.0047488 0.0156246
1 0.311029 0.22714 0.033615 0.0732983
0 0.512791 0.631844 0.0082631 0.0158826
0 0.9964 0.900525 0.00670148 0.0119184
1 0.301814 0.907807 0.00640941 0.0112901
1 0.638831 0.668938 0.0147886 0.00340715
1 0.925507 0.400228 0.00310873 0.00854414
1 0.149963 0.873758 0.0062877 0.0153146
0 0.858397 0.793327 0.0185981 0.0176928
0 0.799872 0.914019 0.00715231 0.014733
1 0.235203 0.920979 0.0177039 0.00680292
0 0.75193 0.778977 0.0164883 0.00725011
0 0.616011 0.958093 0.0136998 0.00622271
