0 0.942652 0.724546 0.00803256 0.0148885
2 0.3512 0.666849 0.0189643 0.0481831
2 0.917271 0.965786 0.0168414 0.0328594
0 0.897765 0.360098 0.0148965 0.00832282
0 0.306552 0.386479 0.0258706 0.0151268
0 0.493405 0.911089 0.00816799 0.0156071
0 0.620366 0.662086 0.022992 0.0127993
0 0.821004 0.834143 0.0171316 0.00898718
0 0.708163 0.490291 0.0129361 0.0250014
0 0.311532 0.79502 0.0162302 0.0083842
0 0.738337 0.750448 0.0463726 0.0252967
0 0.78009 0.89028 0.00895366 0.0160305
0 0.761033 0.926952 0.00927078 0.0159357
0 0.942746 0.753695 0.00788498 0.0155975
0 0.676129 0.638011 0.0132791 0.0241752
0 0.706545 0.687245 0.026284 0.0503255
0 0.878097 0.715807 0.00931343 0.0160186
0 0.247454 0.929123 0.00792941 0.0151916
0 0.247158 0.891589 0.00854542 0.0160701
0 0.350948 0.386845 0.0244236 0.0136905
0 0.307088 0.364124 0.0252598 0.012787
0 0.670226 0.473765 0.0124916 0.0242242
0 0.792021 0.966495 0.0147815 0.0074805
0 0.190474 0.877296 0.00827414 0.0154848
0 0.0846828 0.888971 0.016867 0.0102238
0 0.294745 0.534637 0.019527 0.0291701
0 0.337154 0.492058 0.00821442 0.0150013
0 0.621661 0.636791 0.0236654 0.0133125
0 0.182739 0.7553 0.0091119 0.0163906
0 0.741608 0.650529 0.0272611 0.0554295
0 0.802161 0.890156 0.00943181 0.0160507
0 0.745604 0.703328 0.0262543 0.0145239
1 0.675841 0.652081 0.0148299 0.0043485
0 0.309998 0.778206 0.0163555 0.00850959
0 0.741385 0.927255 0.00873353 0.0160656
0 0.670919 0.524636 0.0121563 0.0245477
0 0.928911 0.794582 0.0168545 0.00904371
0 0.760955 0.889964 0.00825769 0.0156157
0 0.427951 0.764315 0.0159594 0.0090766
0 0.858584 0.701533 0.00888899 0.0159964
0 0.54755 0.964053 0.00854129 0.0159728
0 0.49309 0.948778 0.0081537 0.0162741
0 0.451641 0.757052 0.00861384 0.016842
0 0.281772 0.422945 0.0132216 0.0239117
0 0.836222 0.981459 0.00865317 0.0163656
0 0.648337 0.718291 0.0133299 0.0253468
1 0.706712 0.718428 0.0278869 0.0111368
0 0.0848002 0.906541 0.0173021 0.0093452
1 0.741467 0.917175 0.00960234 0.00459915
0 0.382533 0.369192 0.00830891 0.0169342
0 0.322687 0.531495 0.0148662 0.0234353
0 0.56156 0.863414 0.00886836 0.0167353
1 0.706131 0.749908 0.0113053 0.0278415
0 0.86688 0.902195 0.0165071 0.00868006
0 0.660252 0.437243 0.00852704 0.0162513
1 0.329314 0.650202 0.0240783 0.0221231
1 0.291548 0.363517 0.00533582 0.0147753
1 0.76104 0.916755 0.00984705 0.00403776
1 0.329563 0.683795 0.0217474 0.0181503
1 0.67023 0.48814 0.0143763 0.00487722
1 0.831521 0.833988 0.00360308 0.0095575
1 0.898854 0.955315 0.0171338 0.00724861
1 0.182074 0.745167 0.00950563 0.0036825
1 0.935037 0.96634 0.0168404 0.0057318
1 0.190467 0.886703 0.0099275 0.00352772
1 0.899696 0.977742 0.0180527 0.00681324
1 0.383014 0.379827 0.00958461 0.0040044
1 0.635952 0.636818 0.00575588 0.0154168
1 0.742069 0.617855 0.0288843 0.00995192
1 0.371641 0.66765 0.0228392 0.0212776
1 0.85861 0.691936 0.00957032 0.00385741
1 0.708165 0.505513 0.0144713 0.00520669
1 0.670218 0.458315 0.0160294 0.00549385
1 0.936101 0.977244 0.0171579 0.00807109
1 0.742788 0.684224 0.0270665 0.0102429
1 0.605964 0.661864 0.00566864 0.0152118
1 0.299793 0.777819 0.003464 0.00979208
1 0.800792 0.966104 0.0029335 0.00850778
1 0.0747182 0.889077 0.00317194 0.0108187
1 0.76092 0.704066 0.00429785 0.0157428
1 0.899438 0.966002 0.0167565 0.00556289
1 0.294397 0.555985 0.0224683 0.00984817
1 0.281576 0.407863 0.0159985 0.00567389
0 0.355331 0.364634 0.0236533 0.0135044
1 0.934873 0.955323 0.0159412 0.0063087
1 0.493377 0.901671 0.0093168 0.00279079
1 0.294734 0.514679 0.0229523 0.00932278
1 0.942544 0.714883 0.00931668 0.00257423
1 0.67614 0.622848 0.0157209 0.00541368
1 0.836108 0.97149 0.00934538 0.00363947
1 0.671353 0.509671 0.0149552 0.00498822
1 0.877707 0.705606 0.0106163 0.00414351
1 0.451825 0.746903 0.00946376 0.00353716
1 0.322316 0.386329 0.00478285 0.0164551
1 0.391275 0.491596 0.0447847 0.00785556
1 0.291265 0.386483 0.00447833 0.015848
1 0.635669 0.661759 0.00573855 0.0154219
1 0.547638 0.973539 0.00929141 0.00343779
1 0.802265 0.880127 0.0103364 0.00351765
1 0.706083 0.655041 0.0290001 0.0119405
1 0.731336 0.702766 0.00385022 0.0159092
1 0.0746073 0.906604 0.00344824 0.0107765
1 0.418164 0.764125 0.00307121 0.00994241
1 0.301188 0.794365 0.00300742 0.00941899
1 0.391711 0.579631 0.043435 0.00819078
1 0.770002 0.750284 0.00990914 0.0260513
1 0.24732 0.919044 0.0085243 0.0036683
1 0.390936 0.568807 0.0424442 0.00769762
1 0.391057 0.513159 0.0443458 0.00783733
0 0.18564 0.566992 0.059262 0.0485895
1 0.392318 0.524523 0.0451525 0.00758265
1 0.247242 0.901498 0.00902534 0.00379731
1 0.390735 0.501923 0.0440561 0.00756429
1 0.323024 0.51805 0.0148532 0.00472616
1 0.801969 0.900708 0.00984861 0.00489188
2 0.507242 0.506815 0.171497 0.264263
1 0.0963281 0.501871 0.0134198 0.0418473
1 0.39093 0.435628 0.0444032 0.00736915
1 0.39176 0.446573 0.0446504 0.0071897
0 0.157166 0.503732 0.100008 0.0522465
1 0.391715 0.5575 0.0427309 0.00800968
1 0.391343 0.54644 0.0430825 0.00808497
1 0.391955 0.479641 0.0465535 0.00758765
1 0.918601 0.794735 0.00337882 0.0100717
1 0.391565 0.535157 0.0437292 0.00784902
1 0.390842 0.457392 0.044183 0.0071757
1 0.779969 0.880791 0.00947045 0.00441667
1 0.707992 0.47497 0.0152089 0.00576257
1 0.391398 0.42432 0.0434666 0.00738707
1 0.390348 0.602343 0.0435694 0.00841385
1 0.391094 0.413374 0.0418387 0.00800764
1 0.761159 0.880151 0.00858688 0.00329827
0 0.222863 0.822998 0.00866472 0.0166535
1 0.391489 0.590894 0.0429354 0.0078347
1 0.780098 0.900872 0.00951254 0.0046226
1 0.616878 0.501469 0.0436882 0.00769746
1 0.322701 0.518762 0.0145859 0.00365185
1 0.617174 0.490754 0.0431194 0.00777723
1 0.877339 0.901513 0.00444869 0.00898361
1 0.617079 0.54621 0.0431777 0.00831154
1 0.341287 0.363728 0.00464152 0.0152333
1 0.322425 0.363939 0.00519462 0.0148686
1 0.616389 0.556862 0.0438903 0.00777698
0 0.341636 0.536076 0.00670689 0.0111368
1 0.942949 0.76168 0.00765754 0.00274696
1 0.617148 0.579173 0.0418654 0.00759675
1 0.617592 0.568473 0.0440149 0.0070338
1 0.856746 0.902646 0.00392576 0.00952886
7 0.503222 0.499443 0.181983 0.241645
2 0.967861 0.879843 0.0612051 0.0846961
1 0.281459 0.438855 0.016879 0.00605602
1 0.615415 0.412417 0.0409036 0.00724139
1 0.341248 0.35986 0.00567865 0.0108028
1 0.616048 0.423471 0.0441133 0.0079286
1 0.606946 0.636932 0.00637305 0.0159053
1 0.337518 0.482078 0.00908483 0.00413094
1 0.810575 0.834402 0.00510876 0.00992734
1 0.365375 0.386725 0.00563249 0.0145557
