2 0.497591 0.498164 0.103742 0.102089
0 0.160553 0.661049 0.0137896 0.0071585
0 0.0112096 0.278192 0.0150799 0.00793839
0 0.161521 0.107987 0.0146619 0.00826786
0 0.0111223 0.447876 0.0153784 0.00812171
0 0.161206 0.576177 0.0145372 0.00768086
0 0.160735 0.363163 0.0140809 0.00705588
0 0.1609 0.277837 0.0144462 0.00715625
2 0.397485 0.551533 0.0502045 0.018903
0 0.231592 0.746784 0.0242861 0.012403
0 0.310505 0.575676 0.0144216 0.00782801
0 0.0110118 0.0650429 0.0152687 0.00795236
0 0.0110243 0.363507 0.0150001 0.00766679
0 0.0108974 0.66124 0.0151581 0.00778148
0 0.160671 0.746137 0.0141234 0.00694681
0 0.405373 0.308648 0.0275303 0.0518686
0 0.498001 0.139339 0.0154762 0.00851869
0 0.310599 0.278235 0.0141492 0.00732362
0 0.16099 0.490424 0.0144696 0.00748681
0 0.310943 0.192397 0.0143517 0.00755316
0 0.0109426 0.490769 0.0152947 0.00797703
0 0.0859973 0.193007 0.0146154 0.00777548
0 0.160572 0.618578 0.0133728 0.00736999
0 0.0108012 0.746501 0.015185 0.00785421
0 0.0856977 0.703825 0.0145943 0.00806414
0 0.160783 0.448461 0.0147163 0.00713123
0 0.0109194 0.575899 0.0151142 0.00784658
0 0.306545 0.661035 0.0231019 0.0121343
0 0.0859453 0.490725 0.0150016 0.00780131
0 0.0110006 0.618296 0.0149807 0.00795458
0 0.0111495 0.1076 0.015191 0.00784542
0 0.161303 0.235254 0.014261 0.00785703
0 0.0110892 0.235523 0.0148912 0.00757718
0 0.0117744 0.183415 0.0124823 0.0232298
0 0.0838325 0.0233097 0.0119011 0.0236046
0 0.0861353 0.660994 0.0152681 0.00823424
0 0.310638 0.619077 0.0144963 0.00799354
0 0.497777 0.587221 0.0157977 0.00909042
0 0.235802 0.363011 0.0153848 0.00829059
0 0.235701 0.575721 0.0143833 0.00797747
0 0.0110941 0.405366 0.014858 0.00755735
0 0.0108212 0.533616 0.0150066 0.00789855
0 0.0862067 0.277816 0.0153849 0.00806155
0 0.235804 0.661276 0.0149095 0.0082395
0 0.160611 0.533223 0.0148875 0.00749607
0 0.236224 0.192294 0.0150908 0.00825638
0 0.0858967 0.618841 0.0145341 0.00796665
0 0.235933 0.107562 0.0147223 0.00804058
0 0.161564 0.150226 0.0145762 0.00788445
0 0.30682 0.689393 0.0236896 0.0125008
2 0.400108 0.626952 0.0494185 0.0183012
0 0.310668 0.32091 0.0141606 0.00809657
0 0.306749 0.533518 0.0252347 0.0129843
0 0.0857884 0.448162 0.0155751 0.00825704
0 0.0863219 0.107342 0.0148784 0.00804612
0 0.236176 0.2783 0.0151751 0.00769234
1 0.487628 0.587308 0.00326644 0.0104122
0 0.369233 0.120573 0.00730883 0.0147178
0 0.453017 0.913276 0.0396799 0.0522691
0 0.6507 0.875674 0.0487545 0.0263915
0 0.0859747 0.362792 0.0151155 0.00798607
0 0.0082727 0.147324 0.0165454 0.0118096
0 0.310945 0.15058 0.0144623 0.00810808
0 0.0862087 0.150395 0.014652 0.00801676
0 0.0859715 0.575964 0.0149626 0.00798854
0 0.311073 0.235782 0.0140378 0.00820154
0 0.236065 0.235632 0.0149122 0.00793529
1 0.405885 0.27582 0.0274669 0.0116467
0 0.23596 0.490193 0.0150894 0.00803053
0 0.231845 0.618344 0.024264 0.0126221
0 0.235531 0.448563 0.0151955 0.00806114
0 0.0864173 0.0651597 0.0154759 0.00797097
0 0.0857648 0.533485 0.0150736 0.00823831
0 0.157338 0.0656956 0.0237548 0.0121254
0 0.310623 0.448095 0.0152579 0.00825156
0 0.307083 0.491064 0.02481 0.0124064
0 0.236208 0.0652555 0.0154829 0.00783202
0 0.231921 0.704288 0.0246229 0.0127405
0 0.547914 0.38078 0.0140078 0.0258096
0 0.236059 0.15037 0.0151898 0.00812995
0 0.0875915 0.733483 0.0150376 0.00798991
0 0.0862367 0.235935 0.0145385 0.00792145
1 0.415946 0.572039 0.0196834 0.021013
1 0.382744 0.573385 0.0207779 0.0214083
0 0.235805 0.533376 0.0150381 0.00782588
0 0.157203 0.405834 0.0238246 0.0127322
0 0.310437 0.405839 0.0150856 0.00820376
0 0.375384 0.775741 0.0123972 0.0234919
0 0.368639 0.0783164 0.00770153 0.0151393
0 0.0864211 0.405831 0.0143306 0.00802006
1 0.0114681 0.198325 0.015629 0.00600161
1 0.63842 0.493708 0.0241141 0.01732
1 0.399369 0.648351 0.0209813 0.0225545
1 0.246724 0.746514 0.00529815 0.0147641
1 0.459685 0.581289 0.0240338 0.0623075
0 0.310842 0.36336 0.014477 0.00765616
1 0.452562 0.881574 0.0481988 0.0139365
1 0.405698 0.340067 0.0275799 0.00890541
1 0.520987 0.372926 0.0196401 0.0406447
1 0.491826 0.31574 0.0944302 0.0326978
0 0.086279 0.320689 0.0146752 0.0080371
1 0.619243 0.876854 0.0110464 0.0296009
0 0.161312 0.703684 0.0140009 0.00798122
4 0.636431 0.416128 0.14033 0.14077
0 0.236139 0.405931 0.0154978 0.00810826
1 0.245843 0.10733 0.00345599 0.00933438
1 0.383503 0.60581 0.0216702 0.0214641
0 0.0111517 0.319937 0.0151885 0.00800448
1 0.375473 0.760152 0.0154933 0.0054235
1 0.245659 0.278225 0.00310854 0.00928697
4 0.896278 0.84384 0.173912 0.172701
1 0.415142 0.605561 0.0203489 0.0210579
1 0.24581 0.192301 0.0032318 0.00927365
1 0.537743 0.581176 0.0225675 0.0640318
1 0.0201351 0.575897 0.0028636 0.0096211
2 0.475746 0.37208 0.0704243 0.0623071
1 0.793369 0.49417 0.0240931 0.0164535
1 0.0200979 0.363462 0.00290299 0.00911134
1 0.245897 0.065181 0.0037475 0.00901331
1 0.0201731 0.66115 0.0028462 0.00969515
0 0.160801 0.320018 0.0145838 0.0079714
1 0.0201321 0.533768 0.00303205 0.00885604
1 0.020373 0.278313 0.00305101 0.00940442
0 0.0109156 0.703616 0.0150125 0.00799342
1 0.245717 0.150437 0.00349659 0.00920167
1 0.430837 0.372676 0.0202726 0.0407027
1 0.399484 0.529944 0.0199505 0.0214541
1 0.245202 0.575423 0.00352103 0.00942899
1 0.245471 0.48987 0.00348279 0.00932168
1 0.0204718 0.618248 0.00325491 0.00901413
1 0.0122329 0.168728 0.0144242 0.00439444
1 0.0200341 0.490619 0.00270003 0.00941417
1 0.245376 0.661108 0.00347916 0.0092689
1 0.0203555 0.0651031 0.00316545 0.0088546
1 0.2922 0.689193 0.00445197 0.0153817
1 0.291805 0.660785 0.00513005 0.0141411
1 0.0202989 0.746305 0.00311037 0.00942449
1 0.0203084 0.703448 0.00298442 0.00859714
0 0.235989 0.320035 0.0149801 0.00804085
1 0.0199232 0.405174 0.00255008 0.00873447
1 0.245593 0.235757 0.00362129 0.0087163
1 0.369304 0.129175 0.00816905 0.00247443
1 0.291079 0.490865 0.00568127 0.014415
1 0.900323 0.937825 0.0247824 0.0174825
1 0.30073 0.575662 0.00310066 0.00953724
1 0.151536 0.576209 0.00281537 0.00921962
1 0.0972507 0.733113 0.00326979 0.00948615
1 0.245463 0.362918 0.00344533 0.00903333
1 0.290496 0.53371 0.00620914 0.0154545
1 0.0203393 0.107737 0.00310227 0.00900343
1 0.682668 0.876448 0.00966738 0.0267067
1 0.142639 0.0660697 0.00522215 0.0142269
1 0.301229 0.192496 0.00309572 0.00863582
1 0.245284 0.533212 0.00355678 0.00884985
1 0.498319 0.558035 0.0165144 0.0148103
1 0.246561 0.618529 0.00471315 0.0142007
3 0.476403 0.372519 0.0706529 0.0605207
2 0.495692 0.249475 0.105939 0.104677
1 0.151584 0.107815 0.00327964 0.0099711
1 0.151569 0.278225 0.00291276 0.00926215
1 0.151394 0.618747 0.00301098 0.00869144
1 0.246811 0.704069 0.00460773 0.0143127
1 0.0204812 0.447926 0.00317325 0.00905525
1 0.300999 0.27831 0.00323821 0.00877011
1 0.453826 0.944503 0.0479988 0.0130639
1 0.245455 0.319497 0.00367771 0.00899255
1 0.151481 0.490429 0.00296896 0.00908214
1 0.151759 0.661274 0.00265392 0.00883734
3 0.751168 0.822149 0.0720351 0.0889095
1 0.24547 0.405267 0.00330531 0.00909364
1 0.488008 0.139182 0.00292121 0.0103132
1 0.151598 0.363331 0.00276716 0.00883712
1 0.638352 0.334976 0.0249467 0.0202931
1 0.0199694 0.147458 0.00541174 0.0142823
1 0.151413 0.235454 0.00279919 0.00914986
1 0.792051 0.335422 0.0255327 0.0217595
1 0.0201712 0.235388 0.00268593 0.0085266
1 0.15124 0.703754 0.00309891 0.0089848
1 0.454096 0.172032 0.0225141 0.0531945
1 0.301318 0.363554 0.00364254 0.00920308
1 0.547654 0.364844 0.0165503 0.00489035
1 0.151632 0.746463 0.00264888 0.00857544
1 0.301136 0.619148 0.00318515 0.0095268
1 0.750532 0.767112 0.0412574 0.0223622
1 0.301628 0.235984 0.00395099 0.00925505
1 0.532342 0.168686 0.0242622 0.0611608
1 0.152002 0.150428 0.00259484 0.00945363
1 0.501546 0.432641 0.0893446 0.0317745
1 0.301071 0.320993 0.00295317 0.00922369
1 0.899128 0.746625 0.0233469 0.0175793
1 0.142955 0.405784 0.00426316 0.0151911
1 0.300808 0.405895 0.00355564 0.00950016
1 0.375197 0.791007 0.0155875 0.00570203
1 0.151563 0.448708 0.00276881 0.00867434
1 0.216143 0.703307 0.00516832 0.0149373
1 0.216454 0.746125 0.00500218 0.015137
1 0.0200787 0.319674 0.00259466 0.00887001
1 0.245138 0.448567 0.00374656 0.00883418
2 0.752249 0.821801 0.0768742 0.085593
1 0.301147 0.448331 0.00322736 0.00922028
1 0.151809 0.533491 0.00292348 0.00790862
1 0.7494 0.878492 0.0408811 0.0289266
1 0.0963906 0.10638 0.00384346 0.00925127
1 0.321984 0.533514 0.00614807 0.015579
1 0.321897 0.689721 0.00575538 0.0145967
1 0.547664 0.394339 0.0153585 0.00534136
1 0.216166 0.617544 0.00499261 0.0145303
1 0.0963235 0.0650747 0.0041711 0.00838007
1 0.0962768 0.490038 0.00404338 0.00883506
1 0.0962157 0.575325 0.00403285 0.00855336
1 0.150979 0.32057 0.00359238 0.00886442
1 0.301678 0.150685 0.00346518 0.00954681
1 0.151438 0.320022 0.00300706 0.00900625
1 0.322159 0.490867 0.00576316 0.0134709
1 0.0963427 0.192455 0.00401431 0.0084951
1 0.0964738 0.404798 0.00391909 0.00857322
1 0.0963202 0.660701 0.00408181 0.00888324
1 0.0961637 0.236269 0.00422392 0.00815427
0 0.387323 0.504289 0.0170839 0.0166576
1 0.0830228 0.00698984 0.0140636 0.0072371
1 0.0757908 0.490409 0.00433665 0.00856684
1 0.0962085 0.277731 0.00406716 0.0088849
1 0.0961231 0.448313 0.00447796 0.0085422
1 0.096226 0.150732 0.00414741 0.00819611
