3 0.68709 0.910212 0.0668986 0.0371029
4 0.154293 0.630392 0.175467 0.177161
0 0.70035 0.324968 0.0145259 0.0256889
0 0.607508 0.417635 0.0135661 0.0246131
0 0.576395 0.370425 0.0120909 0.0240269
0 0.957608 0.648864 0.0322349 0.0203152
0 0.445906 0.38647 0.012311 0.0233914
4 0.113749 0.813508 0.11505 0.121929
0 0.481742 0.385303 0.0116549 0.0234854
0 0.462865 0.418768 0.0233016 0.0119117
0 0.635995 0.326897 0.0133802 0.0245467
0 0.408923 0.705299 0.0489777 0.039882
0 0.0692885 0.0522427 0.0116617 0.0239055
0 0.958298 0.798125 0.0314431 0.0208344
0 0.95689 0.686137 0.032429 0.0197623
0 0.747662 0.327586 0.0211491 0.032232
0 0.678377 0.180996 0.0252724 0.0139019
0 0.48117 0.518015 0.0503854 0.0231175
0 0.367704 0.470386 0.0505726 0.0255487
0 0.322789 0.609784 0.0250857 0.0119927
0 0.40309 0.619655 0.0417159 0.0472141
2 0.664856 0.673202 0.0155771 0.0281001
0 0.678754 0.13884 0.0234974 0.0128427
0 0.791842 0.14458 0.0118553 0.0234792
3 0.654812 0.756262 0.0546797 0.105153
0 0.64895 0.439858 0.0120411 0.0242861
0 0.792138 0.760292 0.0126741 0.0235641
0 0.174463 0.0577547 0.0235015 0.0231705
0 0.596072 0.0703886 0.0260768 0.0132939
1 0.481538 0.370401 0.013894 0.00558412
0 0.457777 0.590742 0.0250275 0.0117941
1 0.514368 0.592463 0.0489893 0.0168517
0 0.792159 0.582838 0.0119082 0.0246198
0 0.792114 0.635897 0.0116109 0.0235519
5 0.296941 0.182635 0.257497 0.271682
0 0.423353 0.0761418 0.0230467 0.0215825
0 0.79269 0.801927 0.0117203 0.0238981
1 0.792019 0.285107 0.0141977 0.00614285
0 0.79228 0.29985 0.0119326 0.0228074
1 0.64828 0.425103 0.0143988 0.00515578
0 0.706522 0.0481431 0.0253582 0.0134852
0 0.0869245 0.0175566 0.0239118 0.0125744
1 0.334689 0.635326 0.0280694 0.0100337
1 0.403947 0.589344 0.0526744 0.0141007
1 0.402677 0.650662 0.0491853 0.0136809
1 0.747632 0.347835 0.0240905 0.00760116
0 0.792207 0.718687 0.0124417 0.025151
0 0.462635 0.685936 0.0129652 0.0245845
1 0.79179 0.621442 0.0136654 0.00544632
1 0.515223 0.654483 0.0484988 0.0128751
0 0.610238 0.545706 0.0121868 0.024688
2 0.960337 0.908994 0.0179972 0.042594
0 0.792494 0.677534 0.0122357 0.0253265
1 0.376433 0.706887 0.0150388 0.0515972
1 0.792509 0.745873 0.0143547 0.00455963
1 0.644614 0.908252 0.0126016 0.027843
3 0.386071 0.541057 0.0647402 0.0352975
1 0.742271 0.850851 0.0117042 0.0283938
1 0.576402 0.355103 0.0132208 0.00576554
2 0.0996279 0.276945 0.0206828 0.0419344
1 0.399391 0.469908 0.0116742 0.0304251
1 0.445059 0.371818 0.0129307 0.00521622
0 0.156396 0.0867363 0.0209787 0.0265605
1 0.635957 0.341861 0.0147337 0.00535224
1 0.25033 0.63116 0.0199713 0.0230238
0 0.573418 0.835438 0.0453567 0.024712
1 0.682513 0.683674 0.0173241 0.0050843
0 0.514102 0.62329 0.0432999 0.0488045
0 0.651733 0.547343 0.0133541 0.0245915
0 0.70009 0.603684 0.013315 0.0243575
1 0.60693 0.40218 0.0154059 0.00481584
1 0.511697 0.518196 0.00944519 0.0283243
3 0.334848 0.676969 0.0377086 0.0692287
1 0.662594 0.85144 0.00903139 0.0272553
1 0.336026 0.469778 0.0122293 0.0270072
1 0.723312 0.0485901 0.0049708 0.0151122
0 0.538608 0.400564 0.0244951 0.0128735
1 0.792595 0.597564 0.01402 0.00432324
1 0.980017 0.648351 0.00805651 0.0234414
1 0.792172 0.159241 0.0139811 0.00552595
1 0.445839 0.401692 0.0143906 0.00529908
1 0.682359 0.662096 0.0180339 0.00636054
0 0.658256 0.337789 0.00893352 0.00561214
1 0.700671 0.341554 0.0175501 0.00545442
0 0.636508 0.0923506 0.021523 0.0175132
1 0.61234 0.0710734 0.00429035 0.0150297
0 0.110515 0.171569 0.0150034 0.0261685
1 0.481344 0.400815 0.0144918 0.00557996
1 0.0561351 0.629947 0.0168978 0.0253504
1 0.982058 0.910091 0.0237582 0.0252353
1 0.307181 0.609289 0.00509869 0.0156548
1 0.426383 0.539852 0.00723201 0.025678
1 0.448165 0.418947 0.00517285 0.014028
1 0.335131 0.720464 0.0305028 0.0168758
1 0.0691377 0.0366148 0.0125612 0.00596914
0 0.431706 0.0288051 0.0323019 0.0321882
0 0.649488 0.370486 0.0148445 0.025318
1 0.792103 0.653578 0.0150485 0.00670386
1 0.649764 0.908268 0.010618 0.0266403
1 0.649249 0.386912 0.0156364 0.00588261
0 0.702119 0.85252 0.065919 0.0365849
1 0.449123 0.516928 0.0116121 0.0269461
1 0.0687709 0.067557 0.014124 0.00545667
1 0.607465 0.433404 0.0162466 0.00488491
1 0.792362 0.129748 0.0137672 0.00492239
1 0.700309 0.309416 0.0160883 0.00428178
0 0.553478 0.243644 0.0359354 0.0329086
1 0.472469 0.591419 0.00521194 0.0127325
1 0.347403 0.540382 0.00925924 0.0259354
1 0.723943 0.908476 0.00966619 0.0280834
1 0.747488 0.307092 0.02599 0.00845565
1 0.693332 0.181029 0.0048426 0.0143838
1 0.334948 0.632745 0.0269537 0.0134547
0 0.140087 0.0280836 0.0231673 0.0132466
0 0.744422 0.625181 0.00497887 0.0101504
1 0.731914 0.907469 0.0140903 0.0284896
0 0.145996 0.076081 0.0224661 0.024353
0 0.194094 0.0418651 0.0230313 0.0254733
1 0.55903 0.746294 0.0231957 0.00462354
0 0.628368 0.0241667 0.00571942 0.0103477
1 0.30792 0.610338 0.00407338 0.0145022
0 0.545773 0.716004 0.0275731 0.0269716
1 0.576184 0.386199 0.0149 0.00533579
1 0.792747 0.816948 0.0134425 0.0046797
0 0.15291 0.0826087 0.0284525 0.0326142
1 0.0780341 0.261075 0.0204503 0.0182884
1 0.580251 0.0712975 0.00515247 0.0165098
1 0.792327 0.786139 0.0143159 0.0058887
0 0.79128 0.975323 0.0117974 0.0241801
0 0.610314 0.138202 0.0103309 0.0179095
0 0.600482 0.866324 0.0118699 0.019696
1 0.792669 0.698501 0.013947 0.00680354
0 0.175963 0.0543884 0.0271954 0.0282411
1 0.0790459 0.291559 0.0221847 0.020434
1 0.791924 0.659056 0.0145178 0.00813406
1 0.661228 0.181306 0.00590346 0.0163616
1 0.404887 0.0717829 0.0120566 0.00957969
0 0.449293 0.277172 0.0231535 0.0211936
0 0.674915 0.139284 0.0180034 0.0126172
4 0.148963 0.445209 0.15894 0.150108
1 0.601291 0.87852 0.013021 0.00469252
1 0.103695 0.0170487 0.00621149 0.0137404
1 0.462544 0.701275 0.0148415 0.00618006
1 0.120881 0.277763 0.0248656 0.0176084
1 0.791999 0.777611 0.0151048 0.00624397
1 0.60178 0.795514 0.046792 0.0266137
1 0.682823 0.675023 0.0177586 0.00719502
1 0.440939 0.5905 0.00657372 0.0144206
1 0.183285 0.237724 0.0223668 0.023356
0 0.181911 0.0485142 0.0352057 0.0321982
0 0.335193 0.677168 0.0380638 0.0667062
1 0.339265 0.608765 0.00668632 0.0138316
1 0.936048 0.649016 0.00771382 0.0219705
1 0.281521 0.0382259 0.0119056 0.0127363
1 0.487419 0.623101 0.0086336 0.03649
1 0.596355 0.00376097 0.00738419 0.00752194
0 0.538623 0.378464 0.025021 0.0122006
1 0.691465 0.0488907 0.00410318 0.015401
1 0.44835 0.0389267 0.0151382 0.0213326
0 0.636858 0.204093 0.00579071 0.0094021
1 0.41453 0.0168534 0.0199049 0.0152317
1 0.365214 0.564577 0.0105861 0.0111814
1 0.439752 0.705342 0.0127431 0.0497077
0 0.644889 0.138499 0.0111856 0.0197038
1 0.792221 0.99001 0.0136597 0.00563118
