3 0.639403 0.655236 0.0682696 0.0532619
2 0.947407 0.969167 0.0489392 0.0467078
2 0.748506 0.313771 0.0791025 0.0666543
0 0.463551 0.0375263 0.0120296 0.0228129
0 0.717771 0.811561 0.0213594 0.0318659
3 0.797914 0.65173 0.0651304 0.0542479
0 0.605755 0.103942 0.0330894 0.0197298
2 0.764543 0.45261 0.0802078 0.0665598
0 0.497097 0.838795 0.0125139 0.0228891
0 0.59154 0.879537 0.0120714 0.023252
2 0.915096 0.563146 0.0466445 0.0204594
1 0.930851 0.584927 0.0201876 0.0218363
1 0.914244 0.54168 0.0219283 0.0228562
0 0.896639 0.658994 0.0122587 0.0235768
0 0.486081 0.0268552 0.0121782 0.0227104
0 0.591839 0.542394 0.0113497 0.0225577
0 0.496964 0.636647 0.0124804 0.0225789
0 0.497328 0.570516 0.0127076 0.0232453
0 0.496677 0.879178 0.0124808 0.0230597
0 0.49554 0.952817 0.0125578 0.0251394
1 0.484503 0.169833 0.0216736 0.0217491
0 0.496276 0.449504 0.0121168 0.0226788
0 0.746935 0.810654 0.0194066 0.0312584
0 0.496889 0.529989 0.0123067 0.023885
2 0.655357 0.780414 0.0194061 0.0441834
1 0.451508 0.16925 0.0193681 0.0227201
0 0.0435135 0.457534 0.0130071 0.0233867
0 0.080181 0.4136 0.0125336 0.0241865
1 0.46728 0.127259 0.019037 0.0219411
0 0.884814 0.856352 0.020942 0.0338299
2 0.841126 0.734214 0.0183556 0.0457194
0 0.716373 0.657835 0.0205759 0.0314101
0 0.0669783 0.457871 0.0129823 0.0229138
0 0.0780623 0.633467 0.0152916 0.00800036
2 0.654258 0.837352 0.0189941 0.0465733
1 0.702591 0.965007 0.0211522 0.0219181
0 0.497171 0.797553 0.0123551 0.0230589
0 0.496845 0.409153 0.0121355 0.0235797
0 0.482561 0.0782739 0.0122175 0.0226107
2 0.467444 0.148385 0.0447666 0.0192509
0 0.59202 0.839594 0.0121734 0.0232712
0 0.496693 0.489743 0.0127698 0.0231415
1 0.311387 0.493735 0.0230158 0.00786112
0 0.49656 0.757775 0.0126123 0.0227682
0 0.0673229 0.498288 0.0130705 0.0234247
0 0.46045 0.0782551 0.0118257 0.0225591
0 0.495815 0.717669 0.0125293 0.0231927
1 0.682832 0.654742 0.0205892 0.0404697
1 0.463517 0.0517247 0.0144267 0.00516423
0 0.310546 0.457928 0.0195908 0.0330877
1 0.898242 0.585054 0.0199841 0.0214012
2 0.75394 0.187807 0.100416 0.10532
0 0.496162 0.67716 0.0124238 0.0222419
0 0.311039 0.515078 0.020054 0.0321089
0 0.0440443 0.498465 0.0130194 0.0237485
1 0.686139 0.922912 0.0189178 0.0219545
1 0.715638 0.636957 0.0243809 0.00867393
0 0.776231 0.811361 0.0196499 0.0322172
0 0.881789 0.896182 0.0246761 0.0151006
1 0.496526 0.691108 0.0156356 0.00470709
1 0.718841 0.922699 0.0222343 0.0230625
2 0.703657 0.943831 0.0465653 0.017658
1 0.0670157 0.512512 0.0145739 0.00554607
0 0.874454 0.358674 0.0493104 0.0375874
0 0.850841 0.428638 0.0376628 0.0485304
1 0.850533 0.571474 0.0403135 0.0207875
0 0.591742 0.759515 0.0122254 0.0245967
0 0.311761 0.74419 0.0233242 0.0342847
1 0.497028 0.824575 0.014695 0.00440898
1 0.896787 0.643275 0.0156269 0.00571004
0 0.0146124 0.495905 0.00951012 0.0160475
2 0.649247 0.547505 0.0797693 0.0609257
1 0.310721 0.435535 0.0244995 0.0104576
0 0.947146 0.342611 0.0146389 0.00761342
2 0.618399 0.720522 0.017802 0.046833
1 0.593447 0.654768 0.021264 0.0401851
0 0.0779201 0.649512 0.0148192 0.00798585
0 0.901922 0.413181 0.0132637 0.0236491
1 0.822881 0.18806 0.0385053 0.0948332
1 0.716641 0.363747 0.0139276 0.0312638
1 0.496289 0.731929 0.0152415 0.00490314
0 0.0150606 0.459717 0.00888438 0.0156771
1 0.592 0.824444 0.0141083 0.00455331
1 0.675736 0.795366 0.0214691 0.0198873
1 0.311423 0.535884 0.0233407 0.00823975
0 0.86857 0.659712 0.0129852 0.024075
0 0.74436 0.766076 0.0089055 0.0149901
1 0.74783 0.831315 0.0248783 0.0076132
1 0.591915 0.744568 0.0149886 0.0049875
1 0.67619 0.763324 0.0222304 0.0192807
1 0.717416 0.831368 0.0249387 0.00760869
0 0.623501 0.138539 0.0125892 0.023636
0 0.922526 0.343697 0.00833011 0.0166164
1 0.62695 0.102261 0.00842423 0.0229534
0 0.969028 0.364858 0.00832129 0.0152775
1 0.496714 0.622165 0.0149845 0.00499413
1 0.496408 0.43507 0.0143909 0.00497164
1 0.496576 0.783751 0.0144407 0.0043924
1 0.675293 0.837792 0.0222793 0.0197365
1 0.640069 0.737308 0.0227614 0.0211202
1 0.496559 0.864718 0.0149649 0.00490783
1 0.0673547 0.472056 0.0158002 0.00503565
1 0.496944 0.394424 0.0142044 0.00491524
1 0.747136 0.790247 0.0233946 0.00751389
1 0.88455 0.877182 0.025451 0.00802443
1 0.640449 0.704527 0.0231049 0.0222681
1 0.497024 0.503478 0.0148283 0.00407841
1 0.753639 0.499342 0.0123787 0.0289586
1 0.633089 0.854766 0.0231445 0.0182304
1 0.591443 0.893263 0.0145486 0.004769
1 0.591663 0.527062 0.0134242 0.00541903
1 0.884346 0.834163 0.0256617 0.00981678
0 0.0480905 0.638647 0.0174236 0.0247914
1 0.754935 0.651259 0.0156483 0.039321
1 0.84085 0.65223 0.0181464 0.0402461
1 0.781712 0.3639 0.0152223 0.0320659
1 0.843154 0.35807 0.0120735 0.0500734
1 0.311265 0.72224 0.0267993 0.00869788
1 0.77688 0.831195 0.0242673 0.00773896
1 0.86157 0.750216 0.0238592 0.0203485
1 0.717197 0.679164 0.024292 0.00977995
0 0.0707129 0.595946 0.00814472 0.014565
0 0.103498 0.530388 0.00837353 0.0146566
1 0.496186 0.893103 0.0153396 0.00523401
1 0.851116 0.398105 0.0495716 0.0130145
1 0.311392 0.478726 0.0238205 0.0080436
1 0.633189 0.821022 0.0239816 0.0212726
1 0.482683 0.064333 0.0150288 0.00481094
1 0.73254 0.499305 0.014562 0.0315277
1 0.738389 0.364285 0.0129926 0.0329858
1 0.675307 0.150067 0.0604422 0.0250858
1 0.796111 0.499515 0.0146087 0.0334721
1 0.591631 0.8647 0.0136018 0.00490977
1 0.776036 0.790379 0.0239604 0.00825551
0 0.896083 0.745054 0.011369 0.0235686
3 0.849991 0.52669 0.0541738 0.0673229
1 0.0440867 0.471575 0.0148681 0.00444544
1 0.851401 0.460633 0.0482278 0.0154243
1 0.0439274 0.512612 0.0157237 0.00477278
1 0.760231 0.364199 0.0138112 0.032431
1 0.616373 0.594848 0.0109444 0.0282364
1 0.583944 0.104335 0.00700979 0.0237794
1 0.0433413 0.443262 0.0155429 0.00509528
0 0.0158531 0.640779 0.0148162 0.0182299
1 0.635536 0.387016 0.0953765 0.0155974
1 0.496664 0.771378 0.0133312 0.00493884
1 0.496407 0.650671 0.0151873 0.00517285
1 0.486423 0.0126985 0.0142801 0.00482418
0 0.8947 0.92667 0.0261183 0.0110385
1 0.0669994 0.443209 0.015564 0.00583614
1 0.460601 0.0643634 0.0147176 0.00535042
1 0.497071 0.544057 0.0138273 0.00407528
1 0.632883 0.779735 0.0230521 0.0215559
1 0.969077 0.354715 0.00956463 0.00318449
1 0.775073 0.498591 0.011824 0.0282004
1 0.849602 0.482256 0.0429931 0.0222702
1 0.868693 0.644573 0.0161321 0.00479076
1 0.904228 0.357195 0.0129108 0.0505382
1 0.496664 0.4634 0.0153947 0.0051837
1 0.717608 0.790394 0.0250101 0.00779505
0 0.0564651 0.565623 0.0292484 0.0179114
1 0.750361 0.652224 0.0180862 0.0398667
0 0.694043 0.729885 0.00771882 0.0143633
1 0.658991 0.595126 0.0132065 0.0296396
1 0.4969 0.556358 0.0152652 0.00527216
1 0.775721 0.499799 0.014843 0.0330725
1 0.623513 0.15237 0.0145247 0.00396336
1 0.63759 0.594657 0.0121574 0.0284889
1 0.696179 0.189222 0.0158791 0.0154464
1 0.77512 0.393669 0.0140972 0.00765003
0 0.046947 0.588313 0.0145584 0.00750019
1 0.496689 0.744344 0.0140699 0.00470515
1 0.861887 0.718182 0.0204322 0.0202393
1 0.907539 0.950514 0.024639 0.00487187
1 0.659433 0.49982 0.0117566 0.0309772
1 0.596547 0.721899 0.0245752 0.0217748
1 0.89677 0.896773 0.0062027 0.0160758
1 0.0709221 0.605295 0.0090588 0.00272795
1 0.68043 0.594595 0.0114491 0.0289433
1 0.311074 0.76654 0.0240968 0.0088334
1 0.681017 0.499014 0.0106943 0.0300947
0 0.978677 0.42608 0.0116787 0.0138448
1 0.637566 0.499591 0.0115754 0.0312805
1 0.0672427 0.650029 0.00330017 0.00923801
1 0.909611 0.95859 0.0246187 0.00529861
1 0.957155 0.341774 0.00366767 0.00861693
0 0.631853 0.331004 0.0830301 0.100314
1 0.65795 0.71099 0.00951004 0.016421
1 0.908583 0.966887 0.0265241 0.00539461
1 0.896357 0.674053 0.0146301 0.00569222
1 0.98569 0.958459 0.0258389 0.00529317
1 0.868905 0.674182 0.0160167 0.00467776
1 0.591972 0.853893 0.0142668 0.00478494
0 0.959349 0.508186 0.00989783 0.011981
1 0.912195 0.950207 0.0202298 0.00465868
1 0.0472439 0.657562 0.0116013 0.0132616
1 0.819069 0.734836 0.0239167 0.0227075
1 0.615929 0.497019 0.0109162 0.0260538
1 0.482628 0.0920417 0.013395 0.00572777
1 0.922816 0.354332 0.00936127 0.00341944
1 0.496438 0.475011 0.014581 0.00578152
1 0.984985 0.951152 0.0246137 0.00624278
1 0.0148022 0.449032 0.00962715 0.00302846
0 0.802268 0.810813 0.0153104 0.025775
1 0.0670965 0.482697 0.0156414 0.0059478
1 0.902458 0.427407 0.0150904 0.00505991
1 0.631511 0.276078 0.096465 0.0166045
1 0.496116 0.662485 0.0144755 0.00589996
1 0.0155584 0.653476 0.0117267 0.00544051
1 0.796189 0.394513 0.0133554 0.00786268
2 0.849053 0.526362 0.0537109 0.0678072
1 0.753614 0.394483 0.0151992 0.00688337
1 0.910351 0.926483 0.00428128 0.0132963
1 0.732154 0.395348 0.0141702 0.00830025
0 0.0489045 0.632146 0.0174138 0.0174078
1 0.865492 0.896381 0.0061426 0.0164513
1 0.59176 0.5566 0.0126617 0.0057011
1 0.895526 0.730884 0.0122807 0.00375104
1 0.0803368 0.397476 0.0165875 0.00705409
1 0.0889772 0.65027 0.00452435 0.00841191
1 0.034292 0.0790583 0.0653682 0.0194065
1 0.486263 0.0414203 0.0126192 0.00482022
0 0.732456 0.857708 0.025439 0.0142004
1 0.036483 0.588245 0.00421626 0.00783514
1 0.923034 0.333003 0.00993629 0.00347228
1 0.626447 0.273742 0.086749 0.0146615
0 0.959351 0.425919 0.0112061 0.0141637
1 0.464174 0.022156 0.0143291 0.00609006
0 0.979087 0.50839 0.0102081 0.0130802
