2 0.43528 0.870612 0.0190891 0.0475638
0 0.949778 0.878756 0.0165457 0.00946389
0 0.623163 0.63762 0.0260107 0.014598
0 0.0614848 0.350404 0.0153394 0.00837904
0 0.752234 0.637623 0.0256291 0.0138774
0 0.623911 0.55203 0.0260738 0.0143793
0 0.30203 0.909009 0.0136356 0.0243939
0 0.623476 0.466874 0.0254578 0.0135971
0 0.106463 0.74365 0.00707253 0.0143411
0 0.105862 0.71477 0.00769442 0.0155294
0 0.333707 0.872721 0.0255072 0.050416
0 0.239324 0.908184 0.0131494 0.0230991
0 0.752275 0.93341 0.0264075 0.0142578
0 0.478425 0.655273 0.0275627 0.0146871
2 0.0809157 0.955949 0.0167251 0.0338719
0 0.343295 0.936395 0.024739 0.0134544
0 0.751454 0.55258 0.0272354 0.014524
0 0.752324 0.722953 0.0269191 0.0145483
0 0.624802 0.937504 0.023827 0.0135045
0 0.022104 0.69238 0.00883529 0.0160172
0 0.624008 0.979634 0.0253377 0.01442
0 0.0307594 0.892585 0.0163985 0.00879369
0 0.751948 0.978172 0.0263884 0.0145057
0 0.369444 0.875417 0.025336 0.0490226
0 0.622651 0.424037 0.0267291 0.0142403
1 0.41409 0.852446 0.0226658 0.0193226
0 0.477926 0.500955 0.0266034 0.0144366
0 0.752445 0.851318 0.0260325 0.01438
0 0.623587 0.595068 0.0262012 0.0145971
0 0.478141 0.467006 0.0269232 0.0140329
0 0.623805 0.679984 0.0247055 0.0141283
0 0.606148 0.836925 0.0239692 0.0140461
0 0.751393 0.59464 0.0270202 0.0148115
0 0.0932343 0.784312 0.017333 0.00921787
1 0.242042 0.699262 0.0236244 0.0777929
0 0.0418124 0.705903 0.00886433 0.0160863
0 0.750934 0.423597 0.0253572 0.0140143
1 0.264292 0.533435 0.0452935 0.0225522
1 0.263948 0.377402 0.0430011 0.0221719
0 0.752267 0.670317 0.0259955 0.0145347
1 0.301914 0.893965 0.0158929 0.00425889
9 0.152186 0.87492 0.0765439 0.053124
0 0.623612 0.858803 0.0258651 0.012976
1 0.373693 0.373886 0.0427223 0.0202034
1 0.368962 0.845089 0.0280261 0.0118768
1 0.332886 0.904067 0.0293463 0.0113599
0 0.30223 0.867332 0.0140292 0.0265891
1 0.373609 0.465455 0.0421018 0.0190806
1 0.239043 0.893642 0.015547 0.00526978
1 0.265372 0.620775 0.0405078 0.0162976
1 0.33311 0.840216 0.0292069 0.0110657
1 0.414502 0.88612 0.0224389 0.0185876
1 0.457214 0.868867 0.0245168 0.0214519
0 0.194705 0.744701 0.0244009 0.0132788
3 0.264103 0.420628 0.0531939 0.0667822
1 0.639137 0.424442 0.00596781 0.0160471
0 0.623114 0.722773 0.0229948 0.0151425
1 0.363222 0.699724 0.0222787 0.0778936
0 0.950437 0.895223 0.0157262 0.00893352
1 0.0986892 0.956946 0.0168374 0.00581141
1 0.238891 0.923452 0.0170428 0.0064
1 0.264946 0.465194 0.0407727 0.0189357
1 0.116374 0.898479 0.0288408 0.0280316
1 0.117381 0.849693 0.0299314 0.0322757
1 0.187872 0.900101 0.0273149 0.0292467
1 0.0419174 0.7156 0.00956526 0.00316307
1 0.369306 0.908247 0.0284826 0.0106609
1 0.0223106 0.682094 0.00898806 0.00403664
1 0.607297 0.551885 0.00544313 0.0170746
1 0.0628065 0.956323 0.0167491 0.00548916
1 0.606831 0.42358 0.00528942 0.0158726
3 0.37319 0.420098 0.0546902 0.0703614
1 0.187822 0.84989 0.0299958 0.0307772
1 0.736768 0.851053 0.00502971 0.0163116
1 0.736686 0.933467 0.00515672 0.015466
1 0.0988191 0.967946 0.0170412 0.00775722
3 0.267201 0.578771 0.0516325 0.0673152
1 0.621752 0.836221 0.00569103 0.0162147
1 0.737236 0.637218 0.00473485 0.0157686
1 0.607147 0.637626 0.00534345 0.0170553
1 0.639222 0.637483 0.00592779 0.0156808
1 0.638687 0.722857 0.00661556 0.0157273
1 0.591165 0.836685 0.00548685 0.0159552
1 0.7676 0.72281 0.00573649 0.0159833
1 0.607383 0.594554 0.00582929 0.0168765
1 0.767716 0.933798 0.00556746 0.0162222
1 0.737047 0.670399 0.0039903 0.016566
0 0.194636 0.714019 0.0236846 0.0128625
1 0.369395 0.904175 0.02787 0.00919461
1 0.607832 0.466619 0.00608444 0.0168336
1 0.735759 0.722939 0.00641188 0.0156454
1 0.0820286 0.784971 0.0034242 0.0107977
1 0.638693 0.466894 0.00516798 0.0152804
3 0.304946 0.698229 0.104876 0.0745798
1 0.638506 0.719725 0.00676977 0.0114536
2 0.147192 0.72883 0.0495707 0.0480504
1 0.0621607 0.946057 0.0171954 0.0078554
1 0.106361 0.753368 0.00798407 0.0029118
1 0.607908 0.979206 0.00592397 0.0164199
1 0.0627815 0.96739 0.0162569 0.00672243
1 0.494635 0.500387 0.00562874 0.0171732
1 0.767662 0.637689 0.0053544 0.0157993
1 0.208497 0.714118 0.00630684 0.0134097
1 0.0204827 0.892705 0.00349728 0.00996668
1 0.0520806 0.350119 0.00399025 0.00909449
1 0.142009 0.766198 0.00638846 0.0245278
1 0.76793 0.552412 0.00545683 0.0162529
1 0.735713 0.978592 0.00587226 0.0159557
1 0.638093 0.680051 0.00432468 0.0155468
1 0.638232 0.42449 0.00496342 0.0155855
1 0.607902 0.858699 0.0060034 0.0152443
1 0.494834 0.655232 0.00523895 0.0168855
1 0.637706 0.724936 0.00623966 0.0136735
1 0.767969 0.978478 0.00546921 0.0168621
1 0.608205 0.680169 0.00656009 0.0163853
1 0.041285 0.892293 0.00457258 0.00949928
1 0.130396 0.765683 0.00754023 0.0247471
1 0.494441 0.467152 0.0056168 0.0150629
1 0.608241 0.936775 0.00645659 0.0153749
1 0.153062 0.766136 0.00655956 0.0250523
1 0.768162 0.851057 0.00528942 0.0161521
1 0.76773 0.669907 0.00569622 0.0161841
0 0.00314272 0.934257 0.00614139 0.0165448
1 0.116921 0.84365 0.030599 0.020959
1 0.940794 0.894955 0.00417234 0.00947446
1 0.977983 0.975006 0.0231784 0.0221656
1 0.302169 0.923948 0.0161115 0.00507574
1 0.638774 0.979899 0.00532175 0.0155944
1 0.767711 0.594779 0.00536515 0.0166442
1 0.60864 0.723112 0.00712279 0.0162709
1 0.366792 0.843235 0.0269598 0.0119948
1 0.208851 0.744232 0.00582629 0.0137453
