0 0.926698 0.347911 0.0255719 0.0136126
0 0.614091 0.720732 0.0136667 0.0237436
0 0.553734 0.764365 0.012458 0.0234257
0 0.62962 0.940468 0.0140419 0.0249646
0 0.424261 0.779363 0.0117278 0.0226919
0 0.926401 0.369586 0.0253841 0.0133993
2 0.0767878 0.671003 0.0192064 0.0428777
0 0.458748 0.910996 0.0502494 0.0224619
0 0.459844 0.779031 0.0119469 0.0243981
0 0.120951 0.42101 0.0269269 0.0136887
0 0.0472527 0.445159 0.012497 0.0253829
0 0.318502 0.301105 0.0311747 0.0194975
0 0.065449 0.410924 0.0233466 0.0127611
0 0.0631858 0.376745 0.0142118 0.0261128
5 0.274727 0.569853 0.269722 0.278422
0 0.725523 0.720035 0.0207401 0.0332668
0 0.65642 0.574702 0.0238746 0.0136733
0 0.586989 0.938917 0.0127896 0.0252924
0 0.7701 0.537595 0.0125313 0.0239258
0 0.517195 0.794055 0.0254083 0.0126819
0 0.441411 0.8133 0.0237981 0.0129346
0 0.627415 0.832649 0.0118501 0.0233583
0 0.586247 0.810964 0.0137424 0.0259049
0 0.346015 0.862816 0.0500665 0.0257122
1 0.424414 0.793594 0.0135099 0.00534389
0 0.434965 0.986015 0.0225715 0.0142829
0 0.678471 0.719115 0.0151695 0.0271877
0 0.401417 0.468676 0.0202984 0.0215713
0 0.685827 0.442013 0.0257349 0.0139099
0 0.517122 0.771959 0.0251016 0.0121474
0 0.65757 0.53246 0.0238681 0.0137033
0 0.0881714 0.564755 0.0136557 0.0263302
0 0.770044 0.694462 0.0132808 0.0240093
1 0.613997 0.736795 0.0152922 0.00606706
1 0.626913 0.817706 0.0127295 0.00603942
1 0.941786 0.369461 0.00555614 0.0153723
1 0.614143 0.705034 0.0144339 0.00572755
1 0.0992741 0.670717 0.0237517 0.0185473
1 0.29627 0.301801 0.0104299 0.0262842
0 0.409977 0.661837 0.0195615 0.0208175
1 0.340894 0.907547 0.0115814 0.0110376
1 0.137736 0.421129 0.00605799 0.0159864
0 0.153347 0.452547 0.0218391 0.0239872
0 0.57424 0.463669 0.0255916 0.0127702
1 0.459593 0.793558 0.0143488 0.00468251
1 0.942126 0.348076 0.00605236 0.0154666
0 0.715152 0.366215 0.0738103 0.050881
0 0.429374 0.674836 0.0205738 0.0185657
1 0.629381 0.956609 0.0156984 0.00511051
1 0.55355 0.778832 0.0139437 0.00527654
1 0.459753 0.763503 0.0132605 0.00639537
1 0.339112 0.301314 0.00776325 0.0238128
1 0.321381 0.933597 0.0175175 0.0294477
1 0.48948 0.911944 0.0101497 0.027986
1 0.104103 0.421101 0.00550325 0.0154263
2 0.363364 0.93324 0.0653616 0.0370984
1 0.192692 0.393193 0.0108534 0.0112863
1 0.0887663 0.58147 0.0155704 0.00447245
1 0.770155 0.552942 0.0138615 0.00606137
1 0.62936 0.924769 0.0148246 0.00487412
1 0.418849 0.98413 0.0084206 0.0131273
1 0.450928 0.984351 0.00588977 0.0141835
1 0.257513 0.43207 0.0192816 0.0145227
1 0.683035 0.397913 0.0228779 0.010543
0 0.314212 0.267177 0.0491822 0.0274
1 0.378171 0.863599 0.011586 0.0291155
1 0.678761 0.736497 0.0177716 0.00652864
1 0.313638 0.862758 0.0133047 0.0295356
1 0.424265 0.763771 0.0137514 0.00662381
1 0.589809 0.463705 0.00441048 0.0143914
0 0.119736 0.468054 0.0216767 0.0207727
1 0.382309 0.462651 0.0126672 0.0104347
1 0.50255 0.794221 0.00360823 0.0133763
0 0.284975 0.398423 0.0231062 0.0226901
0 0.174726 0.70875 0.0270083 0.0272062
0 0.378478 0.453892 0.0163147 0.0215845
1 0.769933 0.522139 0.0142278 0.00644112
1 0.0628312 0.360965 0.0147633 0.00528864
1 0.208211 0.377196 0.0121647 0.0109587
0 0.409105 0.423068 0.0297549 0.029186
0 0.432944 0.671639 0.0175193 0.0190442
0 0.528819 0.638171 0.0261919 0.0286414
1 0.212876 0.415256 0.0107303 0.00775744
1 0.553694 0.747946 0.013972 0.00663244
1 0.941234 0.881291 0.00934407 0.0102737
1 0.725448 0.698976 0.024199 0.00597957
1 0.0568972 0.686529 0.0223365 0.0187881
0 0.615238 0.486246 0.021128 0.0185872
1 0.449902 0.985197 0.00470984 0.0137516
1 0.0470273 0.427975 0.0131136 0.00577974
1 0.300985 0.443148 0.0279176 0.0254538
1 0.456483 0.812576 0.00476981 0.0133178
1 0.910326 0.347675 0.00622771 0.0149364
1 0.726011 0.739416 0.0242839 0.00664708
0 0.129673 0.455476 0.015745 0.0149283
1 0.190942 0.660371 0.0278662 0.0257708
1 0.255396 0.392754 0.0119089 0.0118707
1 0.910674 0.369287 0.00533651 0.0149367
0 0.121038 0.496196 0.015791 0.0174706
1 0.167222 0.63568 0.0236593 0.0244888
0 0.769884 0.977956 0.0123167 0.0237663
1 0.0504077 0.410825 0.00489873 0.0141107
0 0.172853 0.432568 0.023229 0.0264724
0 0.508755 0.392273 0.00924467 0.00674557
1 0.285458 0.43396 0.0163066 0.0179977
0 0.188314 0.418962 0.0217481 0.0238742
0 0.440446 0.660746 0.0135242 0.0144773
1 0.585503 0.794487 0.0166237 0.00493172
1 0.197419 0.666126 0.0254409 0.0260968
1 0.288036 0.43883 0.0110918 0.017933
1 0.643714 0.532212 0.0033605 0.0143441
1 0.408751 0.933472 0.00908292 0.0282266
1 0.427084 0.909641 0.0118001 0.0265939
1 0.24152 0.439412 0.0271005 0.0246838
1 0.175846 0.408454 0.0104579 0.0113351
1 0.588073 0.954807 0.016464 0.00633715
1 0.184178 0.653082 0.0269188 0.0231054
0 0.118122 0.470693 0.0206315 0.0162297
1 0.427079 0.812973 0.00573468 0.0138526
0 0.0913296 0.497236 0.020176 0.0240614
1 0.383164 0.464491 0.0114736 0.0150138
1 0.307876 0.448817 0.0298489 0.0274468
1 0.203724 0.314183 0.0126621 0.0107596
1 0.304022 0.445831 0.0277262 0.0244547
1 0.427735 0.43295 0.0152166 0.0159266
1 0.425807 0.434985 0.0169885 0.0190675
1 0.194447 0.663335 0.025261 0.024673
1 0.235184 0.44561 0.0258915 0.0256282
1 0.251346 0.433374 0.0275286 0.0182247
1 0.187823 0.65704 0.0255445 0.022873
1 0.544883 0.630677 0.00822136 0.011883
1 0.237534 0.443256 0.0257788 0.0239958
1 0.207475 0.676025 0.0266429 0.0230403
0 0.375757 0.450508 0.0191813 0.0235307
1 0.627785 0.84723 0.0129833 0.00447883
1 0.332729 0.472665 0.0295714 0.0260116
1 0.502487 0.771855 0.00407672 0.0138371
0 0.402973 0.465278 0.0211241 0.0179678
1 0.223012 0.458443 0.0257261 0.0244235
1 0.175536 0.643458 0.0240081 0.0232982
1 0.160289 0.629288 0.0251831 0.0240173
1 0.293749 0.437456 0.0262285 0.0226849
1 0.215982 0.465425 0.0249078 0.0225268
1 0.164018 0.633092 0.0233287 0.0224924
1 0.151922 0.621183 0.0258432 0.0227146
1 0.368615 0.640786 0.0277969 0.0251584
0 0.619847 0.532227 0.0154336 0.020663
0 0.265256 0.382941 0.0222825 0.0220154
3 0.364228 0.93267 0.0674172 0.0355872
0 0.527062 0.641797 0.0249379 0.0215819
1 0.110909 0.341659 0.0260069 0.021489
