2 0.195528 0.575884 0.0758856 0.085012
5 0.0985503 0.431262 0.112509 0.115511
0 0.261092 0.816963 0.0515103 0.0278816
0 0.808505 0.69326 0.0145387 0.0241086
0 0.818612 0.76309 0.00860671 0.0157275
0 0.386507 0.401259 0.0168391 0.00951373
0 0.761312 0.415617 0.0143528 0.025047
0 0.631898 0.337787 0.008239 0.0153234
0 0.0663016 0.565877 0.0148964 0.0264714
0 0.800384 0.094576 0.0161702 0.00876871
0 0.261751 0.853631 0.050495 0.027307
0 0.430331 0.447433 0.0242525 0.0125693
0 0.734654 0.943748 0.0262591 0.0516262
0 0.848122 0.326296 0.00818659 0.0153623
0 0.594442 0.566964 0.00846813 0.0156131
0 0.226138 0.433775 0.023496 0.0128948
0 0.513958 0.146528 0.0255537 0.0515011
0 0.744863 0.169406 0.0334891 0.0203444
0 0.830516 0.651744 0.0138345 0.0257413
1 0.144291 0.242467 0.0119142 0.0156322
0 0.443025 0.480574 0.0133735 0.0231024
0 0.680383 0.36174 0.0204878 0.0328351
0 0.768254 0.0571658 0.0156167 0.00841034
0 0.676503 0.113973 0.0269208 0.0511693
0 0.214153 0.453667 0.0158755 0.00836479
0 0.023062 0.284764 0.0140216 0.0255203
0 0.483479 0.333192 0.00862694 0.0158483
0 0.453649 0.135556 0.0504592 0.0267907
0 0.105762 0.30402 0.0133112 0.0247133
0 0.520331 0.319713 0.0204371 0.0313346
0 0.889042 0.643718 0.0259745 0.014786
0 0.561993 0.551449 0.00851941 0.0159682
0 0.738361 0.414603 0.0151415 0.0245218
0 0.827277 0.326823 0.00838996 0.0157705
0 0.741661 0.683282 0.0143159 0.025671
0 0.786371 0.786894 0.0153999 0.00838802
0 0.697746 0.667563 0.00924063 0.0172841
0 0.80732 0.328435 0.00860739 0.0166325
0 0.0799374 0.304105 0.0125797 0.0239305
0 0.636448 0.763152 0.00937965 0.0155146
0 0.386165 0.420029 0.0167525 0.00951673
0 0.0492602 0.303523 0.0129063 0.0242271
0 0.853163 0.652394 0.0142964 0.0274681
0 0.559085 0.0527664 0.0261054 0.0133512
0 0.385271 0.4632 0.0263701 0.0140699
0 0.18912 0.32621 0.00805487 0.0151674
1 0.67618 0.146309 0.0294328 0.0108263
0 0.361226 0.319832 0.0264585 0.050342
0 0.405397 0.360053 0.0246028 0.0133443
0 0.694558 0.762924 0.00851891 0.015427
0 0.975891 0.716218 0.00840278 0.0155336
0 0.524062 0.534201 0.0205588 0.0318889
0 0.771881 0.658464 0.0144992 0.02535
0 0.800291 0.432206 0.0162226 0.00797068
0 0.832059 0.693888 0.013808 0.0242048
0 0.7291 0.0977779 0.0154872 0.00848532
0 0.786273 0.769914 0.0158735 0.00880832
0 0.795668 0.411255 0.0260983 0.0142571
1 0.40838 0.96235 0.0233067 0.018821
0 0.758398 0.00853682 0.0155482 0.00837287
0 0.750538 0.143928 0.0153153 0.00798946
0 0.856199 0.754801 0.0150409 0.00782526
0 0.595972 0.447341 0.024663 0.0125626
0 0.438859 0.32618 0.00962173 0.015425
0 0.625541 0.07639 0.0260527 0.0145271
0 0.678357 0.438411 0.0141451 0.0270286
0 0.895044 0.962383 0.0269667 0.0513558
0 0.164703 0.634322 0.0143088 0.00732947
1 0.524289 0.512693 0.0234695 0.00922547
0 0.731971 0.776331 0.0152426 0.00845018
0 0.43886 0.419484 0.0249174 0.0129243
0 0.674139 0.763261 0.00857331 0.015678
0 0.760713 0.373769 0.0135355 0.0243011
0 0.691276 0.484966 0.0160716 0.0087507
1 0.0226823 0.269342 0.0158971 0.0046851
0 0.517017 0.0522775 0.0237782 0.0127872
0 0.209357 0.80345 0.0118617 0.0236428
1 0.676848 0.081791 0.0281448 0.0116153
0 0.826119 0.112038 0.0146244 0.00791659
0 0.214191 0.475483 0.0153621 0.0082718
0 0.481094 0.272172 0.0253222 0.0129384
0 0.980527 0.0692615 0.00823512 0.0152249
0 0.203568 0.408758 0.00974977 0.0168049
0 0.602536 0.425136 0.0149731 0.00782407
0 0.478632 0.471239 0.0258895 0.0132493
0 0.762244 0.761036 0.00869201 0.0158681
0 0.940561 0.316272 0.0147833 0.00774706
0 0.79544 0.366447 0.0251694 0.013604
0 0.593078 0.284267 0.0254607 0.0145462
0 0.465146 0.369028 0.0274832 0.014091
0 0.564962 0.493285 0.00930436 0.016826
0 0.947573 0.139508 0.0250235 0.0122677
0 0.483975 0.0220879 0.0135176 0.0253214
1 0.520079 0.340239 0.0230796 0.0084822
0 0.650684 0.35026 0.00816295 0.0155369
0 0.65638 0.250287 0.0252488 0.0139551
0 0.719069 0.315946 0.015926 0.00796878
0 0.359719 0.257712 0.0249554 0.01271
0 0.679477 0.00815402 0.0158632 0.00876352
0 0.0896847 0.258615 0.0258606 0.0152
1 0.519544 0.298761 0.0235815 0.00890191
0 0.736393 0.377582 0.00813531 0.0160209
1 0.485272 0.1356 0.0113114 0.0299921
0 0.643721 0.592379 0.00873828 0.0156079
1 0.513425 0.178214 0.0295296 0.0117164
0 0.795542 0.389324 0.0261207 0.0142838
0 0.483416 0.305953 0.0249686 0.013424
0 0.930759 0.962252 0.0250671 0.0504731
1 0.131924 0.276028 0.0103919 0.0144419
0 0.774448 0.689835 0.0251262 0.0137334
0 0.715131 0.124284 0.00844611 0.0163226
0 0.870164 0.30453 0.0163405 0.00904809
0 0.405481 0.224169 0.0171509 0.00957759
0 0.607599 0.543053 0.00837232 0.0153526
1 0.293725 0.816917 0.0106787 0.0279627
0 0.284433 0.940997 0.0453181 0.0554631
1 0.524406 0.55539 0.0232787 0.00924345
1 0.694544 0.753991 0.00926446 0.00333217
0 0.766084 0.118085 0.00831129 0.0158327
1 0.7235 0.169539 0.00854417 0.0247278
0 0.76691 0.316536 0.0152211 0.00818837
0 0.753149 0.240826 0.0519706 0.0262304
1 0.766025 0.169861 0.00809573 0.0238069
1 0.360909 0.28827 0.0285749 0.0124201
0 0.317072 0.274536 0.0263032 0.0146379
0 0.570463 0.365697 0.02597 0.0146253
1 0.230342 0.817569 0.00964701 0.028598
1 0.976027 0.706438 0.00919986 0.00374028
1 0.894378 0.93051 0.0307425 0.01063
1 0.852708 0.635947 0.0157097 0.00450147
1 0.736543 0.387125 0.00979683 0.0039125
1 0.513527 0.115068 0.0284372 0.0100938
0 0.592393 0.173131 0.0261896 0.0145265
1 0.679814 0.340774 0.0224975 0.00770319
0 0.904424 0.395948 0.00970509 0.0167424
1 0.778135 0.0572275 0.00383734 0.00936297
0 0.790174 0.328083 0.00766091 0.0149728
0 0.718605 0.333325 0.0157743 0.00820316
1 0.733443 0.975724 0.0281031 0.0103781
0 0.085744 0.542541 0.00829801 0.0157154
1 0.636117 0.753485 0.0101328 0.00323811
1 0.0663255 0.581243 0.0158579 0.00446607
1 0.360725 0.350303 0.0279487 0.0105972
0 0.844753 0.612626 0.00949516 0.0166409
0 0.906654 0.716679 0.0193909 0.0201223
1 0.422143 0.134937 0.0107837 0.0284525
1 0.853141 0.668712 0.0162824 0.00464586
1 0.830856 0.667477 0.0154519 0.00470121
0 0.493638 0.243294 0.00881664 0.015348
1 0.738325 0.097715 0.00214148 0.00931505
1 0.776907 0.786533 0.00285039 0.00989132
1 0.808259 0.707987 0.0158563 0.00416065
1 0.721896 0.240799 0.0100646 0.0275326
1 0.28341 0.97341 0.0487803 0.00965881
1 0.771344 0.643483 0.016213 0.00501589
0 0.154423 0.304994 0.00834606 0.0154798
1 0.784592 0.241151 0.0113101 0.028142
1 0.776521 0.770133 0.0034144 0.00894215
1 0.562119 0.54155 0.00947121 0.00364716
0 0.602014 0.636462 0.0146474 0.00720596
1 0.293591 0.853355 0.0113206 0.027616
1 0.673963 0.753767 0.0100834 0.00230752
1 0.733522 0.91234 0.0278565 0.0102306
1 0.830054 0.636296 0.0156567 0.00427033
1 0.283976 0.90871 0.0478446 0.00949097
1 0.246964 0.57656 0.0253317 0.00689616
1 0.932042 0.138859 0.00511757 0.0153952
1 0.331939 0.275087 0.0041275 0.0161554
1 0.0659091 0.550583 0.0155553 0.00376905
1 0.818744 0.75383 0.00939253 0.00293494
3 0.572438 0.949399 0.0403756 0.0665835
1 0.0745117 0.258299 0.00400639 0.0154001
1 0.209171 0.818174 0.0140162 0.0051833
2 0.136123 0.260148 0.031848 0.017659
1 0.581185 0.447623 0.00482203 0.014905
1 0.230259 0.852689 0.0083282 0.0292221
1 0.105164 0.503899 0.00807054 0.028597
1 0.0919057 0.358568 0.0080146 0.0249077
0 0.738582 0.757677 0.0155115 0.00819109
1 0.105 0.258274 0.00431212 0.0161269
1 0.247358 0.587806 0.0263988 0.00610714
1 0.246875 0.565533 0.0264778 0.00696695
1 0.144848 0.54337 0.0281265 0.00702667
1 0.204213 0.418465 0.0107157 0.00317108
0 0.81758 0.288736 0.014699 0.00827373
1 0.0264702 0.3834 0.0276888 0.00976666
1 0.171702 0.383347 0.0251842 0.00919974
1 0.118947 0.358871 0.00899316 0.0249687
1 0.481296 0.369129 0.00471537 0.0156059
1 0.0912999 0.503845 0.00844317 0.0286582
1 0.715202 0.113534 0.0100592 0.00320635
1 0.643246 0.583033 0.00936483 0.00340127
1 0.246491 0.543052 0.0256112 0.00599133
1 0.0266343 0.451168 0.0279367 0.00944447
1 0.171349 0.451814 0.0258468 0.00913273
1 0.14569 0.503513 0.0105907 0.0296049
1 0.0266288 0.397201 0.0279006 0.00850183
1 0.980376 0.0595588 0.00971697 0.003318
0 0.107178 0.564266 0.0155065 0.0153402
1 0.171189 0.397214 0.0262048 0.00908839
1 0.065313 0.503477 0.00800252 0.0295655
1 0.438483 0.316488 0.00984395 0.003034
1 0.847021 0.754937 0.00294351 0.00945707
1 0.171245 0.47931 0.0256174 0.00976265
1 0.11937 0.503675 0.00810036 0.0292928
1 0.0269904 0.438053 0.0284959 0.00921703
1 0.574166 0.0525016 0.00437733 0.015096
1 0.0497323 0.318762 0.0143496 0.00566392
1 0.564875 0.503433 0.0100243 0.00392567
1 0.741534 0.668427 0.0160319 0.00402976
1 0.300925 0.274281 0.00416803 0.016899
1 0.611302 0.447392 0.00542294 0.0146405
1 0.0270648 0.410538 0.0290712 0.00999235
1 0.171246 0.424556 0.025781 0.00999557
1 0.761282 0.401229 0.0154164 0.00339764
1 0.832 0.708518 0.0152404 0.00539304
1 0.0268096 0.464658 0.0274784 0.0093583
1 0.0270937 0.424448 0.0292516 0.0102601
1 0.105402 0.358523 0.00812624 0.0252296
1 0.0268858 0.479649 0.0284398 0.0114541
1 0.0648535 0.358547 0.00791176 0.0255261
1 0.722776 0.776203 0.00276303 0.0101163
1 0.121733 0.242416 0.0105171 0.0135785
1 0.222928 0.47529 0.00228619 0.00937443
1 0.930565 0.931108 0.0279863 0.0106193
1 0.827129 0.317697 0.00953474 0.00342263
1 0.171351 0.465008 0.0261871 0.00900637
1 0.14431 0.587662 0.0292874 0.00779368
1 0.14421 0.576038 0.0293285 0.00741683
1 0.0232326 0.300136 0.0158082 0.00459218
1 0.631837 0.346763 0.00925195 0.00340343
0 0.853804 0.390027 0.0173045 0.0148519
1 0.188974 0.316838 0.00849652 0.00340843
1 0.680363 0.382375 0.0224721 0.00810598
1 0.0507656 0.504275 0.00886331 0.0278753
1 0.171326 0.410539 0.0260032 0.00879169
1 0.807799 0.289306 0.00294782 0.00936962
1 0.0788774 0.503453 0.00791018 0.0295062
1 0.741985 0.697919 0.0149409 0.00408685
1 0.369623 0.462979 0.00409073 0.0157531
1 0.146629 0.358761 0.00875077 0.0246909
1 0.502744 0.0521323 0.00413826 0.0142011
1 0.144469 0.565654 0.0295847 0.00662675
1 0.54395 0.0523174 0.00374559 0.0152963
1 0.247258 0.598139 0.0266931 0.00646491
1 0.449275 0.368726 0.0036552 0.0150032
1 0.407561 0.804007 0.0224519 0.0180107
1 0.463027 0.471028 0.00469946 0.0141106
1 0.816263 0.112521 0.00337863 0.00956917
1 0.171484 0.43819 0.025746 0.00850781
1 0.442495 0.46573 0.0144256 0.00423012
1 0.144718 0.609914 0.0292292 0.00849127
1 0.483417 0.323739 0.0103263 0.00327945
1 0.90434 0.385956 0.0103506 0.00341297
1 0.495418 0.272127 0.00375651 0.0142565
1 0.880653 0.304766 0.00465606 0.0101235
1 0.847826 0.31719 0.00920355 0.00286912
1 0.222999 0.453551 0.00223566 0.00892355
1 0.0800173 0.318689 0.0142245 0.00571345
1 0.0513119 0.358538 0.00768822 0.0256166
1 0.203718 0.419243 0.0105593 0.00377055
1 0.930393 0.994363 0.0281774 0.0102426
0 0.908144 0.766864 0.0199178 0.0185097
0 0.682813 0.703658 0.0220965 0.0194917
1 0.078418 0.358527 0.00834653 0.02565
1 0.766637 0.128167 0.00964606 0.00384742
4 0.409297 0.882739 0.144024 0.14211
1 0.571746 0.909001 0.0273148 0.0141123
1 0.650591 0.340489 0.00973798 0.00362815
1 0.105483 0.288033 0.0153747 0.00650253
1 0.466071 0.271838 0.00428772 0.0147673
1 0.133394 0.503345 0.00895253 0.0298607
1 0.240474 0.433913 0.0057742 0.0144159
1 0.0861806 0.551263 0.00887319 0.00304963
1 0.416273 0.223916 0.0045893 0.0101995
1 0.483835 0.00555942 0.0158532 0.00522069
1 0.809751 0.366231 0.00380375 0.0139617
1 0.893894 0.99427 0.0299175 0.00952105
1 0.443064 0.494973 0.0151172 0.00497008
1 0.904469 0.643738 0.00543188 0.0165644
1 0.612044 0.425274 0.0036758 0.00888277
0 0.37274 0.673651 0.0156823 0.0147495
1 0.132725 0.358812 0.00852281 0.0253233
0 0.222456 0.382595 0.0168431 0.0154083
1 0.762675 0.769826 0.00815082 0.00314181
0 0.624825 0.275955 0.0118787 0.0126129
1 0.144471 0.598849 0.0293477 0.00736005
1 0.571051 0.995071 0.0272298 0.00941517
1 0.808332 0.289085 0.00255134 0.0102548
1 0.208919 0.817271 0.0151088 0.00544858
1 0.949936 0.316501 0.00347425 0.00921578
1 0.146205 0.275364 0.00757765 0.0122031
1 0.424452 0.4193 0.00392229 0.0138176
1 0.760532 0.387354 0.0142072 0.0044772
2 0.818496 0.566346 0.0149882 0.013439
0 0.696443 0.402804 0.0173635 0.0168824
1 0.761332 0.431444 0.0166164 0.00566495
1 0.760708 0.144044 0.00374797 0.009069
1 0.594553 0.557823 0.00885941 0.00297997
1 0.238629 0.300121 0.0155439 0.0069616
