2 0.318191 0.481305 0.0673298 0.0732987
2 0.471496 0.357299 0.0480323 0.0196746
3 0.864506 0.325272 0.0365467 0.0668415
2 0.407532 0.357606 0.0466903 0.0182497
0 0.692721 0.512614 0.0256053 0.0146096
2 0.575875 0.292495 0.0479367 0.0465235
0 0.339553 0.372661 0.0149548 0.0250081
0 0.221558 0.162172 0.0119877 0.0228949
0 0.143547 0.692355 0.0224158 0.012549
2 0.29645 0.605475 0.0796793 0.0690272
0 0.677827 0.20852 0.00795602 0.0150279
0 0.0978016 0.560199 0.0147587 0.0249783
0 0.126171 0.120989 0.0132188 0.0225972
0 0.263333 0.299392 0.0326294 0.0198128
0 0.12622 0.0815663 0.0127187 0.0230607
0 0.0921079 0.617054 0.0323714 0.0201094
0 0.37661 0.133473 0.0215632 0.0330032
0 0.647558 0.434548 0.0111456 0.0226639
0 0.126621 0.161643 0.0122762 0.0233857
0 0.81856 0.312114 0.0254093 0.0515223
0 0.0800674 0.661777 0.0196959 0.0323672
0 0.221441 0.0828684 0.0127116 0.0235406
0 0.222533 0.442922 0.0137565 0.0227211
1 0.45537 0.378074 0.0199542 0.0206955
0 0.221194 0.316367 0.0123058 0.0228488
0 0.904033 0.217305 0.0123127 0.0247232
0 0.520968 0.348399 0.0121538 0.0245731
0 0.125248 0.277027 0.0124666 0.0253718
0 0.220682 0.202812 0.0121481 0.0227877
0 0.681523 0.144627 0.00750851 0.0146682
0 0.222194 0.540339 0.012274 0.0232069
1 0.346263 0.154635 0.0251417 0.00869293
0 0.989816 0.334217 0.013119 0.025076
0 0.910571 0.338942 0.0259127 0.0499447
0 0.346188 0.133445 0.0222942 0.0326998
0 0.316996 0.373079 0.015011 0.0254002
0 0.738613 0.20083 0.0132861 0.0244139
0 0.523357 0.247166 0.02459 0.0140915
0 0.94244 0.334495 0.0127578 0.024942
0 0.108272 0.510748 0.0120072 0.0234276
0 0.873723 0.217473 0.0114212 0.0242439
2 0.28469 0.102922 0.018013 0.0458476
1 0.4216 0.37919 0.0205871 0.0198923
1 0.405745 0.336028 0.0211066 0.0235463
0 0.406369 0.133787 0.020953 0.0316974
0 0.125672 0.0408336 0.01238 0.0238085
0 0.930135 0.217119 0.013504 0.0244469
0 0.224207 0.501417 0.00938317 0.015437
0 0.262602 0.330144 0.0333942 0.0214628
1 0.376209 0.112616 0.0246911 0.0082054
0 0.116109 0.655494 0.0113168 0.0237763
0 0.827016 0.250946 0.023779 0.0123146
2 0.331962 0.267538 0.0478527 0.0176951
0 0.384355 0.246405 0.0131341 0.024351
0 0.513808 0.179952 0.0204945 0.0337147
1 0.488378 0.378012 0.018331 0.0195596
1 0.376804 0.154522 0.024784 0.00818363
0 0.126109 0.202344 0.0121488 0.0238792
0 0.510868 0.219804 0.0251628 0.0143012
1 0.315341 0.24637 0.0191779 0.0225566
2 0.247605 0.0450258 0.0184788 0.0466413
1 0.817808 0.280839 0.0308788 0.0121159
1 0.305608 0.118647 0.0214627 0.0202845
1 0.221673 0.176102 0.0137237 0.00427634
0 0.956281 0.260043 0.00789567 0.0152234
1 0.406517 0.154499 0.0241729 0.00789473
1 0.33243 0.288703 0.0204505 0.0224666
0 0.974648 0.273945 0.0079584 0.0141458
0 0.827175 0.227354 0.0254889 0.0136109
1 0.221622 0.0971721 0.0146838 0.00459917
1 0.471132 0.335363 0.0208634 0.0220865
1 0.317459 0.388466 0.015915 0.00497305
1 0.241352 0.299218 0.00903481 0.0227623
0 0.673576 0.542962 0.0248459 0.0147397
0 0.679863 0.420163 0.0252782 0.0146041
0 0.771163 0.363735 0.0340909 0.0214652
1 0.339715 0.38847 0.0159235 0.00574969
0 0.373744 0.0893468 0.00856209 0.0155354
1 0.222395 0.525382 0.0143639 0.00564982
0 0.171962 0.496728 0.0219012 0.0112924
1 0.366535 0.471621 0.0293583 0.0130498
1 0.108083 0.495617 0.0143378 0.0055582
1 0.910428 0.307378 0.0300331 0.0129788
1 0.26917 0.0605569 0.0224746 0.0201453
1 0.513929 0.20005 0.0249933 0.00606918
1 0.817796 0.343489 0.030745 0.011845
1 0.366422 0.492758 0.0291957 0.0115755
1 0.262734 0.177407 0.0222626 0.0199177
1 0.389833 0.378521 0.0200429 0.0201101
1 0.285583 0.555707 0.0156891 0.0308495
1 0.125993 0.0668399 0.0140859 0.0049839
1 0.346162 0.112665 0.0246363 0.00804545
1 0.126543 0.175271 0.013786 0.00432801
1 0.348343 0.24621 0.0199106 0.0224965
1 0.263215 0.555404 0.0158778 0.0315998
1 0.125901 0.106246 0.0143973 0.00461585
1 0.12508 0.261378 0.0151154 0.0043894
1 0.9422 0.349715 0.0143352 0.00553609
1 0.520987 0.36267 0.0150342 0.00457276
1 0.0979546 0.574778 0.016176 0.00484898
1 0.491045 0.0421448 0.0218048 0.017966
1 0.221456 0.0676279 0.0149646 0.0064257
1 0.113258 0.61711 0.00860321 0.0232954
1 0.40562 0.113065 0.0242592 0.00818306
1 0.305146 0.161317 0.0225922 0.0205249
1 0.910459 0.370623 0.0321643 0.0121358
1 0.903956 0.232689 0.0154662 0.00589907
1 0.240981 0.331359 0.0091748 0.0226799
1 0.2843 0.298875 0.00830879 0.0248638
2 0.470544 0.059125 0.0183842 0.0491889
1 0.305228 0.085963 0.0225633 0.0206045
1 0.366387 0.449499 0.0294415 0.0153848
1 0.365794 0.492243 0.0300433 0.0162472
1 0.73856 0.215024 0.0151799 0.00388603
1 0.284567 0.329572 0.00801324 0.0246059
1 0.989214 0.34973 0.015275 0.00576104
1 0.646872 0.419219 0.0142593 0.00525309
1 0.495892 0.21986 0.00462247 0.0170667
1 0.0789152 0.683273 0.0246875 0.00953005
1 0.513791 0.157862 0.0251533 0.00815188
0 0.5255 0.0671952 0.0148392 0.0226274
1 0.126064 0.0262771 0.0153226 0.00457468
1 0.70755 0.512388 0.00406121 0.0158621
1 0.263035 0.10325 0.0233931 0.0205197
1 0.222556 0.456675 0.0151414 0.00427402
1 0.328856 0.555836 0.0156784 0.030992
1 0.384386 0.260539 0.0150511 0.00467766
1 0.677402 0.199146 0.00909949 0.00312871
2 0.284251 0.160617 0.0192409 0.0491274
1 0.307073 0.555411 0.0147841 0.0302343
1 0.221427 0.217149 0.0135183 0.00583247
1 0.126023 0.146465 0.0144725 0.00518517
1 0.873404 0.232479 0.0139363 0.00549352
1 0.125446 0.292305 0.0167545 0.00547897
1 0.748982 0.363571 0.0088334 0.0239756
1 0.220831 0.301166 0.0144293 0.00518264
1 0.365881 0.514578 0.0303174 0.0130299
1 0.224127 0.511019 0.0107047 0.00390637
4 0.896541 0.678973 0.175382 0.19799
1 0.225552 0.0446255 0.0232651 0.0227433
0 0.679869 0.441893 0.02332 0.0125088
1 0.0704207 0.617247 0.00988526 0.023813
1 0.126692 0.176122 0.0140863 0.00427513
1 0.930282 0.232502 0.0160968 0.00549162
1 0.126498 0.135136 0.015295 0.00529439
1 0.793852 0.364492 0.00763777 0.0191639
1 0.221104 0.331655 0.0146022 0.00551377
1 0.647821 0.44815 0.0138354 0.00429707
1 0.677108 0.512769 0.00476718 0.0167678
1 0.0790144 0.64053 0.0236138 0.00884559
1 0.269028 0.0280745 0.023675 0.0191427
1 0.383779 0.231166 0.0156671 0.0054373
1 0.873338 0.201465 0.0145415 0.00672303
1 0.863855 0.283188 0.0304343 0.0154916
1 0.520283 0.33376 0.0152765 0.00508524
1 0.738626 0.185206 0.015792 0.00576863
1 0.538241 0.306546 0.0273941 0.00612556
1 0.263573 0.144789 0.0245508 0.0199704
4 0.846196 0.470537 0.199503 0.17373
1 0.184156 0.496707 0.00307655 0.0138448
1 0.108539 0.52534 0.0140387 0.00610086
1 0.284467 0.661866 0.0168153 0.00877987
1 0.339533 0.357578 0.0165173 0.00502652
1 0.125948 0.217286 0.0145142 0.00604475
1 0.991007 0.663072 0.0162981 0.0235396
1 0.526698 0.220667 0.00529124 0.0159986
1 0.6816 0.136144 0.00770369 0.00273037
1 0.537587 0.298813 0.0281751 0.00562036
1 0.0980188 0.544733 0.0172628 0.00489745
1 0.658324 0.542977 0.00487875 0.0156976
1 0.525122 0.0824013 0.0172632 0.00442523
1 0.988964 0.318702 0.0160082 0.00568734
1 0.316966 0.357651 0.016008 0.00511004
1 0.221843 0.147264 0.0150449 0.00622387
1 0.840528 0.250701 0.00327983 0.0143993
1 0.115939 0.66999 0.0135241 0.00539873
1 0.974469 0.28374 0.00880357 0.00421502
1 0.800031 0.663403 0.0158747 0.0261991
1 0.864545 0.369526 0.0295288 0.0149748
1 0.49229 0.0734903 0.0222962 0.0207058
1 0.991638 0.658862 0.0167246 0.0190742
1 0.525366 0.0830594 0.0153688 0.00489945
0 0.390783 0.180784 0.0242384 0.0133892
0 0.125466 0.00705578 0.0192514 0.0128147
1 0.615405 0.300822 0.0269972 0.00787435
1 0.733801 0.471242 0.0220318 0.0813714
1 0.129058 0.692314 0.00514465 0.0139594
1 0.447953 0.058446 0.0244094 0.0218845
1 0.373497 0.0977968 0.00886836 0.00355786
0 0.609454 0.00470396 0.0235137 0.0091651
1 0.157663 0.691758 0.00584346 0.0151637
1 0.956521 0.269454 0.00827477 0.00273361
1 0.537889 0.290749 0.0273566 0.0061935
1 0.307827 0.661338 0.0217214 0.00961835
1 0.930066 0.201618 0.0157132 0.00575036
1 0.328858 0.659298 0.0132433 0.0134002
1 0.52568 0.0519591 0.0131111 0.00464716
1 0.666962 0.442339 0.00502564 0.0132128
1 0.903377 0.20172 0.016083 0.00640696
1 0.159758 0.496767 0.00445402 0.0125732
1 0.615579 0.306455 0.0263906 0.00713264
1 0.275749 0.479667 0.016942 0.0637179
