4 0.116382 0.814047 0.114904 0.126542
3 0.686287 0.910044 0.0690753 0.0367442
4 0.154088 0.631336 0.175657 0.178877
3 0.336335 0.679004 0.0383331 0.0680173
3 0.701132 0.851009 0.0670422 0.0380239
0 0.607855 0.418056 0.0143643 0.0251243
0 0.575762 0.37086 0.0128837 0.0256173
0 0.446237 0.386278 0.0120619 0.0232803
2 0.665224 0.672832 0.0157022 0.0281972
0 0.403493 0.620988 0.0379409 0.0469689
0 0.481807 0.385849 0.0122017 0.0236952
0 0.481216 0.518311 0.0511107 0.0233464
0 0.635695 0.327686 0.0138719 0.0244108
0 0.957577 0.649589 0.0317512 0.0201692
0 0.0688132 0.0519425 0.011703 0.0241511
0 0.457712 0.590783 0.0253594 0.0123113
0 0.462858 0.418998 0.0232538 0.0119073
0 0.746991 0.327479 0.0199769 0.0313002
0 0.678547 0.181789 0.0244521 0.0135471
0 0.0868951 0.0180363 0.0231287 0.0127898
0 0.608604 0.545671 0.0121908 0.0238719
0 0.70068 0.325574 0.0145292 0.0261743
0 0.957774 0.798124 0.0313851 0.0196437
0 0.95713 0.687179 0.0313499 0.0212722
0 0.649078 0.44006 0.011241 0.0244951
0 0.406128 0.705426 0.049577 0.0398068
0 0.792301 0.144638 0.012304 0.0232778
0 0.596231 0.0704632 0.0263951 0.0130866
0 0.323488 0.609851 0.0243125 0.0125367
1 0.648559 0.42522 0.0136831 0.00535155
1 0.514133 0.592989 0.0495886 0.0179846
0 0.707233 0.049105 0.0261393 0.0138442
0 0.792173 0.301594 0.0122966 0.0238182
0 0.77087 0.977158 0.0119575 0.0236552
0 0.792745 0.637653 0.012306 0.0241525
0 0.367522 0.470204 0.0502025 0.0255852
0 0.539081 0.401147 0.0243087 0.0116417
1 0.481698 0.370885 0.0139335 0.00534145
2 0.96055 0.909641 0.0164497 0.0426433
0 0.792361 0.677944 0.0123422 0.0242368
1 0.575718 0.354946 0.014191 0.00620304
2 0.0992862 0.278223 0.018699 0.0424351
1 0.661727 0.84951 0.0106089 0.0289369
0 0.678962 0.139567 0.0244186 0.0147634
0 0.46237 0.68661 0.0128134 0.0250546
0 0.791908 0.583934 0.0117354 0.0246169
1 0.402126 0.650896 0.0497793 0.0124647
1 0.445664 0.371593 0.0128128 0.00572717
1 0.0682474 0.0667612 0.0140699 0.00535669
0 0.142628 0.028122 0.0262064 0.0133126
1 0.403613 0.590511 0.0491906 0.0137608
0 0.514613 0.625533 0.0418429 0.0479078
1 0.79232 0.285971 0.014129 0.00581801
5 0.297739 0.182701 0.260041 0.281003
1 0.792174 0.159735 0.0140248 0.00535929
1 0.0689946 0.0364995 0.0126251 0.00566589
0 0.175054 0.0596372 0.0250158 0.0231597
1 0.792677 0.129827 0.0143742 0.00527358
1 0.7228 0.0493893 0.00537072 0.0154927
3 0.385373 0.540322 0.0658932 0.0363245
0 0.42325 0.0771893 0.0237701 0.0228543
1 0.375518 0.706713 0.0132207 0.0492875
1 0.747315 0.347256 0.0231548 0.00681396
1 0.399701 0.469417 0.0120033 0.0313142
1 0.514776 0.655871 0.0505318 0.0112012
1 0.682846 0.682974 0.0176475 0.0056894
1 0.363471 0.514566 0.0125129 0.0114226
1 0.340469 0.539792 0.0147762 0.027858
1 0.472774 0.591365 0.0055542 0.013376
0 0.792555 0.802489 0.0120115 0.0242961
1 0.575694 0.386654 0.0152123 0.00524286
1 0.693548 0.181515 0.0053382 0.0144273
1 0.445678 0.401534 0.0148402 0.0056728
1 0.250824 0.630566 0.019358 0.0251253
1 0.745244 0.85 0.0159246 0.028052
1 0.51154 0.518702 0.0093193 0.028321
1 0.336003 0.719633 0.0282857 0.013468
1 0.607534 0.433513 0.0161247 0.00450897
1 0.335955 0.469935 0.0124404 0.0279199
1 0.643832 0.909423 0.0123037 0.0286524
0 0.792621 0.761295 0.0122123 0.0230546
0 0.545186 0.715605 0.0266881 0.0284142
1 0.700861 0.341031 0.0166168 0.00427527
1 0.602373 0.796554 0.0492184 0.0268405
1 0.74655 0.306419 0.0248442 0.00702258
1 0.449224 0.517659 0.011701 0.0286976
0 0.636686 0.092677 0.0218972 0.0168109
1 0.607125 0.402686 0.0158176 0.00468864
1 0.481411 0.400985 0.0143192 0.00539839
1 0.0569871 0.630244 0.0175902 0.0250439
1 0.731983 0.908715 0.0160248 0.0299598
1 0.792533 0.660567 0.0146236 0.00602484
1 0.792574 0.621823 0.0142145 0.00586475
0 0.431028 0.0296719 0.0298831 0.0337585
1 0.343874 0.541039 0.0112239 0.0282824
1 0.640844 0.909327 0.0113633 0.0294834
3 0.654068 0.758055 0.0532854 0.10631
0 0.43087 0.2687 0.0212805 0.0221221
1 0.441945 0.289744 0.00935695 0.0107294
1 0.64729 0.661207 0.0169366 0.00404689
1 0.612478 0.0705776 0.004233 0.0155064
0 0.651306 0.547531 0.0131918 0.0261235
1 0.649053 0.683698 0.0176465 0.00591659
1 0.682593 0.661909 0.0177305 0.00553144
0 0.792578 0.719758 0.0126173 0.0250325
1 0.335608 0.6387 0.0284016 0.0121396
0 0.553898 0.0408862 0.0185534 0.0191435
1 0.448523 0.419215 0.00417375 0.0136979
1 0.608679 0.560248 0.0138861 0.00489876
1 0.792296 0.59846 0.0138818 0.00446345
1 0.335306 0.641087 0.0278798 0.0091195
0 0.637114 0.204235 0.00694975 0.0101997
0 0.54981 0.244742 0.0243854 0.0280007
1 0.448906 0.0413573 0.0162136 0.0188671
1 0.317585 0.0458785 0.0256586 0.0250587
1 0.580262 0.0706866 0.00509543 0.016408
1 0.792821 0.745074 0.0142273 0.00697852
0 0.744994 0.625851 0.00549016 0.00938847
1 0.308394 0.609262 0.00467873 0.0148518
1 0.964169 0.22916 0.00539229 0.0115482
1 0.41236 0.0179019 0.0169407 0.0183131
1 0.120357 0.277772 0.0229618 0.0172849
1 0.792072 0.315717 0.0142167 0.00406096
1 0.233674 0.0176214 0.0093388 0.0103089
1 0.18425 0.237491 0.0266322 0.024602
1 0.0988531 0.112895 0.0117267 0.011763
0 0.954421 0.22915 0.0127926 0.0109014
1 0.1587 0.0274703 0.00521869 0.0153863
9 0.142166 0.0773927 0.0210489 0.0172841
0 0.568231 0.835484 0.0339941 0.0242166
1 0.279614 0.0380848 0.0179614 0.0137036
1 0.425211 0.539953 0.0095011 0.0256278
1 0.581039 0.0707553 0.00413426 0.014863
0 0.957941 0.423403 0.00547722 0.00998628
0 0.20999 0.027142 0.0218111 0.0265995
0 0.65892 0.337095 0.00840903 0.00733601
1 0.160065 0.05092 0.0115857 0.015266
0 0.545154 0.710085 0.0262575 0.0206051
1 0.191707 0.244077 0.0257989 0.0251699
1 0.980461 0.909195 0.0230221 0.0230761
1 0.936389 0.649873 0.00820992 0.0212143
1 0.936299 0.686668 0.00833799 0.0244385
0 0.722524 0.625268 0.0063581 0.00960397
1 0.325738 0.0496699 0.0291992 0.0270345
1 0.792569 0.817118 0.0131936 0.00405934
1 0.215905 0.00396014 0.00805323 0.00669241
1 0.441234 0.590607 0.00527041 0.014235
9 0.112268 0.105689 0.0210279 0.0296159
1 0.206417 0.103528 0.0269697 0.0270788
0 0.679655 0.107475 0.0216512 0.0149073
1 0.340667 0.0665769 0.0278174 0.0222222
1 0.339726 0.60961 0.00609376 0.0141597
1 0.691818 0.049549 0.00413882 0.0147516
1 0.463887 0.26658 0.0128782 0.0115747
1 0.138516 0.954912 0.00703874 0.012985
0 0.699363 0.602918 0.0110769 0.023197
1 0.68286 0.676093 0.0181732 0.00938928
0 0.464604 0.485242 0.00636051 0.00960838
1 0.208414 0.261837 0.0280203 0.0240371
1 0.137301 0.943591 0.00755721 0.0129266
1 0.230392 0.285219 0.0266768 0.0244205
1 0.395374 0.120576 0.0284108 0.0259709
1 0.213112 0.0970405 0.0265375 0.0262636
1 0.209076 0.100241 0.0261108 0.0254731
1 0.64866 0.90958 0.0099239 0.0269238
1 0.180512 0.234252 0.025052 0.022008
1 0.321378 0.0479599 0.0272756 0.0232583
1 0.311246 0.0428477 0.0192231 0.0203423
0 0.110088 0.171913 0.0146738 0.0260867
1 0.348474 0.073311 0.029162 0.0257462
1 0.310451 0.0361587 0.0182115 0.0172436
1 0.188404 0.24114 0.0251064 0.0233116
1 0.371985 0.0968845 0.0274652 0.0245836
1 0.725706 0.908949 0.0131291 0.0291278
1 0.222908 0.275966 0.0269033 0.0244781
1 0.0787044 0.294548 0.0228116 0.0178556
