0 0.485603 0.638337 0.00870132 0.0153757
2 0.634908 0.417924 0.0227286 0.0475198
0 0.136356 0.730795 0.0156421 0.0265324
0 0.163125 0.414887 0.0146418 0.00836976
0 0.287458 0.155056 0.0161305 0.0090585
0 0.690527 0.430627 0.0158506 0.00929604
0 0.641616 0.497204 0.0235612 0.0121869
0 0.224918 0.306013 0.00857969 0.0158012
0 0.535382 0.677432 0.0255966 0.0150455
0 0.420777 0.717498 0.046718 0.0243733
2 0.34098 0.540656 0.0177257 0.0454886
0 0.321145 0.826543 0.0162488 0.00915859
2 0.895025 0.343517 0.0182635 0.0334192
0 0.919805 0.10183 0.00753572 0.0156834
0 0.356191 0.822955 0.0254275 0.0131202
2 0.92227 0.875985 0.108449 0.108955
0 0.384829 0.644297 0.00795683 0.0160742
0 0.123378 0.419063 0.00861211 0.0158254
0 0.525226 0.341038 0.00837276 0.0154516
0 0.683335 0.064661 0.026232 0.0490158
0 0.167959 0.254705 0.00848017 0.0157904
1 0.0502051 0.436872 0.0158628 0.0139443
0 0.715266 0.127783 0.0462479 0.0254574
0 0.719589 0.0301378 0.0264147 0.0531807
2 0.327747 0.0441565 0.0192284 0.0495449
0 0.647152 0.555996 0.0127351 0.0247261
0 0.690387 0.413053 0.0153336 0.00883496
1 0.683789 0.0965127 0.0284205 0.0117311
0 0.919907 0.130717 0.00795758 0.0147339
0 0.338236 0.853567 0.049039 0.0262766
0 0.748306 0.829599 0.0409031 0.0488026
0 0.599248 0.0137938 0.0232326 0.0122782
0 0.779124 0.268048 0.00970865 0.0165863
0 0.98208 0.792652 0.0121601 0.0233524
0 0.224799 0.268315 0.00916934 0.0157015
0 0.601048 0.573295 0.0139167 0.0252889
0 0.42067 0.683295 0.00854383 0.015735
0 0.843998 0.279496 0.0172109 0.00917719
1 0.0503453 0.459424 0.0160897 0.0107211
0 0.66902 0.559717 0.0134873 0.0233851
0 0.0624795 0.266841 0.0164907 0.00988157
0 0.542385 0.626764 0.0153315 0.0250781
0 0.419568 0.442218 0.0151182 0.00792835
0 0.723196 0.0814883 0.0256111 0.0142066
0 0.624615 0.566026 0.0142425 0.0250435
0 0.865586 0.421765 0.00841447 0.0157194
0 0.528823 0.440853 0.00866296 0.0164735
0 0.499308 0.792543 0.0147003 0.0248147
0 0.691104 0.446849 0.0163524 0.00913454
0 0.395688 0.536997 0.00867509 0.0154877
0 0.564401 0.631734 0.0144179 0.0248423
0 0.588503 0.663771 0.0263985 0.0145657
0 0.0168742 0.4979 0.00954356 0.0162462
0 0.598745 0.0389054 0.0239681 0.0133978
0 0.497764 0.542869 0.00906982 0.0160603
0 0.160254 0.132676 0.0086293 0.0149185
0 0.738617 0.304352 0.00873109 0.0150368
0 0.438742 0.619812 0.0160468 0.00813331
0 0.219107 0.647129 0.0259552 0.015047
0 0.444884 0.672605 0.0166041 0.00860952
0 0.292865 0.819889 0.00958699 0.0163216
0 0.922633 0.427484 0.0163186 0.00892889
0 0.112478 0.697777 0.0256531 0.013825
0 0.155167 0.450963 0.0312211 0.020206
0 0.470561 0.326363 0.00797844 0.0151394
0 0.694632 0.471219 0.0100686 0.0173541
0 0.798373 0.211203 0.0175527 0.00897931
0 0.694961 0.501278 0.0154792 0.00834443
1 0.306767 0.0606279 0.0217887 0.0197861
0 0.625666 0.095405 0.0129525 0.0249587
0 0.849596 0.421794 0.00848995 0.0156397
0 0.72025 0.549275 0.0166046 0.00870802
0 0.328066 0.757489 0.0243166 0.0146628
0 0.405349 0.141569 0.0153756 0.00856629
0 0.428881 0.134697 0.00883437 0.0158236
3 0.748133 0.647814 0.0377819 0.0681485
0 0.356219 0.495078 0.00870276 0.0165108
0 0.798812 0.79712 0.0236537 0.0116445
0 0.297594 0.440554 0.0147394 0.00812774
0 0.73862 0.267865 0.00799467 0.0156586
0 0.831411 0.767473 0.0534613 0.0282114
0 0.467275 0.620105 0.0156163 0.00831054
0 0.737607 0.889092 0.0247302 0.0148654
0 0.275586 0.820306 0.00872302 0.0163648
0 0.619141 0.657232 0.0161402 0.0252762
0 0.642166 0.520576 0.0258963 0.0140018
0 0.852786 0.79713 0.0206281 0.0117491
0 0.369838 0.751343 0.0259174 0.0146081
0 0.641834 0.657141 0.0143006 0.0245819
2 0.436913 0.881685 0.103077 0.110357
0 0.458702 0.575491 0.0148022 0.0241306
0 0.663483 0.656904 0.0135531 0.0242152
0 0.335267 0.440299 0.0153209 0.00873137
1 0.613356 0.401406 0.0192156 0.0100381
0 0.685627 0.657634 0.0159638 0.025488
1 0.613687 0.417446 0.0182733 0.00882399
0 0.757207 0.267902 0.00891589 0.0158221
0 0.855463 0.0933457 0.00937652 0.0166188
0 0.813933 0.358564 0.00877737 0.0158315
0 0.470614 0.288621 0.00860023 0.0157732
0 0.98209 0.751914 0.014106 0.0260474
0 0.835716 0.0794646 0.009122 0.0151054
1 0.913437 0.354771 0.0157704 0.00656009
0 0.32192 0.809372 0.0167624 0.00838395
0 0.358954 0.665756 0.0160599 0.00908636
0 0.0619814 0.283523 0.0170514 0.00863672
0 0.502813 0.656536 0.00834562 0.0154728
0 0.949196 0.742415 0.0258686 0.015342
1 0.451434 0.717205 0.012133 0.0266729
1 0.0633892 0.378968 0.021147 0.0184898
0 0.318271 0.495067 0.0164574 0.00831532
0 0.906859 0.171722 0.0159424 0.00850219
1 0.876773 0.355284 0.0175743 0.00721397
1 0.779221 0.277961 0.0108988 0.00359279
1 0.224748 0.278087 0.0103806 0.00361596
0 0.232192 0.979409 0.054459 0.0282686
0 0.328329 0.734855 0.0281919 0.0148673
1 0.0201942 0.363008 0.0222759 0.0203049
1 0.658762 0.433544 0.0195083 0.01029
0 0.419123 0.648951 0.00841153 0.0154261
1 0.747225 0.797663 0.0515804 0.0137372
2 0.0327162 0.448249 0.0198488 0.0318828
1 0.175688 0.450972 0.00966835 0.0238911
1 0.981726 0.778168 0.014698 0.00468614
1 0.720267 0.0613381 0.0273217 0.0100377
0 0.444738 0.689783 0.015898 0.00823305
1 0.0633133 0.346471 0.0220271 0.0193144
1 0.613665 0.433586 0.0190511 0.00974499
1 0.683833 0.126797 0.0105409 0.0281227
1 0.135241 0.450681 0.0103033 0.024495
1 0.371034 0.823349 0.00434238 0.014736
1 0.3201 0.556139 0.0242603 0.0209153
1 0.798236 0.766764 0.0112423 0.0304472
1 0.854489 0.279389 0.00397047 0.00953909
0 0.92155 0.759236 0.00848889 0.0172204
1 0.349147 0.0448772 0.0227341 0.0198141
1 0.0169812 0.487456 0.0103132 0.00383699
1 0.485667 0.628501 0.00908439 0.00335312
1 0.695073 0.481614 0.0102867 0.0033574
1 0.136291 0.745649 0.017178 0.00447977
1 0.683442 0.0328974 0.0295489 0.0121706
1 0.123561 0.40893 0.00900495 0.00398792
1 0.449382 0.619592 0.00356412 0.00880132
1 0.600628 0.558077 0.0161155 0.00488925
2 0.627808 0.844121 0.175767 0.11846
1 0.355972 0.504882 0.0102002 0.00325835
1 0.932821 0.427326 0.00392476 0.00968311
1 0.658257 0.417751 0.0200958 0.00974774
1 0.875975 0.332126 0.016924 0.00729789
1 0.331341 0.808853 0.00307477 0.0104416
1 0.809014 0.211235 0.0037414 0.00987065
1 0.730042 0.549475 0.00334167 0.00967882
1 0.361911 0.539528 0.0233653 0.0200601
1 0.395463 0.527699 0.00963808 0.00333573
0 0.719077 0.304279 0.00855612 0.0163095
1 0.818991 0.947321 0.0768045 0.0184071
1 0.0171129 0.448681 0.0133284 0.0096065
1 0.499657 0.77707 0.0171588 0.00464511
1 0.277643 0.154975 0.00310313 0.0103593
1 0.628119 0.49675 0.00415133 0.0142697
1 0.738335 0.27707 0.00881508 0.00313462
1 0.306353 0.0276155 0.0223564 0.0234065
1 0.6135 0.0138512 0.005533 0.0140909
1 0.319596 0.523576 0.0241579 0.0227914
1 0.304912 0.854428 0.0129936 0.0308848
1 0.747431 0.127074 0.00998688 0.027381
1 0.757262 0.277216 0.0096433 0.00344645
1 0.74781 0.861159 0.0515107 0.0137994
1 0.65793 0.401348 0.0208798 0.0109439
0 0.538983 0.240506 0.00905978 0.0161861
0 0.28879 0.172255 0.0157157 0.00822866
1 0.538914 0.230719 0.00990452 0.00373959
1 0.646888 0.541457 0.0147378 0.00461009
1 0.737903 0.0817144 0.00354267 0.0154191
1 0.813754 0.348693 0.00944613 0.00367534
1 0.168067 0.244982 0.00909002 0.00330942
0 0.515091 0.559883 0.00875451 0.0149924
1 0.428962 0.144264 0.00946508 0.00342511
1 0.29291 0.809311 0.0106522 0.00348282
1 0.624117 0.551115 0.0157268 0.00393308
1 0.391992 0.716935 0.011525 0.0285891
1 0.911785 0.331989 0.0155729 0.0059867
1 0.35495 0.751962 0.00388405 0.0168366
1 0.38952 0.716764 0.0114136 0.0288464
1 0.458754 0.590016 0.0173107 0.00439928
0 0.77007 0.344227 0.0129517 0.00777007
1 0.458587 0.560557 0.0165073 0.00555701
1 0.625687 0.0808704 0.0144031 0.00380317
1 0.224955 0.316207 0.0101179 0.00403195
1 0.619393 0.760583 0.0082869 0.0384374
1 0.92131 0.943815 0.0917775 0.0267859
1 0.384967 0.750533 0.00505469 0.014911
1 0.749259 0.604153 0.0286629 0.019073
1 0.699555 0.430461 0.00270274 0.00893968
1 0.753141 0.889651 0.00460772 0.0163555
1 0.646155 0.760307 0.00815939 0.0380083
2 0.0423811 0.3618 0.0197554 0.0485654
1 0.669139 0.573845 0.0155542 0.00398254
1 0.515173 0.551086 0.00895844 0.00272751
1 0.98302 0.808075 0.0122166 0.00515366
1 0.525257 0.331209 0.00919483 0.00354279
1 0.783642 0.796979 0.00522132 0.0151787
1 0.369178 0.853243 0.0101235 0.0294957
1 0.54266 0.611745 0.0160649 0.00444819
1 0.434244 0.672578 0.00280521 0.00879288
1 0.573343 0.663765 0.00368118 0.0166089
2 0.961649 0.114823 0.0509321 0.0477652
1 0.583323 0.0391082 0.00610508 0.0161168
1 0.499723 0.807539 0.0152364 0.00472422
1 0.520497 0.678373 0.0038662 0.0153911
1 0.718794 0.294183 0.0096929 0.00434494
1 0.307544 0.440668 0.00362993 0.00820766
1 0.91959 0.121539 0.00817752 0.00254758
1 0.308796 0.495407 0.00302412 0.00950979
1 0.668712 0.544313 0.0150232 0.00446176
1 0.528861 0.449791 0.00924442 0.00304191
1 0.863964 0.765406 0.0120274 0.027236
1 0.0973286 0.697835 0.00421113 0.0159217
1 0.564252 0.760296 0.00860127 0.0376599
1 0.632716 0.760331 0.00873997 0.0374574
1 0.738283 0.294196 0.00846744 0.00375291
1 0.434899 0.69047 0.00407938 0.00731184
1 0.439483 0.948277 0.093471 0.018554
1 0.410307 0.442224 0.00251948 0.00930558
1 0.136118 0.715086 0.0172498 0.00378011
1 0.641406 0.643027 0.0160756 0.00417628
1 0.549614 0.677385 0.00440654 0.0161168
1 0.153297 0.41565 0.0037461 0.00941245
1 0.613561 0.0387262 0.00560404 0.0158501
1 0.673908 0.760458 0.00848063 0.0392599
1 0.619233 0.643212 0.0164128 0.00492815
1 0.591549 0.760216 0.00782607 0.0379367
1 0.264699 0.978844 0.00960017 0.031196
1 0.70877 0.0813075 0.00475643 0.0159289
1 0.395405 0.141794 0.00295251 0.00935203
1 0.687274 0.760461 0.00860427 0.0378981
1 0.963898 0.742306 0.00390193 0.0157635
1 0.502557 0.666619 0.00905071 0.00407941
1 0.701043 0.761148 0.00895641 0.0387216
1 0.605604 0.760528 0.00755716 0.0382555
1 0.0730368 0.283579 0.00443429 0.00976056
1 0.6603 0.760375 0.00713298 0.0381589
1 0.197422 0.979011 0.00982016 0.0296198
1 0.685461 0.642449 0.0160532 0.0049107
1 0.663334 0.642809 0.014564 0.00442599
1 0.420544 0.691196 0.00815563 0.00333336
1 0.0519365 0.283949 0.00375565 0.00968977
1 0.633288 0.924443 0.00823737 0.0413205
2 0.957935 0.254752 0.0786643 0.0681475
1 0.627603 0.520371 0.00374603 0.0151134
0 0.251257 0.828557 0.0103755 0.00924964
1 0.837999 0.796602 0.00562236 0.0131813
1 0.98194 0.737561 0.0157726 0.00369588
1 0.944244 0.0779022 0.00658342 0.0237169
1 0.578448 0.923736 0.00805376 0.0397737
1 0.619617 0.924454 0.00814888 0.0398219
1 0.0728109 0.266786 0.00471587 0.010475
1 0.855109 0.0829718 0.0109065 0.0035598
0 0.18389 0.908448 0.0076192 0.0124747
1 0.354915 0.751259 0.00557265 0.016669
1 0.902489 0.79188 0.0138397 0.0616753
2 0.752685 0.429593 0.0814989 0.069479
1 0.542129 0.612371 0.0163779 0.00390831
1 0.646495 0.924295 0.00769174 0.0398336
1 0.127395 0.697127 0.00484984 0.015369
1 0.977628 0.0782503 0.00767142 0.0247984
1 0.943911 0.151556 0.00684594 0.0233363
1 0.687927 0.925388 0.00836375 0.0391868
1 0.564936 0.924767 0.00890876 0.0381208
1 0.699391 0.412691 0.00251345 0.00977529
1 0.718903 0.314522 0.00978876 0.00463051
1 0.865399 0.432111 0.00892464 0.00460481
1 0.83542 0.0891828 0.00972498 0.00376615
1 0.955493 0.151648 0.00608138 0.0233511
1 0.814252 0.796915 0.00581535 0.0137213
1 0.577635 0.760725 0.00895866 0.0373655
1 0.564486 0.615028 0.0177488 0.00469158
1 0.674456 0.924419 0.00853635 0.0385924
1 0.72353 0.888927 0.0044929 0.0161452
1 0.701476 0.925035 0.00856424 0.0379682
1 0.470884 0.316865 0.00915574 0.00265406
1 0.601041 0.588789 0.0167949 0.00496986
1 0.882895 0.791222 0.0154872 0.0674569
1 0.550937 0.760725 0.00866055 0.037264
1 0.275457 0.809835 0.0088572 0.00367168
1 0.833419 0.279276 0.00414251 0.0100957
1 0.542066 0.642185 0.0166044 0.00586457
1 0.275427 0.83049 0.00918685 0.00429585
1 0.051767 0.267055 0.00339163 0.0107727
1 0.310646 0.73478 0.00580835 0.0176926
1 0.720042 0.379003 0.00612709 0.0287425
1 0.591606 0.924694 0.00798216 0.0387838
1 0.981682 0.777492 0.0168047 0.00520988
1 0.348803 0.665564 0.00389421 0.00996255
1 0.965797 0.0780158 0.00641357 0.0251749
1 0.934251 0.742029 0.00364022 0.016464
1 0.626403 0.111069 0.0157354 0.00574919
1 0.584406 0.0141332 0.00626598 0.0145709
1 0.419108 0.658376 0.0084504 0.00511294
1 0.660843 0.924662 0.00755035 0.0382924
