0 0.105661 0.544246 0.0237265 0.0126832
0 0.179103 0.471386 0.0214432 0.0119239
0 0.0290814 0.769986 0.0243873 0.0127365
0 0.0287849 0.684605 0.0246576 0.0124499
0 0.178987 0.55739 0.0234324 0.0120641
0 0.253852 0.684839 0.0244885 0.0128691
0 0.178399 0.68472 0.0244561 0.0129016
0 0.177737 0.769485 0.0250298 0.0129259
0 0.254305 0.301742 0.0247646 0.0129845
0 0.254522 0.216526 0.0245639 0.0128334
0 0.10311 0.301585 0.0224705 0.0126206
0 0.179426 0.215874 0.0235019 0.0124786
0 0.0287799 0.215971 0.02451 0.0128049
0 0.269582 0.962648 0.0126531 0.023668
0 0.253071 0.902605 0.0244102 0.0130773
0 0.0276724 0.0605744 0.027501 0.0536382
0 0.0287824 0.301029 0.0251668 0.0130217
0 0.0297896 0.387192 0.0225708 0.0123009
0 0.0253694 0.863477 0.0235868 0.0125692
0 0.328389 0.770085 0.024514 0.0125657
0 0.976629 0.349938 0.029339 0.054244
0 0.103511 0.770077 0.0243681 0.0127955
0 0.103364 0.699734 0.0243166 0.0128478
0 0.104967 0.38591 0.0231176 0.0127054
0 0.178937 0.302029 0.0209997 0.0108163
0 0.104475 0.21616 0.0239572 0.0127171
0 0.768276 0.425602 0.0525894 0.0271368
0 0.253312 0.770099 0.0250213 0.0130662
3 0.701272 0.785654 0.0529911 0.0691361
0 0.959204 0.0604494 0.0245867 0.0497133
0 0.32866 0.685332 0.0239586 0.0117697
0 0.871218 0.799589 0.0259786 0.0494032
0 0.253641 0.600035 0.0242087 0.0124567
0 0.104475 0.471726 0.0232806 0.0123509
0 0.254604 0.0687752 0.0126387 0.0240157
0 0.103001 0.902598 0.0238927 0.0125485
0 0.328915 0.301752 0.0239625 0.0115597
1 0.871344 0.767544 0.030421 0.011903
0 0.320225 0.0741079 0.0234723 0.0128379
0 0.899452 0.105733 0.0516147 0.0258232
0 0.0296484 0.514313 0.0239358 0.0126877
0 0.922725 0.046095 0.0249756 0.0495975
0 0.102831 0.428148 0.0226554 0.0120312
0 0.807408 0.348861 0.0235079 0.0120402
0 0.0288832 0.812145 0.0238163 0.0126106
0 0.253758 0.557123 0.0245112 0.0127936
1 0.699317 0.830551 0.0417207 0.0175283
1 0.871811 0.831954 0.0287626 0.0124307
0 0.179163 0.386365 0.0218923 0.0118374
1 0.701251 0.740644 0.0427926 0.0208476
0 0.178937 0.600418 0.0241908 0.012716
0 0.328743 0.642093 0.0236078 0.0119204
0 0.179015 0.514749 0.0228301 0.0118682
0 0.0301267 0.471481 0.0218252 0.0127069
0 0.328566 0.727649 0.0240857 0.0120621
0 0.103783 0.344415 0.0236664 0.0124565
0 0.178999 0.642252 0.0238988 0.0128181
1 0.976332 0.317485 0.029342 0.0102843
0 0.104655 0.514474 0.0244379 0.0121953
0 0.329042 0.902451 0.0243538 0.0127258
0 0.254571 0.514714 0.0243157 0.0130717
0 0.255145 0.343593 0.0219555 0.012063
0 0.253263 0.812426 0.0246629 0.0125959
0 0.178696 0.25899 0.0221112 0.011685
0 0.328987 0.84454 0.0239686 0.0128042
0 0.0297275 0.428862 0.0234317 0.0123894
0 0.253337 0.642408 0.0244429 0.012583
0 0.328811 0.259013 0.0240216 0.0122243
0 0.10448 0.258698 0.0244815 0.0125846
0 0.17795 0.812337 0.0244539 0.0124259
0 0.103605 0.727005 0.0242864 0.0125835
0 0.254033 0.844135 0.0245953 0.0127091
0 0.328952 0.216817 0.0238534 0.011878
1 0.553005 0.663295 0.059628 0.0192296
0 0.178219 0.727674 0.0243384 0.0126236
0 0.254394 0.259093 0.0241595 0.0125463
0 0.328739 0.599823 0.0238828 0.0120706
0 0.0289634 0.727354 0.0248449 0.0128799
0 0.032113 0.566113 0.0135849 0.0242368
0 0.0289851 0.258226 0.0235545 0.0132687
0 0.0294753 0.343618 0.0228981 0.0124157
0 0.103764 0.811802 0.0248058 0.012686
1 0.0277088 0.0929006 0.0306251 0.0108267
1 0.959391 0.0912605 0.0279038 0.0114456
0 0.900652 0.1413 0.0479032 0.025667
0 0.301047 0.11114 0.0239752 0.0124304
0 0.0241678 0.913612 0.0243195 0.0128034
0 0.179749 0.428653 0.0213292 0.0111287
1 0.0443007 0.301073 0.00554261 0.0143567
1 0.975699 0.382306 0.0277811 0.0109203
0 0.178586 0.844319 0.0240217 0.0121624
0 0.104436 0.843984 0.0238268 0.0125342
0 0.178594 0.344211 0.0235446 0.011827
0 0.561265 0.973972 0.0130665 0.0147305
0 0.946853 0.318768 0.0138764 0.0238526
0 0.560826 0.936321 0.0135344 0.015444
0 0.329769 0.344568 0.0231964 0.0119974
0 0.328671 0.812391 0.024426 0.0127878
1 0.0274812 0.0279529 0.0276199 0.0110697
0 0.769113 0.460925 0.0527828 0.0289044
1 0.960094 0.0291051 0.0266883 0.0105474
1 0.0444398 0.769927 0.00546622 0.0145877
1 0.867412 0.105939 0.0107136 0.0293333
1 0.0440688 0.68451 0.00540705 0.0140188
1 0.268596 0.770258 0.00527272 0.0144586
1 0.737131 0.425723 0.00904258 0.0282844
1 0.0318784 0.551229 0.0156588 0.00540855
1 0.269948 0.947576 0.0144822 0.00525953
1 0.193111 0.769729 0.00525171 0.0150027
1 0.736862 0.461187 0.0108142 0.0277213
1 0.269111 0.301979 0.00510916 0.0139302
1 0.269399 0.216463 0.00478829 0.0140751
1 0.551416 0.79783 0.0594063 0.0198309
1 0.0441837 0.215768 0.00497046 0.0141985
0 0.625813 0.973899 0.0138859 0.0135501
1 0.923104 0.0765019 0.0266936 0.0108395
1 0.12024 0.544582 0.00509551 0.0142545
1 0.239538 0.514487 0.00532633 0.0156715
1 0.0436606 0.387238 0.00511982 0.0137599
1 0.0889848 0.699553 0.00431596 0.0145633
1 0.932309 0.105703 0.0119503 0.0281503
1 0.268716 0.557477 0.00528467 0.0147357
1 0.268911 0.684791 0.00515547 0.0142555
1 0.931857 0.140848 0.0136939 0.0288937
1 0.0324992 0.5812 0.0151939 0.00548078
1 0.0888223 0.902429 0.00394157 0.0142111
1 0.9226 0.0145391 0.0269867 0.011378
2 0.553024 0.729649 0.0933859 0.115969
1 0.867764 0.141142 0.0126398 0.0279531
1 0.0891388 0.344002 0.00457695 0.014256
1 0.193467 0.684672 0.00544093 0.0139093
1 0.193262 0.557943 0.0049103 0.0140451
1 0.0440601 0.471796 0.00540902 0.0140746
1 0.239315 0.599715 0.00484742 0.0149783
1 0.0887644 0.769681 0.00443706 0.0146846
1 0.0884899 0.726692 0.0045932 0.0153496
1 0.903163 0.447538 0.0306375 0.0279171
1 0.192761 0.472051 0.00532604 0.0136413
0 0.930295 0.935772 0.0121151 0.0117593
1 0.0439786 0.514068 0.00439273 0.0141168
1 0.0898517 0.514393 0.00427975 0.014301
1 0.043944 0.727534 0.0048227 0.0141144
1 0.238658 0.812003 0.00432873 0.0146653
1 0.089711 0.21583 0.00424427 0.0146318
1 0.19342 0.72765 0.00557323 0.0141618
1 0.23886 0.843639 0.00469145 0.0150853
1 0.0435884 0.812364 0.00488812 0.0142013
1 0.119189 0.386245 0.00520992 0.0141077
1 0.193042 0.812597 0.00524139 0.0144596
1 0.239367 0.216413 0.00526391 0.015026
1 0.254482 0.0837166 0.0145765 0.004929
1 0.238485 0.902467 0.00433648 0.0153155
1 0.0895395 0.843784 0.00389604 0.014404
1 0.269298 0.51458 0.00488997 0.0145533
1 0.800347 0.424174 0.00995661 0.0254098
1 0.0896722 0.258547 0.00472371 0.0152061
1 0.238821 0.684401 0.00443899 0.0152717
1 0.088675 0.811878 0.00435695 0.0147174
1 0.043607 0.428505 0.00434311 0.0138928
1 0.0433875 0.258645 0.00502823 0.0143304
1 0.269134 0.599571 0.00517692 0.0143283
0 0.99496 0.97485 0.00988313 0.0133369
1 0.267877 0.902862 0.00509237 0.0149875
1 0.0431969 0.343614 0.00429439 0.013435
1 0.83171 0.449376 0.0294295 0.0220022
1 0.0902377 0.543722 0.00435162 0.0153091
1 0.239157 0.3013 0.00481235 0.0154023
1 0.191576 0.386685 0.00407525 0.0129907
1 0.0114039 0.863031 0.00434415 0.0142045
1 0.0902091 0.385966 0.00516343 0.0148748
1 0.801291 0.460915 0.0105126 0.0281413
1 0.239472 0.258894 0.00522485 0.0154316
1 0.315859 0.111035 0.00471284 0.0139453
1 0.0897712 0.301239 0.00422626 0.0144635
1 0.191856 0.258854 0.00384343 0.0129048
1 0.269221 0.259109 0.00503062 0.0144656
1 0.268633 0.642231 0.00518333 0.0144441
0 0.561587 0.898783 0.0116507 0.0120104
1 0.238452 0.556233 0.0049817 0.0138768
1 0.0895759 0.471556 0.00488457 0.0134021
1 0.192552 0.514259 0.00437546 0.0131406
1 0.269279 0.843724 0.00473773 0.0145185
1 0.191797 0.302308 0.00431985 0.0112633
1 0.268816 0.812128 0.00476787 0.0147297
1 0.0137095 0.726812 0.00510721 0.0141668
1 0.443644 0.67145 0.082748 0.0114588
1 0.314968 0.902178 0.0044353 0.0142396
1 0.193439 0.600092 0.00499949 0.0130419
0 0.44359 0.788483 0.0707672 0.038275
0 0.867316 0.421143 0.0800614 0.0518072
1 0.119246 0.471795 0.00595877 0.0143418
1 0.119408 0.216174 0.00520843 0.0142311
1 0.314971 0.344466 0.00424104 0.0131959
1 0.238524 0.769701 0.00433833 0.0151505
1 0.314699 0.301548 0.00464652 0.0136204
1 0.193398 0.642442 0.00492421 0.0142599
1 0.946708 0.333591 0.0148085 0.00517717
1 0.314704 0.642144 0.00451613 0.0133486
1 0.314525 0.844318 0.00466253 0.0148852
1 0.0893168 0.428101 0.00340757 0.0140139
0 0.909141 0.972727 0.0150361 0.012646
1 0.118799 0.769962 0.00569863 0.0145391
1 0.286836 0.11108 0.00498681 0.0149148
1 0.792874 0.348406 0.00401425 0.0143433
3 0.141431 0.30086 0.0179427 0.0166037
3 0.141097 0.385742 0.016138 0.0159677
1 0.119641 0.51422 0.00578956 0.0149301
1 0.238766 0.641917 0.00443688 0.0141263
1 0.268719 0.343565 0.00534155 0.0130632
1 0.314574 0.259182 0.00448515 0.0140503
0 0.973673 0.974006 0.0130184 0.0112176
1 0.162125 0.768767 0.00538928 0.0141587
1 0.240187 0.343578 0.00681969 0.0146737
1 0.902791 0.450352 0.0303838 0.0197686
1 0.119608 0.258114 0.00532548 0.0140645
1 0.119243 0.811337 0.00578245 0.0151255
1 0.191981 0.34359 0.00324118 0.0124975
1 0.11915 0.726428 0.00603036 0.0157376
1 0.193604 0.843605 0.00532072 0.0139253
0 0.560617 0.89797 0.0156479 0.0167386
0 0.994738 0.9358 0.00947308 0.0132087
1 0.31438 0.216586 0.0050763 0.0132125
0 0.626204 0.936558 0.0123073 0.0163558
4 0.442749 0.703458 0.0705421 0.0549493
1 0.191602 0.428569 0.00333788 0.0117715
1 0.821978 0.348369 0.00591953 0.0139928
1 0.928688 0.105773 0.0083413 0.0266392
1 0.0137319 0.812804 0.00510155 0.0130489
1 0.0142122 0.51407 0.00582702 0.0150194
1 0.166819 0.47153 0.00441504 0.0131141
1 0.314352 0.599685 0.00493981 0.0132471
1 0.0141362 0.76955 0.0057294 0.0144625
1 0.832512 0.397321 0.0286429 0.0275506
3 0.141187 0.343067 0.0162017 0.0190881
1 0.119734 0.843359 0.00585038 0.0153772
1 0.119604 0.343363 0.00499501 0.0143024
1 0.0139874 0.258319 0.00573882 0.0153942
1 0.237996 0.429107 0.00448583 0.0146435
1 0.118937 0.301448 0.00552971 0.014334
1 0.314534 0.684892 0.00475396 0.0133957
1 0.00999129 0.913354 0.00468862 0.0142958
1 0.268032 0.38624 0.00550723 0.015646
1 0.0142072 0.343954 0.00592057 0.0142751
0 0.995217 0.897494 0.00936508 0.0120084
1 0.162421 0.81136 0.00544948 0.0143307
1 0.0404934 0.863694 0.00656581 0.0139873
0 0.539076 0.974279 0.0128086 0.0110285
1 0.140229 0.33172 0.0126358 0.00304519
0 0.253097 0.386365 0.0253246 0.0155351
1 0.0138892 0.300929 0.00530024 0.0149488
0 0.109855 0.301466 0.0140712 0.0133266
1 0.192489 0.215675 0.00446592 0.0131617
1 0.902089 0.397104 0.0311763 0.0274992
1 0.828391 0.446523 0.0224717 0.0286538
4 0.442062 0.710725 0.0686427 0.0357959
1 0.0139756 0.215554 0.00553628 0.0152864
1 0.929002 0.141391 0.0122457 0.028097
1 0.0139654 0.684069 0.00534542 0.0139403
1 0.167831 0.3017 0.0047561 0.0124455
1 0.118716 0.699343 0.00605353 0.0158816
1 0.333341 0.0742521 0.00510597 0.0138085
