0 0.988673 0.137175 0.00718776 0.0128787
0 0.0566091 0.0562758 0.0165603 0.00903501
0 0.98828 0.114033 0.00719164 0.0129165
0 0.0904177 0.346061 0.0158918 0.0103786
0 0.988527 0.207495 0.00677177 0.0125834
0 0.193819 0.0562769 0.0161777 0.0097731
0 0.0234801 0.0900753 0.0173567 0.0103387
0 0.988415 0.0903782 0.00695275 0.0126908
0 0.0907765 0.141379 0.0163302 0.00994507
0 0.0913199 0.123839 0.0162453 0.01072
0 0.0911369 0.311489 0.0160251 0.0108562
0 0.090786 0.243685 0.0154105 0.0103207
0 0.194038 0.741306 0.0158139 0.00888205
0 0.15898 0.361826 0.0164188 0.00936189
0 0.988157 0.300892 0.00773964 0.0130027
0 0.192579 0.294926 0.0152731 0.00964058
0 0.125661 0.124013 0.0162812 0.0101541
0 0.988421 0.183739 0.00673106 0.0128667
0 0.126023 0.311511 0.016466 0.0104919
0 0.988431 0.230741 0.00734542 0.0130964
0 0.0229426 0.174936 0.0179284 0.0110244
0 0.0237771 0.79217 0.017783 0.0113726
0 0.125872 0.0899571 0.0166254 0.00960007
0 0.0232858 0.605284 0.0165814 0.00978707
0 0.0567699 0.277539 0.0166358 0.00915052
0 0.192731 0.123961 0.0160972 0.0100882
0 0.988052 0.160414 0.00648836 0.0129014
0 0.0234512 0.277038 0.0184462 0.0109711
0 0.15849 0.277428 0.0178067 0.010362
0 0.0908843 0.328854 0.0165091 0.0101122
0 0.193097 0.243652 0.0152366 0.0100153
0 0.0566258 0.14108 0.0171593 0.00950899
0 0.0907721 0.0561925 0.0156695 0.0100919
0 0.0226366 0.12398 0.0175728 0.0105036
0 0.951305 0.324144 0.00633277 0.0130122
0 0.022158 0.311528 0.0186891 0.0109195
0 0.159139 0.877623 0.0174485 0.0107037
0 0.158811 0.792002 0.017625 0.0112615
0 0.0230065 0.225872 0.0182842 0.0101669
0 0.192853 0.27722 0.0171203 0.0102862
0 0.158626 0.604888 0.0162502 0.00963961
0 0.158597 0.0560164 0.0151095 0.00936978
0 0.193082 0.311218 0.0163047 0.0103223
0 0.192747 0.0902155 0.0167343 0.0107611
0 0.0913261 0.209457 0.0159277 0.0098381
0 0.19313 0.15821 0.0156808 0.00933658
0 0.0569369 0.260549 0.0167552 0.00986432
0 0.0570441 0.0904086 0.0174282 0.0111014
0 0.988161 0.254181 0.00691905 0.01305
0 0.0233077 0.877796 0.0177775 0.0105503
0 0.125458 0.276947 0.0175253 0.0105743
0 0.193009 0.192916 0.0158567 0.0101527
0 0.192684 0.209576 0.0159793 0.00949269
0 0.158322 0.328593 0.0169489 0.0102654
0 0.0560927 0.826702 0.0179802 0.0108032
0 0.193155 0.622847 0.0152675 0.0102551
0 0.988034 0.32454 0.00717069 0.0128905
0 0.0913318 0.038809 0.0158318 0.0095841
0 0.15878 0.74132 0.0168291 0.00993822
0 0.158589 0.0900396 0.0171658 0.0108121
0 0.0568922 0.0725527 0.0166553 0.00894928
0 0.0234526 0.810318 0.017298 0.00985142
0 0.0234224 0.690384 0.0180306 0.0107095
0 0.0919287 0.810111 0.0173681 0.0102942
0 0.192987 0.32852 0.0151354 0.0097443
0 0.0564146 0.124245 0.0166902 0.0105134
0 0.0567344 0.243184 0.0156228 0.00915968
0 0.090925 0.158338 0.0153788 0.00941359
0 0.0907483 0.175105 0.016581 0.0109112
0 0.159089 0.827103 0.017147 0.0102258
0 0.125124 0.912491 0.0184303 0.0104653
0 0.158409 0.708022 0.0167006 0.0109274
0 0.124952 0.810433 0.0162087 0.00912757
0 0.0916982 0.724866 0.0166481 0.0096842
0 0.193375 0.810285 0.0159644 0.0104421
0 0.192746 0.174633 0.0170736 0.0105596
0 0.158771 0.63949 0.0170895 0.01027
0 0.192883 0.225977 0.0164983 0.0101269
0 0.0229092 0.912383 0.0164797 0.00924026
0 0.0916562 0.225979 0.0167716 0.0101234
0 0.0233175 0.0729147 0.018238 0.0109574
0 0.988363 0.066818 0.00685782 0.0125667
0 0.0563949 0.775924 0.0182369 0.00972435
0 0.158032 0.193093 0.0164953 0.0110227
0 0.193288 0.639105 0.0173562 0.0103401
0 0.951066 0.230785 0.00609038 0.0129489
0 0.056561 0.175145 0.017655 0.0100136
0 0.0563129 0.362296 0.0168518 0.00955926
0 0.158442 0.810158 0.0169062 0.00965763
0 0.0913114 0.295146 0.0162304 0.0103747
0 0.0558297 0.912298 0.0172429 0.00985149
0 0.0556649 0.724671 0.0180631 0.010188
0 0.0566097 0.107403 0.0168842 0.00969725
0 0.0562076 0.80989 0.0168582 0.0104248
0 0.0565194 0.328524 0.0176295 0.0105135
0 0.125775 0.0732222 0.0160721 0.0104291
0 0.125222 0.792624 0.0172736 0.0114075
0 0.0233658 0.929028 0.0189682 0.00891645
0 0.091839 0.639367 0.0194395 0.0113774
0 0.0568984 0.639958 0.0164874 0.00927922
0 0.0569491 0.157638 0.0166426 0.00862838
0 0.124938 0.605311 0.0167035 0.00888324
0 0.158238 0.912198 0.0171477 0.00927528
0 0.158977 0.174447 0.0168005 0.0103203
0 0.158839 0.0726415 0.0157663 0.00926444
1 0.0667414 0.0565122 0.00385357 0.0104339
0 0.0908891 0.107704 0.0158616 0.0100091
0 0.0233286 0.623297 0.0150646 0.00904465
0 0.0916805 0.826885 0.0194143 0.0113008
0 0.951028 0.160302 0.00592491 0.0122694
0 0.193496 0.0386805 0.0157392 0.00952207
0 0.158161 0.294967 0.0162942 0.00995414
0 0.158874 0.157914 0.0162756 0.00894415
0 0.192813 0.928895 0.0159525 0.00899412
0 0.0234229 0.826851 0.0176325 0.0105214
0 0.0915285 0.741164 0.019483 0.00970615
0 0.0911928 0.192934 0.0169474 0.0106717
0 0.125537 0.243525 0.0181161 0.0100016
0 0.125339 0.724878 0.0162879 0.00998425
0 0.0919425 0.759034 0.0195579 0.0110876
0 0.0566258 0.29475 0.016912 0.0101797
0 0.159031 0.758792 0.0174271 0.00922725
0 0.126054 0.225943 0.016614 0.0100371
0 0.0909039 0.0731204 0.0155971 0.0108162
0 0.125875 0.622972 0.0163035 0.00975155
0 0.0562188 0.209495 0.0172739 0.00920418
0 0.0916946 0.912286 0.0183816 0.0115406
0 0.125693 0.690273 0.0176221 0.0110746
0 0.0565958 0.792752 0.0174085 0.0109461
0 0.0913172 0.775658 0.0169639 0.0105124
0 0.193174 0.844252 0.0132297 0.00921249
0 0.0231839 0.639464 0.0178167 0.0108547
0 0.125392 0.260465 0.0170844 0.0104939
0 0.0567742 0.311452 0.0169403 0.0112904
0 0.125702 0.209799 0.0169315 0.00978798
0 0.12541 0.294567 0.0155292 0.00965822
0 0.158787 0.311491 0.0169423 0.0106914
0 0.158492 0.724872 0.0170017 0.00888681
0 0.125396 0.878315 0.0174882 0.0110908
0 0.950792 0.113903 0.00549635 0.0123267
0 0.0917076 0.27719 0.016878 0.0103828
0 0.193215 0.724326 0.016301 0.00973323
0 0.056455 0.225959 0.0167152 0.0102409
0 0.0916064 0.622933 0.0170744 0.0103451
0 0.192862 0.827054 0.0169404 0.00943099
0 0.126202 0.639889 0.0179761 0.0102507
0 0.056902 0.345259 0.0170826 0.00848704
0 0.0237594 0.895802 0.0164517 0.0103576
0 0.95094 0.13717 0.00596406 0.0125712
0 0.0911162 0.86079 0.015368 0.00953387
0 0.022687 0.209604 0.0165831 0.00946763
0 0.0564344 0.623116 0.0155686 0.0113889
0 0.158567 0.140991 0.0155989 0.00921762
0 0.0565842 0.689645 0.0178205 0.0101982
0 0.0234233 0.741494 0.0191605 0.00987344
0 0.0901927 0.260053 0.0150675 0.00984026
0 0.15846 0.345406 0.0166271 0.00896857
0 0.158569 0.895812 0.0170836 0.0107893
0 0.159262 0.69004 0.0179743 0.0106242
0 0.056851 0.877491 0.0188589 0.0105788
0 0.158546 0.124336 0.0164018 0.0103863
0 0.0560107 0.708387 0.0154986 0.0101368
0 0.0231653 0.725142 0.0167496 0.00932362
0 0.0556955 0.673173 0.0190718 0.0101566
0 0.0564602 0.193265 0.0163266 0.0104369
0 0.091878 0.895407 0.016261 0.0103512
0 0.192826 0.260506 0.0150038 0.00996494
0 0.159017 0.225767 0.0164315 0.0103608
0 0.159279 0.928825 0.0174792 0.0102861
0 0.125194 0.826979 0.0188499 0.0103343
0 0.125084 0.741609 0.0185128 0.00971866
0 0.0566303 0.604687 0.0158368 0.0093522
0 0.125794 0.192436 0.0158907 0.00974191
0 0.126133 0.0559221 0.0162693 0.00963356
0 0.158873 0.243533 0.0145517 0.00854219
0 0.0911688 0.792658 0.016962 0.0108404
0 0.950976 0.183983 0.00576207 0.012135
0 0.0563132 0.74096 0.0182763 0.0102904
0 0.125295 0.174617 0.0179916 0.0111578
0 0.0558775 0.89573 0.0167505 0.011116
0 0.124673 0.362466 0.016799 0.00977832
0 0.951 0.25411 0.00571229 0.0125204
0 0.193104 0.34542 0.0145061 0.00945851
0 0.0912077 0.361937 0.0156928 0.00975274
0 0.0570691 0.928711 0.0171286 0.0098386
0 0.988078 0.371244 0.0073638 0.0129063
0 0.193227 0.0733362 0.0168161 0.0095396
0 0.192968 0.707876 0.0147463 0.00922681
0 0.193519 0.362379 0.0163971 0.00928629
0 0.950937 0.0900266 0.0055709 0.0121208
0 0.0235513 0.294738 0.0166605 0.00954212
0 0.192642 0.690101 0.0155889 0.0100265
0 0.19315 0.860539 0.0139415 0.00930155
0 0.193039 0.108079 0.0145377 0.0090559
0 0.125598 0.32844 0.0176325 0.0100033
0 0.0237545 0.260446 0.0167986 0.0104957
0 0.0235847 0.34586 0.0175364 0.00989626
0 0.158415 0.622526 0.0162362 0.00961072
0 0.158541 0.775283 0.0184622 0.0105784
0 0.192452 0.911973 0.0164498 0.0103042
0 0.159053 0.860613 0.0172393 0.00927209
0 0.1259 0.141389 0.0169409 0.00967059
0 0.951032 0.207597 0.00596212 0.0120943
0 0.951244 0.347797 0.00592616 0.0131127
0 0.125847 0.929305 0.0193703 0.00894828
1 0.114625 0.158478 0.00474891 0.010958
0 0.193526 0.758407 0.0138614 0.0100221
0 0.056467 0.860734 0.0182268 0.0100911
0 0.125043 0.861029 0.0179955 0.0101285
0 0.0910255 0.0900007 0.0172594 0.0115606
0 0.193235 0.878171 0.0152479 0.00954081
0 0.0237627 0.243605 0.0169641 0.00968051
0 0.1254 0.107778 0.0157817 0.00885121
0 0.0914956 0.708091 0.0158597 0.0102582
0 0.0235625 0.673897 0.0170667 0.0100966
0 0.192155 0.605405 0.015549 0.00985336
0 0.0906937 0.877448 0.0163986 0.0104982
0 0.159305 0.25987 0.0162714 0.00881959
0 0.193194 0.1412 0.0132936 0.00923709
0 0.158395 0.209545 0.016259 0.00979894
1 0.0671017 0.209262 0.00421655 0.0100065
0 0.125743 0.895798 0.0160163 0.0105111
1 0.067098 0.192988 0.00400086 0.0100415
0 0.0233678 0.36205 0.0178499 0.0100471
1 0.13586 0.073148 0.00469786 0.0105316
0 0.988109 0.277461 0.00660849 0.0128012
0 0.158762 0.673101 0.0170191 0.00916434
0 0.125526 0.345862 0.0165369 0.0101851
1 0.0666355 0.328663 0.00291073 0.0104711
0 0.124818 0.758766 0.0174796 0.00935958
0 0.0234911 0.0389265 0.017089 0.00918682
1 0.0672108 0.174978 0.00404274 0.00991945
0 0.951165 0.30078 0.0060613 0.0128078
0 0.0904026 0.690535 0.0167041 0.00990927
0 0.0231259 0.861081 0.0177209 0.00987544
1 0.169091 0.0900446 0.00425443 0.0101833
1 0.135914 0.0562896 0.00460309 0.0104239
0 0.125921 0.708111 0.0165144 0.0109369
0 0.0228706 0.107984 0.0150971 0.0087052
0 0.023344 0.158464 0.0164523 0.00942671
1 0.183173 0.209722 0.0027839 0.00946206
1 0.135703 0.226337 0.00457654 0.0112479
0 0.0236737 0.708839 0.0154152 0.0105481
0 0.125673 0.0389429 0.0159003 0.00943881
0 0.988229 0.348147 0.00701867 0.0127459
0 0.951048 0.277657 0.00546271 0.012996
0 0.0906809 0.604863 0.0159343 0.008689
0 0.159589 0.844021 0.0174909 0.00947583
1 0.0672803 0.107096 0.00404814 0.0102676
1 0.135924 0.328623 0.00424529 0.0109572
0 0.950909 0.0668864 0.00532369 0.0123873
0 0.125221 0.158318 0.0175347 0.010207
1 0.168528 0.328627 0.00340663 0.0100061
0 0.0921757 0.928964 0.0197432 0.00922062
0 0.158889 0.0388399 0.0159768 0.00929812
1 0.0668491 0.141184 0.00332424 0.00977391
0 0.963952 0.254441 0.00570747 0.0115537
1 0.135999 0.243836 0.00402868 0.0106834
1 0.135466 0.759155 0.00497901 0.0106464
1 0.135627 0.158358 0.00485151 0.0110823
0 0.0564164 0.758827 0.019702 0.0117717
0 0.417526 0.303868 0.0121236 0.00768455
0 0.0563011 0.656077 0.0184037 0.00968076
1 0.18307 0.0389581 0.00435532 0.0111561
0 0.963942 0.301335 0.00557721 0.0122823
1 0.0665255 0.226015 0.00388694 0.0111738
0 0.193575 0.656398 0.0132095 0.00911531
1 0.136066 0.191945 0.0041204 0.0100141
1 0.0667872 0.157805 0.00396344 0.0093623
1 0.0817217 0.209609 0.00257486 0.0101378
0 0.023169 0.758936 0.0184856 0.00982929
1 0.168443 0.056104 0.00402785 0.00955593
0 0.951326 0.370929 0.00617399 0.0129175
0 0.0236405 0.328744 0.0168071 0.0103865
0 0.535783 0.303417 0.0123608 0.00645816
1 0.135475 0.860647 0.00496894 0.0106379
0 0.0235257 0.0562706 0.0162919 0.00961152
0 0.298199 0.302906 0.0117196 0.00573952
1 0.114675 0.0561581 0.00473741 0.010839
0 0.124928 0.775425 0.0176032 0.0115325
0 0.09146 0.844144 0.0158377 0.00965
1 0.135278 0.673031 0.00515312 0.0103719
0 0.298467 0.0596799 0.0120321 0.00562723
1 0.114124 0.861199 0.00415218 0.0110783
1 0.18296 0.0565333 0.00403923 0.0109084
1 0.114301 0.673554 0.004179 0.0108334
0 0.0908023 0.673489 0.0162443 0.0106719
1 0.16828 0.158274 0.00402155 0.00904577
1 0.114222 0.345892 0.00478884 0.0108917
1 0.0812732 0.158936 0.00404167 0.0110642
0 0.0234737 0.19322 0.0157112 0.0106807
0 0.193186 0.895888 0.016592 0.0106325
0 0.989209 0.745946 0.00589283 0.0130545
0 0.988067 0.044073 0.0054467 0.0117516
1 0.169336 0.294905 0.00476848 0.0100961
1 0.0667533 0.0728302 0.00428341 0.00944689
1 0.182766 0.362797 0.00491891 0.00954819
0 0.0563107 0.0390658 0.0155247 0.00959501
1 0.114009 0.243974 0.00404027 0.0115875
0 0.963869 0.231121 0.00549948 0.0120531
