2 0.63443 0.404636 0.0245017 0.0484225
0 0.224189 0.254787 0.00844722 0.0153221
0 0.919368 0.0880487 0.00746824 0.0148375
1 0.0498162 0.424059 0.0153052 0.0139734
2 0.922149 0.861362 0.108868 0.106427
2 0.341416 0.527459 0.0185655 0.0491781
2 0.327095 0.0310326 0.0199592 0.0474183
0 0.683058 0.051728 0.026091 0.0492335
0 0.64657 0.542843 0.0131657 0.0235474
0 0.135761 0.716949 0.0152135 0.0255914
0 0.919524 0.117511 0.00721503 0.013964
0 0.38465 0.630626 0.00845277 0.015342
0 0.224212 0.29248 0.00842607 0.016259
0 0.41996 0.669601 0.00820388 0.0151128
0 0.534716 0.663812 0.0269122 0.015338
0 0.747485 0.816226 0.040775 0.0488
0 0.618599 0.643116 0.0154567 0.0249472
0 0.337184 0.840306 0.0501449 0.0266522
0 0.723537 0.0671081 0.0259712 0.0152548
0 0.865404 0.408149 0.00882765 0.0153031
0 0.69433 0.457653 0.00878862 0.0165341
0 0.690015 0.417035 0.0156225 0.00848604
0 0.981571 0.737827 0.0145149 0.0254757
2 0.894015 0.329978 0.0165195 0.0335107
0 0.356117 0.481376 0.00934817 0.0162419
0 0.542089 0.613485 0.0154212 0.0261429
0 0.420649 0.703627 0.0447502 0.0250363
0 0.715327 0.114533 0.0448919 0.0261166
0 0.286904 0.141703 0.0159125 0.00875418
0 0.981875 0.779182 0.0128421 0.0234911
0 0.668918 0.546066 0.0135079 0.0248668
0 0.0618749 0.253487 0.0166221 0.0102503
0 0.528296 0.427034 0.00874685 0.0160179
0 0.485232 0.624718 0.00841941 0.0158922
1 0.433431 0.658508 0.00287294 0.00931668
0 0.623621 0.552165 0.0139191 0.0245264
0 0.662658 0.643351 0.014587 0.024904
2 0.0329571 0.434782 0.0189739 0.0329906
0 0.154922 0.437048 0.0302639 0.019207
0 0.737504 0.291063 0.00850321 0.0158985
1 0.612561 0.420019 0.0192511 0.0107483
0 0.684823 0.643738 0.0145009 0.0247776
1 0.0198221 0.349218 0.0236918 0.0205911
0 0.167455 0.240945 0.00842628 0.0161354
0 0.444094 0.658903 0.0167789 0.00857638
1 0.612976 0.387817 0.0195875 0.00965712
0 0.600374 0.559841 0.0133725 0.0248656
0 0.738069 0.25458 0.00843204 0.0157137
0 0.419052 0.428481 0.0151206 0.00826507
0 0.497595 0.528889 0.00891804 0.0161431
0 0.563898 0.618275 0.0156078 0.0247729
0 0.641426 0.48344 0.023998 0.0125731
0 0.834967 0.0658225 0.0089469 0.0155582
1 0.683213 0.0825171 0.0273919 0.0115393
0 0.597705 0.0257064 0.0238447 0.0133354
0 0.641593 0.506996 0.0254166 0.0142405
1 0.612928 0.404038 0.018396 0.0103673
0 0.757173 0.254343 0.0086563 0.0159826
0 0.418024 0.635195 0.00905024 0.0159908
0 0.64015 0.643596 0.0142012 0.0252591
0 0.274579 0.806831 0.00863344 0.0157465
1 0.657893 0.419501 0.0201857 0.011267
0 0.524611 0.327468 0.00837526 0.0158072
1 0.306356 0.0476475 0.0220773 0.019292
0 0.625196 0.0818455 0.0133876 0.0245168
0 0.355479 0.809701 0.0250236 0.0137242
0 0.428273 0.120515 0.00909505 0.0159438
0 0.111596 0.68487 0.026312 0.0134377
0 0.469651 0.313098 0.00812346 0.0162378
0 0.159389 0.11931 0.0084652 0.0150856
0 0.79799 0.197864 0.0164696 0.0085513
1 0.41958 0.659456 0.0086653 0.00448965
0 0.848633 0.408488 0.00833317 0.0164281
0 0.394801 0.523644 0.00868144 0.0157529
0 0.905797 0.158148 0.0167513 0.00911011
0 0.768681 0.330463 0.0156802 0.00799761
0 0.736916 0.875529 0.0250478 0.0145012
0 0.921055 0.745939 0.00900406 0.0161809
0 0.321508 0.795716 0.0171312 0.00902776
0 0.689942 0.399121 0.015583 0.00847841
0 0.218739 0.63327 0.0261917 0.015029
0 0.50216 0.643327 0.00841044 0.0156698
0 0.230567 0.964677 0.052245 0.0282804
1 0.502177 0.653176 0.00999941 0.00344323
0 0.830215 0.754078 0.0539529 0.0289919
0 0.438197 0.60635 0.0154874 0.00832773
0 0.498809 0.779115 0.0147252 0.0252845
0 0.162755 0.401257 0.015058 0.00821714
0 0.404816 0.12798 0.0160073 0.00912982
0 0.588069 0.650251 0.0256074 0.0145609
1 0.657977 0.403885 0.0196102 0.0104767
0 0.718307 0.291177 0.00883821 0.0160569
0 0.0164317 0.484141 0.00937876 0.0170521
0 0.948536 0.729087 0.0258553 0.0147559
1 0.746844 0.784301 0.0525364 0.0140907
1 0.662884 0.62818 0.0161471 0.00452042
0 0.798211 0.783416 0.0238933 0.0123558
1 0.0632008 0.365344 0.0212607 0.019087
0 0.812947 0.34516 0.0085917 0.0165647
1 0.0628804 0.332736 0.0232556 0.021537
0 0.123057 0.404994 0.00864114 0.0157496
1 0.319682 0.543139 0.0245794 0.0214622
1 0.418056 0.64481 0.00965175 0.00372027
0 0.466937 0.606246 0.0157488 0.00876255
0 0.538483 0.226973 0.00901307 0.0169365
2 0.437693 0.871899 0.107472 0.108631
0 0.292227 0.806539 0.0092826 0.0169708
1 0.639747 0.628519 0.0163069 0.0047735
0 0.854876 0.0797021 0.00943162 0.0162818
0 0.32138 0.813601 0.0157231 0.00821135
3 0.748429 0.632679 0.0385405 0.068435
0 0.779024 0.254282 0.00961829 0.0169927
1 0.0496341 0.446422 0.0140019 0.0116584
0 0.690108 0.433057 0.0164255 0.00889969
1 0.982277 0.793919 0.0132045 0.00498756
0 0.514862 0.545794 0.00811458 0.0143929
0 0.922469 0.41354 0.016055 0.0087198
0 0.318412 0.481859 0.015565 0.00845712
2 0.0413784 0.347755 0.0196488 0.0484891
0 0.470007 0.275089 0.00832367 0.0158539
0 0.33512 0.426887 0.0144701 0.00787913
1 0.657718 0.388443 0.0199601 0.0105149
0 0.327383 0.744077 0.0248665 0.0138564
0 0.297435 0.426867 0.0148294 0.00799954
1 0.618897 0.628271 0.0167592 0.00465418
1 0.306034 0.0137288 0.0231584 0.0239853
1 0.684967 0.628345 0.0165004 0.00455025
1 0.263965 0.964392 0.0106249 0.0305136
1 0.865272 0.417785 0.00954969 0.00355076
0 0.328063 0.720927 0.0281763 0.0146639
0 0.457766 0.562316 0.0156935 0.0247028
1 0.683352 0.0189216 0.0291346 0.0114488
1 0.433979 0.676061 0.0035931 0.00923476
0 0.36945 0.73785 0.0248246 0.0139985
1 0.599921 0.544648 0.0152518 0.00564719
0 0.358493 0.651623 0.0163448 0.00821805
0 0.719633 0.536002 0.0160905 0.0084428
1 0.876126 0.341353 0.0168378 0.0069475
1 0.174968 0.437708 0.0095492 0.0242281
0 0.444086 0.676001 0.0163468 0.00885891
1 0.640999 0.658839 0.0161884 0.00504953
1 0.835215 0.0750467 0.00976825 0.00321559
1 0.349349 0.0309454 0.0237248 0.0212928
1 0.981083 0.72263 0.0163374 0.00418366
1 0.519372 0.66428 0.00420164 0.0170119
1 0.645876 0.527459 0.0154333 0.00551987
1 0.30444 0.84033 0.0117513 0.0316124
1 0.277044 0.141691 0.00292534 0.00932259
0 0.0616919 0.269926 0.0175335 0.00908101
0 0.288363 0.1586 0.0158846 0.00795335
1 0.497513 0.519404 0.00966072 0.00325275
0 0.694365 0.487546 0.0155678 0.00795292
1 0.747247 0.113559 0.0103882 0.0280149
1 0.0169496 0.435203 0.0143195 0.00967051
1 0.807939 0.197639 0.00364329 0.00921135
1 0.451598 0.703929 0.0124965 0.0272055
1 0.13434 0.437201 0.011084 0.0237936
1 0.912035 0.341122 0.0172961 0.00733916
1 0.747533 0.848313 0.052274 0.0120895
1 0.683311 0.113452 0.00980365 0.028869
1 0.541377 0.628054 0.0170204 0.00552387
1 0.291775 0.816058 0.0107564 0.00335543
1 0.662636 0.658922 0.0160843 0.00548353
1 0.361813 0.525842 0.0220085 0.019233
1 0.74832 0.589847 0.02857 0.0173886
1 0.123045 0.395454 0.00912076 0.00378318
1 0.729533 0.536165 0.0039197 0.00890801
1 0.796796 0.753163 0.0112681 0.031228
0 0.843422 0.265797 0.017216 0.00867618
1 0.167239 0.231161 0.00879205 0.00322442
1 0.197566 0.964863 0.0112517 0.0307393
1 0.542055 0.597793 0.0167096 0.00400399
1 0.63218 0.747244 0.00838233 0.038119
1 0.384693 0.621186 0.00864542 0.00311717
1 0.737512 0.0676763 0.00388255 0.0155091
1 0.38854 0.703655 0.0114063 0.0291188
2 0.961563 0.101389 0.0507983 0.0474685
1 0.331227 0.794952 0.00359251 0.00974886
1 0.618631 0.658478 0.0158894 0.00573111
1 0.707815 0.0671043 0.00401531 0.0163933
1 0.159353 0.128551 0.010182 0.00386185
1 0.699267 0.416986 0.00249219 0.00932515
1 0.686946 0.747751 0.00851015 0.0387435
2 0.627519 0.830737 0.175121 0.118376
1 0.855021 0.0894086 0.00974299 0.00343852
1 0.394137 0.703264 0.00783764 0.0280605
1 0.625162 0.0672136 0.0138428 0.00384107
1 0.919225 0.0974954 0.00807015 0.00264308
1 0.319082 0.51044 0.0254429 0.0222901
1 0.274778 0.816434 0.00957727 0.00394352
1 0.920956 0.928857 0.0933638 0.029576
1 0.848476 0.417905 0.00969496 0.00357781
1 0.684724 0.658556 0.0150308 0.0053215
1 0.737554 0.300241 0.00967814 0.00330162
1 0.645869 0.746972 0.00840891 0.0383978
1 0.549909 0.663544 0.00443005 0.0165179
1 0.875118 0.318714 0.0175561 0.00731184
1 0.051255 0.269845 0.00316636 0.00888108
1 0.61207 0.0254884 0.00538335 0.0153827
1 0.752541 0.875804 0.00480758 0.0162852
1 0.673227 0.747707 0.00837995 0.0407281
1 0.864035 0.752884 0.011117 0.0279811
1 0.911938 0.318137 0.0163703 0.00601578
1 0.572562 0.650147 0.00526034 0.0171194
1 0.22456 0.245514 0.00876206 0.00289052
1 0.618586 0.747626 0.00848626 0.0392246
1 0.718343 0.300853 0.00998925 0.00360014
1 0.646579 0.55756 0.0142401 0.00513508
1 0.3416 0.809516 0.0048466 0.0148635
1 0.499169 0.794087 0.0156486 0.00456794
1 0.308632 0.481584 0.00324712 0.00975452
1 0.470307 0.284743 0.00979968 0.0035205
1 0.370324 0.809269 0.00421405 0.0147991
1 0.599593 0.574593 0.0153289 0.00407791
1 0.813216 0.354981 0.00933788 0.00332451
1 0.528128 0.416766 0.00936367 0.00396109
1 0.777811 0.330305 0.00225799 0.00871421
1 0.394933 0.127801 0.00307168 0.00949854
1 0.932629 0.413099 0.00406984 0.00931161
1 0.498641 0.76331 0.0170173 0.00523877
1 0.135677 0.732643 0.0167161 0.00569203
1 0.0514091 0.25352 0.0031653 0.0117871
1 0.428446 0.129971 0.00951601 0.00373113
1 0.384547 0.735893 0.00596631 0.0129924
1 0.58305 0.025741 0.00558709 0.0160024
1 0.538119 0.237348 0.0100542 0.00470537
1 0.87621 0.330636 0.0168997 0.00528013
1 0.368644 0.839632 0.00983954 0.0293727
1 0.016452 0.473757 0.00999345 0.00354535
1 0.625067 0.0964345 0.0143993 0.00432086
2 0.95798 0.242498 0.0753375 0.0891995
1 0.943882 0.0644815 0.00628687 0.0236229
1 0.701147 0.911447 0.00863335 0.0377346
1 0.619294 0.911324 0.00814388 0.0401168
1 0.982219 0.753444 0.0153557 0.00415039
1 0.700895 0.747162 0.00882377 0.0383455
0 0.250837 0.81438 0.01155 0.00923032
1 0.673984 0.911446 0.00881745 0.0398524
1 0.355161 0.738335 0.00334167 0.0152056
1 0.538773 0.216516 0.00966719 0.00433689
1 0.0957662 0.684378 0.00482483 0.0148227
1 0.72291 0.874898 0.00406909 0.0180888
1 0.659534 0.747063 0.00811005 0.0395477
1 0.699043 0.399211 0.00283645 0.00885354
1 0.757208 0.244659 0.0088763 0.00421935
1 0.68723 0.912351 0.00834968 0.0384111
1 0.911856 0.331669 0.0171987 0.00608128
1 0.81694 0.933189 0.0706991 0.0170486
1 0.911915 0.330702 0.0165639 0.00583264
1 0.963861 0.727811 0.00440097 0.0150185
1 0.384509 0.737677 0.0051893 0.0153182
1 0.9816 0.763655 0.0147955 0.00532963
1 0.85425 0.265328 0.00434644 0.00902059
1 0.457839 0.546063 0.0164449 0.00676421
1 0.449132 0.606165 0.00375426 0.00805345
1 0.955025 0.0640909 0.00594805 0.0255216
1 0.577262 0.747397 0.008353 0.038126
1 0.632296 0.911717 0.00844643 0.0407582
1 0.895205 0.158423 0.00303819 0.0102348
1 0.436675 0.934565 0.0870131 0.0169146
1 0.563813 0.747353 0.00848507 0.0392539
1 0.224358 0.301712 0.00946795 0.00359307
1 0.943544 0.139058 0.00715756 0.0248059
1 0.977181 0.0638312 0.00764672 0.0255518
1 0.0165098 0.494622 0.0108567 0.00392592
1 0.646116 0.911877 0.00796521 0.0381632
1 0.959967 0.776539 0.0114413 0.0487473
1 0.135808 0.70141 0.0176463 0.00525809
1 0.940975 0.781 0.0133309 0.0570459
1 0.457004 0.605963 0.00302803 0.00841603
1 0.699177 0.432924 0.00351953 0.0105685
1 0.965926 0.0642084 0.00620295 0.0265872
1 0.153019 0.4017 0.00334275 0.00905265
1 0.954894 0.139399 0.00646791 0.0256815
1 0.409784 0.428547 0.00254894 0.0092982
1 0.591124 0.746671 0.00832117 0.0379973
1 0.39465 0.53365 0.0098704 0.00458639
1 0.524857 0.317191 0.0101832 0.00364757
1 0.623231 0.566528 0.0150773 0.00348401
1 0.737712 0.245398 0.00814244 0.00290292
1 0.628518 0.483214 0.00361014 0.0148481
1 0.307546 0.426142 0.00375082 0.00809663
1 0.564504 0.911492 0.00842354 0.0396088
1 0.981829 0.752577 0.015955 0.00488469
1 0.564129 0.604239 0.0164263 0.00520919
1 0.934021 0.728626 0.00397229 0.0168895
0 0.882515 0.760278 0.0127297 0.0269129
1 0.628254 0.506879 0.00388086 0.0158655
1 0.60497 0.747114 0.00786353 0.0389254
1 0.348769 0.651708 0.00356412 0.00957739
1 0.591281 0.911767 0.00817633 0.0385294
1 0.605289 0.911768 0.00871683 0.0378472
1 0.660086 0.912024 0.00958352 0.037369
2 0.752465 0.415458 0.0819507 0.0699185
1 0.56468 0.605287 0.0169046 0.0046675
0 0.199847 0.186026 0.00867063 0.0176499
1 0.577399 0.911615 0.00861859 0.0383604
1 0.470077 0.323082 0.0098417 0.00367052
1 0.748288 0.676239 0.0270099 0.0180603
0 0.851926 0.783404 0.0232499 0.011987
