2 0.406675 0.472335 0.0804211 0.0659323
2 0.572004 0.835877 0.0864704 0.0809452
0 0.589976 0.755998 0.0512965 0.0250673
0 0.59027 0.719867 0.0516411 0.0262718
0 0.225932 0.36632 0.00809902 0.0153976
0 0.156584 0.360748 0.0150379 0.00791537
0 0.24058 0.418583 0.00890708 0.0158019
0 0.950317 0.36393 0.0257201 0.0132351
0 0.0686727 0.087386 0.00857088 0.0163536
0 0.95023 0.746749 0.0249701 0.0127427
0 0.345481 0.29887 0.0326276 0.0196973
0 0.270902 0.350766 0.00808594 0.0153887
0 0.0685464 0.231135 0.00868963 0.0159797
0 0.40933 0.575948 0.0511556 0.0267722
0 0.950297 0.449692 0.0256431 0.0134199
0 0.222601 0.418496 0.00797189 0.0153332
0 0.0303134 0.681892 0.0255579 0.0485976
0 0.345772 0.333128 0.0320257 0.0191842
0 0.950319 0.832136 0.0251172 0.0131967
1 0.949109 0.154879 0.0310235 0.0116391
0 0.950644 0.278568 0.0245059 0.0122311
0 0.253903 0.372393 0.00883912 0.0160174
0 0.204171 0.418248 0.00916468 0.0162531
0 0.946621 0.926017 0.0233763 0.012299
0 0.952303 0.628703 0.0124092 0.0241431
0 0.0910486 0.293947 0.0152417 0.00769052
0 0.205862 0.0630364 0.0160689 0.00880215
0 0.205063 0.201152 0.0158049 0.00824225
0 0.9491 0.123312 0.0283888 0.05256
0 0.188345 0.270161 0.00901776 0.0159678
1 0.087325 0.558561 0.0280337 0.010138
0 0.950844 0.577069 0.0247047 0.0129006
0 0.0596959 0.293765 0.0150851 0.00731646
0 0.207852 0.882792 0.0133122 0.0239804
1 0.396099 0.520725 0.0127373 0.0288405
0 0.603309 0.114045 0.051734 0.0274654
0 0.9503 0.49094 0.0248257 0.012868
0 0.087605 0.589369 0.0262311 0.0522882
0 0.950464 0.874649 0.0244031 0.0131714
0 0.950799 0.53378 0.0241458 0.0131454
0 0.950451 0.320909 0.0247872 0.0135226
0 0.251074 0.882756 0.0129498 0.0250378
0 0.193514 0.361041 0.0145623 0.00814897
0 0.950575 0.406258 0.0240862 0.0133382
0 0.228745 0.883027 0.013587 0.0240276
0 0.03442 0.0872665 0.00810815 0.0157036
0 0.170663 0.138763 0.00861168 0.0163897
0 0.268968 0.225204 0.0158188 0.00826698
1 0.571359 0.113444 0.0111525 0.0310765
1 0.418126 0.520306 0.0140122 0.0269813
0 0.0758348 0.382578 0.00891664 0.0160122
0 0.949764 0.789997 0.025212 0.0128612
1 0.374692 0.520119 0.0147576 0.0282099
0 0.214293 0.231155 0.0159878 0.00850756
0 0.124723 0.452503 0.0144976 0.0260949
1 0.55889 0.755221 0.0107708 0.0293567
1 0.514649 0.83374 0.0237689 0.0416474
1 0.443028 0.576851 0.0128538 0.0282922
0 0.193016 0.377729 0.0161833 0.00988351
0 0.314828 0.43309 0.0173819 0.00882011
0 0.0399491 0.382463 0.00912929 0.0158345
0 0.945088 0.975745 0.024029 0.012347
1 0.214834 0.201336 0.00334167 0.00923524
1 0.636509 0.113593 0.0122576 0.0304124
0 0.172386 0.0706663 0.00814993 0.0169143
0 0.0340837 0.230991 0.008814 0.0160455
1 0.0301829 0.6513 0.027984 0.0121143
1 0.62944 0.833908 0.0236552 0.0400526
1 0.378264 0.575415 0.0118005 0.0302899
1 0.36594 0.298685 0.00983538 0.0217531
1 0.324732 0.333157 0.00862359 0.0223786
0 0.0999249 0.452733 0.0126685 0.0247863
1 0.0870977 0.621739 0.0280219 0.0111142
0 0.178427 0.597212 0.0231971 0.0133629
0 0.177659 0.572589 0.0259099 0.0143812
1 0.366591 0.3333 0.00941599 0.0223276
1 0.965557 0.832272 0.00533582 0.0148635
1 0.559013 0.719548 0.0108855 0.0283811
1 0.965981 0.449762 0.00547096 0.0146565
0 0.205113 0.132513 0.0164656 0.00865858
1 0.62362 0.756268 0.0125961 0.0315232
0 0.234945 0.329493 0.00787555 0.014987
0 0.417864 0.336613 0.0163925 0.00885813
1 0.96579 0.363943 0.00528454 0.0146432
1 0.948501 0.0902864 0.0285441 0.0119363
0 0.111417 0.383169 0.00798425 0.0155463
1 0.0303879 0.713943 0.0297189 0.0127926
1 0.965388 0.746841 0.00510381 0.0142892
0 0.430339 0.359061 0.0158126 0.00837423
1 0.170473 0.128728 0.00935906 0.00348347
0 0.156189 0.3802 0.0242175 0.0129256
1 0.624059 0.71976 0.0128353 0.0291278
1 0.952495 0.613542 0.0148468 0.00480533
1 0.439273 0.520094 0.0135293 0.0281021
1 0.96595 0.278427 0.00523939 0.0139538
1 0.216151 0.062984 0.00365606 0.00927067
1 0.183067 0.378297 0.0030996 0.0116607
1 0.518402 0.428173 0.0610335 0.0185223
1 0.324307 0.2986 0.00777282 0.0233587
1 0.51875 0.565007 0.0597272 0.0208388
1 0.965463 0.534049 0.00506354 0.0147075
1 0.965381 0.490777 0.00526141 0.0145738
1 0.95285 0.643572 0.0144593 0.00483553
1 0.965532 0.576892 0.00450966 0.0142801
0 0.257455 0.418468 0.00831652 0.015263
1 0.935373 0.490665 0.00569415 0.0158703
1 0.192593 0.596963 0.00489061 0.0143921
1 0.068653 0.221259 0.00912306 0.00369036
1 0.253761 0.362566 0.0101312 0.003685
1 0.214983 0.132185 0.00318813 0.00996995
2 0.517457 0.495196 0.0966989 0.117063
1 0.184053 0.361025 0.0025465 0.00940238
1 0.0685428 0.097033 0.0101138 0.0037534
1 0.19285 0.5723 0.00432518 0.015959
1 0.223706 0.230925 0.00329685 0.00936686
1 0.549794 0.185082 0.0612198 0.0324058
1 0.932552 0.925704 0.00420023 0.0137315
1 0.965538 0.320894 0.00495073 0.0144812
5 0.553401 0.278701 0.124488 0.14016
1 0.93499 0.78947 0.00476443 0.0143922
1 0.935421 0.406347 0.00532557 0.0155053
1 0.325187 0.43287 0.00357059 0.0106327
1 0.965183 0.874713 0.00477957 0.0148284
1 0.0814708 0.293859 0.00341049 0.00917507
1 0.277877 0.225244 0.00275803 0.00901525
1 0.935111 0.321177 0.00493097 0.0154043
1 0.935158 0.533751 0.00540824 0.015311
1 0.964728 0.78982 0.00462485 0.0142811
1 0.0341705 0.0969598 0.00971265 0.00374094
1 0.0504454 0.294106 0.00295286 0.00932346
1 0.235135 0.338834 0.00895397 0.00362834
1 0.965172 0.40633 0.00490495 0.0143445
1 0.55059 0.180745 0.0611942 0.0231709
1 0.192127 0.572258 0.00408143 0.0155139
2 0.149415 0.767276 0.156572 0.16652
1 0.549683 0.365349 0.0618078 0.0216028
1 0.240663 0.408955 0.00923347 0.00412034
1 0.222526 0.409135 0.00818062 0.00418222
1 0.0191937 0.376279 0.00888906 0.0101907
1 0.935753 0.576752 0.00566983 0.0158168
1 0.44027 0.359063 0.00450022 0.0102155
1 0.300914 0.488189 0.0590696 0.0214896
1 0.935409 0.831644 0.00536096 0.0147219
1 0.166948 0.361378 0.00372571 0.00845349
1 0.935102 0.363508 0.00482972 0.0153731
1 0.935203 0.449504 0.00497318 0.015427
1 0.935438 0.874869 0.00483847 0.0143962
1 0.148211 0.678529 0.0655094 0.0251415
1 0.935408 0.746226 0.00537854 0.0147858
1 0.0302893 0.711881 0.0278078 0.0124023
1 0.149816 0.862837 0.0611082 0.0159027
1 0.935381 0.278021 0.00544163 0.0156539
1 0.0338451 0.222126 0.00931549 0.00261336
1 0.225383 0.35674 0.00858516 0.00338376
1 0.0403689 0.372196 0.0093098 0.00331982
0 0.316555 0.991078 0.0122459 0.0143062
1 0.257452 0.409536 0.00822056 0.00293647
1 0.270232 0.341392 0.00806127 0.00378215
0 0.253591 0.990962 0.0137837 0.0137396
0 0.166902 0.990636 0.0140676 0.0126628
1 0.215562 0.0630152 0.00315189 0.0102289
1 0.419255 0.359542 0.00402485 0.00941358
1 0.124819 0.435973 0.0160607 0.00573812
1 0.172492 0.0808838 0.0095813 0.00345286
