0 0.315587 0.26689 0.0326455 0.0202634
0 0.459056 0.778112 0.0120167 0.0234811
0 0.066123 0.410941 0.0236529 0.0126414
0 0.614439 0.720307 0.013745 0.0245125
0 0.423034 0.778488 0.0123873 0.0240717
0 0.555091 0.763281 0.0114017 0.0242967
0 0.318135 0.300754 0.0315311 0.0190061
0 0.92638 0.348494 0.0259009 0.013809
0 0.656181 0.574781 0.0231281 0.0136898
0 0.725608 0.719679 0.0203373 0.0318654
0 0.0885992 0.564235 0.0140355 0.0275929
0 0.120177 0.420829 0.0268426 0.0131871
0 0.441382 0.812756 0.023961 0.0122337
0 0.76977 0.693971 0.0124662 0.0241187
0 0.627124 0.832119 0.0121367 0.0225696
0 0.0470488 0.444592 0.0120868 0.0242252
0 0.926461 0.369456 0.0247195 0.0137313
5 0.274136 0.570573 0.263092 0.275181
0 0.0634021 0.377478 0.0138337 0.0263554
0 0.587078 0.938724 0.012054 0.0247459
0 0.458718 0.911427 0.0505016 0.0219219
0 0.15287 0.452695 0.0232447 0.0231763
0 0.65596 0.532362 0.022973 0.0130236
0 0.51709 0.792877 0.0249815 0.0130818
0 0.770422 0.977702 0.0122848 0.0246148
0 0.345695 0.861834 0.0506825 0.0242305
0 0.575479 0.463564 0.0221157 0.0130831
1 0.296186 0.300781 0.010386 0.025168
0 0.429275 0.672921 0.0232208 0.0249734
1 0.626825 0.817383 0.0132312 0.0063611
0 0.629501 0.940409 0.0130319 0.0237776
3 0.364752 0.933657 0.0660316 0.0361645
1 0.42318 0.793266 0.0143689 0.00489451
0 0.104361 0.514027 0.0216923 0.0228729
1 0.942138 0.368968 0.00570228 0.0158037
1 0.458737 0.792418 0.0143515 0.00513421
1 0.942035 0.348411 0.00680211 0.0160198
1 0.339341 0.3013 0.00813318 0.0243157
1 0.314123 0.861995 0.0117297 0.0283354
2 0.0781909 0.672773 0.0185028 0.0440438
1 0.614431 0.704912 0.014302 0.00519687
0 0.51679 0.771919 0.0249633 0.0124969
0 0.685184 0.44192 0.0240515 0.0141511
1 0.554964 0.777924 0.0142356 0.00428491
1 0.294329 0.26705 0.00836741 0.0230313
1 0.378121 0.862477 0.0115778 0.0287611
1 0.614441 0.73676 0.0156138 0.00663063
0 0.678341 0.719151 0.014409 0.0261924
1 0.489877 0.911084 0.0110758 0.0303583
1 0.426617 0.812334 0.00597322 0.0134998
1 0.589546 0.46322 0.00510738 0.0142149
1 0.136942 0.420494 0.00572896 0.0146944
0 0.586495 0.810441 0.0135815 0.0256592
0 0.400325 0.46895 0.0212947 0.021829
1 0.423047 0.763175 0.0135186 0.0059538
1 0.0888329 0.581213 0.0152889 0.0049107
0 0.770399 0.537019 0.0130463 0.0254951
1 0.0507724 0.410536 0.00517939 0.0141802
1 0.554692 0.747211 0.0125687 0.0057001
0 0.172711 0.432422 0.0248058 0.0256102
1 0.103873 0.420991 0.00540038 0.0144528
1 0.323881 0.932787 0.0133523 0.0273888
1 0.341533 0.907939 0.0117074 0.0112153
1 0.627383 0.846792 0.0137384 0.00462917
1 0.0628412 0.361414 0.0139615 0.00507236
1 0.0807572 0.411391 0.00475992 0.0136139
1 0.25591 0.392603 0.0103985 0.0112839
1 0.459462 0.763054 0.0133066 0.00568903
0 0.374261 0.452391 0.0198587 0.0216413
1 0.41935 0.68327 0.0112059 0.0130616
1 0.456257 0.812278 0.00508499 0.0135135
1 0.260394 0.43262 0.0134145 0.01353
1 0.107947 0.476712 0.0105536 0.011483
0 0.28548 0.398948 0.0206793 0.0215782
1 0.336582 0.266522 0.00903333 0.0252637
1 0.911349 0.369469 0.0057812 0.0144075
1 0.629476 0.956134 0.0150545 0.00502821
1 0.208446 0.377685 0.0117943 0.00936433
1 0.72604 0.699166 0.024566 0.00643139
1 0.31968 0.932421 0.0165791 0.0286789
1 0.226718 0.397037 0.00922081 0.0104055
1 0.19272 0.392877 0.0114127 0.0121641
1 0.76967 0.708686 0.0133643 0.00518105
1 0.72596 0.739012 0.0242073 0.00689722
1 0.385312 0.464079 0.012892 0.0141871
9 0.119867 0.468286 0.0211837 0.0213928
0 0.353984 0.262556 0.00641391 0.00784324
0 0.637853 0.724318 0.0114267 0.0203849
1 0.587693 0.955075 0.0154502 0.00695644
0 0.40975 0.423283 0.0312985 0.0301551
1 0.50267 0.793206 0.00346687 0.0140235
0 0.0897994 0.497443 0.0181732 0.0203458
0 0.379117 0.262436 0.00635654 0.00753467
1 0.587568 0.923176 0.0135314 0.00596081
0 0.377959 0.454273 0.0156704 0.0188522
1 0.586326 0.825137 0.0158885 0.0040634
0 0.103584 0.513995 0.0244026 0.0298506
1 0.191134 0.660479 0.0273049 0.0256376
0 0.410734 0.659766 0.0235996 0.0246391
1 0.0577106 0.686613 0.024138 0.0190559
1 0.221381 0.690727 0.0266038 0.0251828
1 0.197859 0.666393 0.0251353 0.0257854
1 0.910916 0.348378 0.00508524 0.0149753
0 0.280252 0.403885 0.0169833 0.0157227
1 0.76974 0.678468 0.0145463 0.00643464
1 0.679022 0.735871 0.0165243 0.00640037
1 0.207175 0.675061 0.0267608 0.0230808
1 0.286408 0.43982 0.0107112 0.0174527
1 0.213076 0.41476 0.0109833 0.00859604
1 0.103902 0.481096 0.0187099 0.0155671
1 0.0471958 0.428253 0.0138934 0.00636851
1 0.214266 0.684678 0.026121 0.0251252
0 0.448286 0.833378 0.0110254 0.00993141
1 0.167148 0.63469 0.0228909 0.0238824
1 0.0396999 0.68752 0.00920521 0.0258689
1 0.16064 0.628038 0.0240541 0.0249642
1 0.194715 0.663825 0.0248828 0.0246194
1 0.284543 0.435409 0.0136852 0.020651
1 0.156263 0.624628 0.02329 0.0219884
0 0.0987039 0.506461 0.0230733 0.0301995
1 0.176968 0.409063 0.0119675 0.0130964
0 0.264154 0.383648 0.0221872 0.0210092
1 0.175467 0.644232 0.0235471 0.0227032
1 0.152836 0.621245 0.0243872 0.0223708
