0 0.715322 0.862333 0.0251352 0.0490908
0 0.358865 0.580785 0.0224372 0.0119822
0 0.0593731 0.708647 0.0253858 0.0128031
1 0.715262 0.894388 0.0306449 0.0130681
0 0.0598016 0.23982 0.0249351 0.0126478
0 0.209058 0.325193 0.024706 0.0124091
0 0.208621 0.79357 0.0249251 0.013315
0 0.284699 0.325545 0.0243943 0.0126412
0 0.28454 0.24004 0.0244408 0.012278
0 0.359151 0.325351 0.0231093 0.0120772
0 0.0577872 0.353567 0.0126611 0.0232974
2 0.45543 0.493092 0.0494516 0.0199204
0 0.209073 0.410094 0.024847 0.0129292
0 0.0591945 0.15361 0.0238938 0.0119458
0 0.134933 0.325694 0.0247091 0.012501
0 0.284594 0.496223 0.0250003 0.0132835
0 0.284056 0.7937 0.0245242 0.012836
0 0.209057 0.495971 0.0249886 0.0128091
0 0.359478 0.240125 0.0233627 0.0119808
0 0.0591732 0.410826 0.0249115 0.0126397
0 0.359077 0.70882 0.0231698 0.0121522
0 0.363373 0.665228 0.0121555 0.0233456
0 0.209602 0.112127 0.0237766 0.0122191
0 0.210067 0.240407 0.0237314 0.0121894
0 0.135034 0.784783 0.0247917 0.0133533
0 0.35893 0.49586 0.0233899 0.0123329
0 0.134149 0.410347 0.0238462 0.0124866
0 0.358937 0.410369 0.0229785 0.0126795
0 0.134155 0.708243 0.024027 0.0121987
0 0.284625 0.410339 0.0249667 0.0131377
0 0.209186 0.537872 0.0242793 0.012299
0 0.134772 0.496171 0.0251113 0.0128446
0 0.359204 0.784983 0.0231834 0.0126157
0 0.35942 0.197775 0.0230417 0.0121359
1 0.714789 0.8304 0.0300143 0.0130461
0 0.0450549 0.0739757 0.012325 0.0233436
0 0.284403 0.154939 0.0239422 0.0122972
1 0.452173 0.385516 0.0288162 0.0114012
0 0.210242 0.0292329 0.0241015 0.0127416
0 0.0590631 0.793257 0.0250748 0.0132718
0 0.462278 0.630269 0.0126958 0.0238407
0 0.0598077 0.451478 0.0245636 0.0126617
0 0.284411 0.580895 0.0248357 0.0125196
0 0.134698 0.240276 0.0249489 0.0120266
0 0.060651 0.494832 0.0243586 0.012783
0 0.0598061 0.537852 0.0246984 0.0126311
1 0.472375 0.513949 0.0177884 0.0201888
0 0.134152 0.623484 0.0239177 0.0118692
0 0.21015 0.155178 0.0225476 0.0119061
0 0.209687 0.564707 0.0237142 0.0128453
0 0.359183 0.623671 0.0232441 0.0123882
0 0.28451 0.366944 0.0245271 0.0126
0 0.359345 0.112179 0.0232612 0.012133
0 0.0601922 0.197171 0.0244504 0.0129504
0 0.359278 0.282928 0.0230155 0.0118003
0 0.209498 0.197399 0.0233726 0.0125803
0 0.209116 0.452961 0.0241562 0.0125101
1 0.438281 0.513994 0.0184485 0.0218773
0 0.0596498 0.666248 0.0245784 0.0127571
0 0.461915 0.671428 0.012592 0.0240862
0 0.359295 0.15505 0.0231843 0.0121115
0 0.134037 0.750604 0.0245866 0.0122843
0 0.20945 0.282662 0.024226 0.0128095
0 0.358912 0.368188 0.0239655 0.0125862
0 0.932903 0.926569 0.0532233 0.0393198
0 0.059896 0.751105 0.0243119 0.0125787
0 0.135307 0.538372 0.0243199 0.0121992
0 0.28427 0.538867 0.0244966 0.0126195
0 0.451302 0.35228 0.0273961 0.0520525
0 0.20919 0.36707 0.0238441 0.012363
0 0.0595263 0.281527 0.0236995 0.0134226
0 0.291383 0.077135 0.0128331 0.0241092
0 0.359071 0.751546 0.0234103 0.0127061
0 0.284341 0.452908 0.0245734 0.0126537
0 0.359032 0.453 0.0241328 0.0124732
0 0.134427 0.196897 0.024566 0.0121256
0 0.134002 0.452939 0.0237335 0.0128441
0 0.462088 0.724067 0.0125517 0.0241793
0 0.13527 0.154834 0.0244644 0.0124094
0 0.284744 0.197553 0.0242399 0.0127235
0 0.210699 0.0767417 0.0237761 0.0121855
0 0.209481 0.602268 0.0241541 0.0127777
0 0.359353 0.538024 0.0233586 0.0124657
0 0.13473 0.282375 0.0245024 0.0127183
0 0.284075 0.750886 0.0249333 0.0128951
0 0.208925 0.750657 0.0244105 0.0129139
0 0.284966 0.282605 0.0242506 0.0123018
0 0.134528 0.579725 0.0245401 0.0121883
0 0.133774 0.367425 0.0237448 0.0119133
0 0.201964 0.647207 0.0119321 0.0231786
0 0.283545 0.111554 0.0230887 0.0121981
1 0.224355 0.793509 0.00577617 0.0147948
0 0.209373 0.711954 0.0243128 0.0130677
1 0.0582565 0.338908 0.0148433 0.00540461
0 0.366488 0.0774922 0.0119586 0.0240759
0 0.454796 0.433109 0.0259979 0.0136074
1 0.224719 0.410357 0.00605816 0.0146675
0 0.467464 0.585665 0.0242462 0.0124152
1 0.224501 0.496366 0.00567578 0.0146432
1 0.455434 0.470679 0.0210325 0.0234368
1 0.0755749 0.495268 0.00532481 0.0144348
1 0.0741986 0.793403 0.00527487 0.0143713
1 0.29967 0.496252 0.00555767 0.0151267
1 0.0744834 0.410967 0.00529459 0.0137749
1 0.462516 0.644675 0.014533 0.00399299
1 0.0747561 0.239689 0.00449803 0.013551
1 0.224317 0.112609 0.00526244 0.0144294
1 0.0749799 0.708508 0.0052435 0.0141146
1 0.0739225 0.153563 0.00462223 0.0135087
1 0.0749709 0.537965 0.00505317 0.0139457
1 0.224281 0.53791 0.00554472 0.0140282
1 0.224384 0.564787 0.00552354 0.0152846
1 0.462097 0.738553 0.0154316 0.00520256
1 0.0449924 0.0589747 0.0139517 0.00502418
1 0.0745545 0.197538 0.00504187 0.0140296
1 0.224586 0.325286 0.00579351 0.0137121
1 0.29978 0.410644 0.0055319 0.0148316
1 0.224217 0.197566 0.00511909 0.0143548
1 0.0746494 0.451654 0.00490051 0.01364
1 0.0741532 0.666378 0.0049986 0.014442
1 0.224366 0.282899 0.00529736 0.014575
1 0.462307 0.708758 0.01597 0.00508737
1 0.120555 0.53831 0.00414208 0.0143597
1 0.269724 0.36678 0.0046695 0.0149045
1 0.269707 0.452501 0.00461162 0.0151658
1 0.299531 0.239748 0.00471128 0.0139887
1 0.269739 0.538046 0.00393004 0.0143299
1 0.482365 0.585414 0.00531825 0.0146787
1 0.119809 0.325142 0.00494722 0.0146898
1 0.119794 0.784902 0.00462675 0.015023
1 0.300172 0.325549 0.00513496 0.0139853
2 0.815842 0.926175 0.114773 0.0924623
1 0.224065 0.452898 0.00527458 0.014434
1 0.224141 0.711883 0.00494497 0.0138357
1 0.224028 0.750962 0.00503784 0.0140669
1 0.223661 0.154944 0.00418042 0.0135482
1 0.0746256 0.750979 0.00474134 0.014089
1 0.299485 0.581157 0.00549329 0.0148761
1 0.119225 0.452835 0.00479027 0.0147216
1 0.269732 0.154738 0.00455547 0.0147247
1 0.223948 0.366958 0.00506645 0.0139892
1 0.0441782 0.281715 0.00519287 0.0155233
1 0.119483 0.282028 0.00486451 0.0156061
1 0.0447221 0.538101 0.00555277 0.0148394
1 0.363655 0.650639 0.0141554 0.00473022
1 0.119533 0.410321 0.00462508 0.014032
1 0.269883 0.239702 0.00447345 0.0141084
1 0.299969 0.538353 0.00519255 0.0147097
1 0.965459 0.926958 0.011118 0.0461087
1 0.372985 0.581325 0.00517163 0.0136474
1 0.224421 0.602122 0.0053606 0.0144681
1 0.270111 0.28288 0.00493956 0.0144637
1 0.269231 0.581314 0.00451582 0.0145802
1 0.268924 0.7508 0.00445084 0.0149524
1 0.269288 0.495997 0.00479651 0.0151334
1 0.119605 0.496129 0.00468714 0.0145119
1 0.269243 0.793338 0.00387323 0.0147667
1 0.299716 0.197567 0.00533282 0.0146576
1 0.298984 0.793817 0.00532816 0.0144515
1 0.299647 0.154621 0.00493097 0.0138788
1 0.201615 0.662095 0.0141205 0.00565313
1 0.269654 0.410137 0.00463176 0.0151217
1 0.0739107 0.281625 0.00495854 0.0144856
1 0.119673 0.239865 0.00429382 0.0138065
1 0.0450931 0.0884335 0.0149169 0.00544428
1 0.270425 0.325053 0.00458489 0.0148879
1 0.0445768 0.708066 0.00538504 0.0153615
1 0.119579 0.58012 0.00452422 0.0145594
1 0.268888 0.111533 0.0040881 0.0136946
1 0.299895 0.36673 0.00476646 0.0143419
1 0.119438 0.707801 0.00458095 0.0139074
1 0.12041 0.154936 0.00368875 0.0146767
1 0.299611 0.282666 0.00505901 0.0145037
1 0.11917 0.197276 0.00505659 0.0146682
1 0.300119 0.452432 0.00537169 0.0145125
1 0.372614 0.496223 0.00485104 0.0135763
1 0.224752 0.240156 0.00556439 0.0133378
1 0.885794 0.925503 0.0199845 0.056047
1 0.119156 0.367004 0.00466967 0.0148387
1 0.0446953 0.196846 0.00563611 0.0141628
1 0.899571 0.926231 0.013957 0.0513982
1 0.150201 0.784959 0.00585279 0.0150829
1 0.439679 0.433038 0.00440538 0.0149212
1 0.119694 0.154507 0.00435856 0.0151331
1 0.372698 0.410596 0.00489019 0.0135784
1 0.0444593 0.153685 0.00539417 0.0148943
1 0.0441209 0.793134 0.0054615 0.0155142
1 0.452308 0.320165 0.0281376 0.0083711
1 0.0447405 0.666556 0.00524355 0.0147791
0 0.833456 0.15772 0.0086119 0.0103977
1 0.118759 0.750469 0.00524378 0.0149257
3 0.815533 0.92735 0.113912 0.0941211
1 0.0446563 0.7508 0.00502439 0.0150099
1 0.119572 0.623276 0.00400253 0.0137133
1 0.0449763 0.451627 0.00530543 0.0145619
1 0.0580528 0.368713 0.0151066 0.00595083
1 0.150273 0.325463 0.00535607 0.0137146
1 0.193682 0.537263 0.00566279 0.0146973
1 0.29916 0.751204 0.0054865 0.0152276
1 0.193703 0.452558 0.00563779 0.0143977
1 0.462788 0.615364 0.0155924 0.00537947
1 0.37309 0.751595 0.00500776 0.0139532
1 0.269615 0.197286 0.00467973 0.0145795
1 0.193578 0.79317 0.00548244 0.0150559
1 0.0443702 0.410643 0.00505396 0.0152234
1 0.0447174 0.23964 0.00504945 0.0143255
1 0.120121 0.579343 0.00393858 0.0136504
1 0.0452074 0.494843 0.0055543 0.0147711
1 0.150152 0.496252 0.00583517 0.0145268
1 0.15043 0.154437 0.00529211 0.0141866
1 0.19351 0.750091 0.00554329 0.0147073
1 0.150438 0.240044 0.00522144 0.0135381
1 0.372602 0.325273 0.00534858 0.0126619
1 0.346175 0.112482 0.00422096 0.0136799
1 0.345876 0.197982 0.00475014 0.0132936
1 0.462139 0.685557 0.0142319 0.00590302
1 0.291471 0.0913904 0.013585 0.00494963
1 0.372863 0.785349 0.00558006 0.0138545
1 0.193341 0.409662 0.00528925 0.0138506
1 0.15038 0.537609 0.00588208 0.0143151
1 0.372901 0.708823 0.00522304 0.0127339
1 0.224719 0.0291377 0.00533235 0.0140128
1 0.193432 0.196949 0.00552529 0.0138717
3 0.95609 0.99175 0.0319502 0.0135034
1 0.193518 0.324565 0.00530851 0.0138915
1 0.193397 0.495451 0.00525396 0.0137853
0 0.727625 0.157541 0.00969221 0.0106563
1 0.298519 0.111958 0.00560664 0.014397
1 0.372938 0.367944 0.0047704 0.0135385
1 0.34595 0.239959 0.0044662 0.0132211
1 0.193904 0.366659 0.00592077 0.0140927
1 0.372734 0.15474 0.00450838 0.0128115
