2 0.635587 0.712234 0.0232909 0.0464904
3 0.750161 0.942808 0.0392944 0.0648871
0 0.285681 0.0593854 0.0261109 0.0150534
0 0.438545 0.914893 0.0162654 0.00861415
2 0.894128 0.637875 0.0164021 0.0323105
0 0.486991 0.934164 0.00816358 0.0159102
0 0.163723 0.710067 0.0150373 0.00857
2 0.341176 0.836216 0.0184215 0.0467479
1 0.0506739 0.732212 0.0152437 0.0135567
0 0.286122 0.0367554 0.0244431 0.0128661
0 0.123824 0.713636 0.00847204 0.016748
0 0.565678 0.926744 0.0149188 0.0255682
0 0.395668 0.832233 0.0083963 0.0161056
0 0.685194 0.360051 0.025357 0.0523148
0 0.6426 0.951672 0.0149245 0.0247054
0 0.224802 0.562881 0.00870156 0.015568
0 0.714718 0.42282 0.0473573 0.0255168
0 0.799297 0.506466 0.0162443 0.00884947
0 0.649556 0.146225 0.0135876 0.0247151
0 0.224789 0.600589 0.00815101 0.0151964
0 0.642383 0.792138 0.0235075 0.0126617
0 0.920278 0.425817 0.00779843 0.0154717
0 0.155175 0.745906 0.0313089 0.0203276
0 0.599151 0.334741 0.0243546 0.0124226
0 0.318818 0.790336 0.0160779 0.00833774
0 0.289491 0.467856 0.0157176 0.00886489
0 0.620434 0.951253 0.0149655 0.0242654
0 0.691201 0.725822 0.0159786 0.00853298
0 0.647542 0.851097 0.0122115 0.0234781
0 0.542836 0.921148 0.0148814 0.0249122
0 0.316482 0.165329 0.00857269 0.0156835
0 0.274156 0.207271 0.0201571 0.0284926
0 0.330474 0.058939 0.0257048 0.0132504
0 0.720909 0.844203 0.017086 0.0088975
0 0.4681 0.914666 0.0166575 0.0091407
0 0.0628431 0.561564 0.0169908 0.00947952
0 0.814084 0.653958 0.00896135 0.0158212
0 0.907092 0.466665 0.0161331 0.00861515
0 0.471188 0.583369 0.00855239 0.0155229
0 0.260198 0.0950638 0.0132865 0.0240524
0 0.419838 0.736874 0.0153637 0.00849821
0 0.360264 0.961587 0.016538 0.00895047
0 0.528852 0.735427 0.00892286 0.0167381
0 0.219246 0.941983 0.0250903 0.0149152
0 0.589811 0.959587 0.0240152 0.0153715
0 0.445906 0.967969 0.015797 0.00844649
0 0.420876 0.978833 0.00840134 0.0161726
0 0.385576 0.938985 0.00842454 0.0151739
1 0.0504789 0.755384 0.0147012 0.0119886
0 0.459436 0.869925 0.0154203 0.0244331
2 0.0429766 0.658093 0.0194135 0.0504524
1 0.0209516 0.658408 0.0215951 0.0195728
0 0.739006 0.562409 0.00839521 0.0155474
0 0.691253 0.741469 0.0169905 0.00918291
0 0.770276 0.638995 0.0146608 0.00802181
0 0.168802 0.549559 0.00804598 0.0154789
0 0.498308 0.838121 0.00933266 0.0161137
0 0.298082 0.735087 0.0149344 0.00847488
0 0.623699 0.861039 0.0132286 0.0250428
0 0.16113 0.427582 0.00869083 0.0158541
0 0.470883 0.620736 0.00844289 0.0158489
0 0.334744 0.0372093 0.0257712 0.0141102
0 0.361917 0.0419668 0.00812099 0.0159838
0 0.856741 0.388012 0.00892495 0.016586
0 0.649005 0.19713 0.0133635 0.0250513
2 0.329264 0.33857 0.0191213 0.047953
1 0.0636514 0.673662 0.0209842 0.0199201
0 0.695137 0.765821 0.00896729 0.0161135
0 0.779608 0.562012 0.00920493 0.01576
0 0.525667 0.635671 0.00824165 0.0153489
0 0.691605 0.708016 0.0157369 0.0087855
0 0.655265 0.310564 0.0123252 0.0238277
0 0.288148 0.450633 0.0150943 0.00883043
0 0.739073 0.599491 0.00921406 0.016244
0 0.642711 0.815589 0.0247603 0.0138253
1 0.319835 0.851174 0.0239721 0.0216191
0 0.601431 0.868089 0.0145735 0.0254962
0 0.865552 0.716642 0.00877143 0.0160899
0 0.599453 0.309389 0.0237036 0.012221
0 0.845319 0.573949 0.0166219 0.00855662
0 0.923342 0.721975 0.0163974 0.00815864
0 0.68695 0.16288 0.0130971 0.0236664
0 0.876608 0.0331189 0.0159099 0.00866301
0 0.63892 0.109699 0.00818584 0.0154978
0 0.335374 0.735208 0.0155342 0.00811361
0 0.0167055 0.793045 0.0096383 0.016638
0 0.301833 0.204616 0.0147924 0.0245814
0 0.503797 0.952674 0.00801862 0.0155996
0 0.720976 0.323314 0.0277058 0.055889
0 0.725118 0.375971 0.0253567 0.0142145
0 0.44635 0.985096 0.0155217 0.00870864
0 0.664216 0.951283 0.013999 0.0235505
0 0.694884 0.795994 0.0150563 0.00878506
0 0.40598 0.435916 0.015419 0.00862944
1 0.0640706 0.641539 0.0216284 0.0187744
0 0.719567 0.599986 0.00896398 0.0156635
1 0.613462 0.728755 0.0188401 0.0102479
0 0.849649 0.716904 0.0081228 0.0158231
2 0.0333531 0.742302 0.019231 0.0328865
0 0.627321 0.390699 0.0146432 0.024509
0 0.920736 0.396042 0.00775434 0.0159684
1 0.300535 0.0592972 0.00458245 0.0162079
1 0.683681 0.422005 0.011246 0.0286811
1 0.308617 0.32307 0.0240673 0.0224056
1 0.175844 0.745891 0.0100126 0.0251749
0 0.356722 0.790369 0.00878275 0.0158574
1 0.613348 0.696472 0.018543 0.0103603
1 0.302047 0.190056 0.0161537 0.00468237
0 0.536338 0.97292 0.0247666 0.0154085
1 0.300002 0.036805 0.00495398 0.0143025
1 0.614629 0.30933 0.00542306 0.014115
1 0.649435 0.161151 0.0149394 0.00526735
1 0.649206 0.182024 0.0155659 0.00478166
1 0.319498 0.818752 0.0243161 0.0239437
1 0.809507 0.506241 0.0036643 0.00978804
1 0.738728 0.589566 0.00980258 0.0038339
1 0.134675 0.745957 0.00866369 0.0246343
0 0.0629433 0.5785 0.0181978 0.00931643
1 0.61353 0.71266 0.0179587 0.00978995
1 0.362864 0.834103 0.0215533 0.0196858
0 0.539754 0.534888 0.00926602 0.0165529
1 0.75005 0.900222 0.0286958 0.0214867
1 0.93334 0.721945 0.00351715 0.00943781
1 0.308917 0.355724 0.0214103 0.0181639
1 0.730716 0.844286 0.00342153 0.00969127
1 0.0734636 0.56168 0.00379005 0.00989726
1 0.565706 0.911358 0.0166819 0.00493809
1 0.855192 0.574414 0.00294682 0.0104788
1 0.551486 0.972622 0.00456163 0.0161117
1 0.16079 0.418388 0.0101103 0.00273567
0 0.837341 0.37479 0.00888993 0.0153241
0 0.669413 0.853746 0.0135696 0.0249589
1 0.315314 0.0588263 0.00521397 0.0151147
1 0.747281 0.422789 0.0120845 0.0279826
1 0.685593 0.391877 0.0275224 0.0100801
0 0.758266 0.561954 0.00809529 0.0157833
1 0.628506 0.792159 0.00456513 0.0143553
1 0.84939 0.707078 0.00920474 0.00329946
1 0.658858 0.728399 0.0210604 0.0099194
1 0.525694 0.645053 0.00944435 0.00336419
1 0.876537 0.627933 0.0163026 0.00687265
1 0.529441 0.74516 0.00993897 0.00420455
1 0.719713 0.590072 0.0104134 0.00335906
1 0.620313 0.966163 0.0152448 0.00585862
0 0.419542 0.944531 0.00845159 0.0159578
1 0.565271 0.941926 0.0171197 0.00471497
1 0.124003 0.723533 0.00916514 0.00357124
1 0.273484 0.228225 0.0223416 0.0104868
1 0.750199 0.985093 0.0287394 0.0181763
1 0.362169 0.0515478 0.00866974 0.00313304
1 0.459512 0.855149 0.0159185 0.00442036
1 0.813804 0.643984 0.0091624 0.00373865
1 0.456208 0.985633 0.00386179 0.00990746
1 0.65483 0.325067 0.0144292 0.00461506
1 0.658607 0.696956 0.0207956 0.0113931
1 0.47098 0.573757 0.00901328 0.00315819
1 0.912656 0.649785 0.0172432 0.00732497
1 0.739516 0.377305 0.00366905 0.0162484
1 0.169086 0.55873 0.00945323 0.00297903
1 0.260618 0.080233 0.0156477 0.00528814
1 0.351231 0.34017 0.0226525 0.019454
1 0.658269 0.712685 0.0203877 0.00950598
1 0.684756 0.328588 0.0278386 0.0122185
1 0.0735771 0.578982 0.00406416 0.00995042
1 0.614104 0.334538 0.00470996 0.014547
1 0.91191 0.627704 0.0163083 0.00625173
1 0.448662 0.914756 0.0036381 0.00951529
1 0.877051 0.649686 0.0164268 0.00746392
1 0.628355 0.815086 0.00370682 0.0149389
1 0.876807 0.638535 0.0162258 0.00672231
1 0.515591 0.864223 0.00876214 0.00322692
1 0.498438 0.847395 0.0105904 0.00304594
1 0.37043 0.961845 0.00335181 0.00924407
1 0.912408 0.638831 0.0177383 0.00616649
1 0.421103 0.988307 0.00968502 0.00324906
1 0.864984 0.707618 0.00929786 0.00301768
1 0.270195 0.0596044 0.00425242 0.0165659
1 0.385618 0.948678 0.00895644 0.00351571
0 0.515428 0.854501 0.00832583 0.0162698
1 0.669417 0.839274 0.0149846 0.0044954
1 0.273711 0.187322 0.0230683 0.00954795
1 0.721828 0.355859 0.027848 0.00958768
1 0.369981 0.275284 0.0440049 0.00821614
1 0.271198 0.0365712 0.00540505 0.0160502
1 0.622931 0.847132 0.0154283 0.0030577
1 0.664064 0.965238 0.0151947 0.00457789
1 0.455615 0.967512 0.00436364 0.00947283
1 0.369455 0.186065 0.0420038 0.00768293
0 0.429531 0.429668 0.00848482 0.0157796
1 0.604765 0.960091 0.00446126 0.0148692
1 0.369639 0.141634 0.0443614 0.00756545
1 0.721315 0.29054 0.0289203 0.0100876
1 0.642705 0.966534 0.0161126 0.00557659
1 0.307833 0.735373 0.00318634 0.00865423
1 0.419419 0.934858 0.00991374 0.00372746
1 0.370509 0.252365 0.0420461 0.00792907
1 0.856318 0.377834 0.0115702 0.00357578
1 0.695861 0.776665 0.010345 0.00322486
1 0.886125 0.0331816 0.00347406 0.00961109
1 0.371034 0.230417 0.0427106 0.00839648
1 0.370182 0.197112 0.043255 0.00782397
1 0.316663 0.17452 0.0100761 0.00449065
1 0.650381 0.130545 0.016227 0.0057905
1 0.369633 0.130661 0.0424429 0.00780481
1 0.370372 0.21933 0.0441558 0.00795955
1 0.0175915 0.744704 0.0127122 0.00975937
1 0.309239 0.790927 0.00288707 0.00996912
1 0.916601 0.466376 0.00380894 0.00906241
1 0.278433 0.45071 0.00329136 0.00922181
1 0.687055 0.177345 0.0140047 0.00500308
2 0.484567 0.176737 0.184499 0.257243
1 0.370275 0.174847 0.044581 0.00766771
1 0.370545 0.26364 0.0415707 0.0080602
5 0.483607 0.175609 0.182574 0.253433
1 0.486696 0.924693 0.00887943 0.00396797
1 0.459429 0.885208 0.016091 0.00531806
1 0.370005 0.152532 0.0444959 0.00821353
1 0.475304 0.0366287 0.116884 0.020845
1 0.435194 0.9679 0.00436505 0.00906016
1 0.575384 0.959768 0.00415814 0.0153535
1 0.369989 0.118976 0.0418425 0.0078426
1 0.370104 0.0973396 0.0435361 0.00811478
1 0.299697 0.467221 0.0038243 0.0100027
1 0.738801 0.572589 0.0086548 0.00465199
1 0.224614 0.591098 0.00912351 0.00367537
1 0.410737 0.736593 0.00298119 0.00992328
1 0.649194 0.213115 0.0159865 0.00670159
1 0.370745 0.241569 0.0437176 0.00764875
1 0.686473 0.147085 0.0162189 0.00649988
2 0.753747 0.724478 0.0796163 0.0699844
1 0.654635 0.295271 0.0148324 0.00593626
1 0.583757 0.333963 0.00569472 0.0153695
1 0.598061 0.251711 0.0400291 0.00787161
1 0.075078 0.174163 0.0141133 0.0408405
1 0.597986 0.240813 0.0411224 0.00784421
1 0.598079 0.196464 0.0404279 0.00737095
2 0.963251 0.410356 0.0496371 0.0469919
1 0.370042 0.208531 0.0419342 0.00750324
1 0.76171 0.638939 0.00288322 0.00932506
1 0.837314 0.364876 0.00899599 0.00450419
1 0.224508 0.573239 0.00901658 0.00416759
1 0.052254 0.561343 0.00402871 0.00994098
0 0.165516 0.239694 0.0594568 0.0497769
1 0.597977 0.107734 0.0401295 0.0077329
1 0.598143 0.163146 0.0403032 0.00778043
1 0.685516 0.796359 0.00478113 0.00956044
1 0.114328 0.105738 0.013542 0.0425859
1 0.154029 0.709972 0.00444001 0.00976012
1 0.663488 0.935943 0.0157264 0.0056505
1 0.36973 0.163509 0.0439234 0.00756139
1 0.369812 0.108099 0.0429261 0.00754155
1 0.597898 0.118665 0.0397768 0.00729741
0 0.137106 0.175218 0.0991108 0.0547516
1 0.259414 0.110697 0.0165121 0.00621911
1 0.670303 0.869416 0.014009 0.00440491
1 0.59775 0.22951 0.040445 0.00751508
1 0.597446 0.263063 0.0427421 0.00775062
1 0.597896 0.185276 0.0416486 0.0076097
1 0.685087 0.390173 0.0273511 0.010156
0 0.686858 0.952714 0.015925 0.0228247
1 0.301725 0.221323 0.0165329 0.00748747
0 0.251106 0.201187 0.00861831 0.0146392
1 0.597648 0.0968741 0.0388982 0.00752336
1 0.598363 0.174415 0.0415514 0.00700109
0 0.995895 0.457068 0.00776122 0.0156681
1 0.457789 0.914743 0.00329852 0.00966219
1 0.597933 0.274313 0.0411474 0.00781287
1 0.550289 0.973341 0.00447802 0.0154314
1 0.349291 0.961666 0.00434441 0.0101038
1 0.779471 0.572304 0.00968789 0.00541968
1 0.758168 0.572171 0.00905834 0.00501639
1 0.309377 0.353376 0.0240156 0.0189279
1 0.779463 0.552225 0.00968433 0.00356055
1 0.597597 0.207461 0.0427295 0.00789392
1 0.758352 0.552061 0.00973035 0.0033807
1 0.598168 0.151889 0.0416701 0.00782521
