3 0.150611 0.605279 0.0659017 0.053231
2 0.301294 0.92201 0.0486535 0.0474227
2 0.103299 0.266774 0.0806155 0.0687686
0 0.552299 0.856656 0.0247653 0.0141401
0 0.542826 0.941744 0.0260774 0.0507903
0 0.628905 0.847041 0.0121946 0.0231027
2 0.120161 0.404757 0.0795721 0.0681246
0 0.714249 0.964286 0.0130298 0.0245945
2 0.269137 0.517557 0.0470729 0.0196397
2 0.333581 0.517112 0.0475804 0.0201735
2 0.469703 0.4139 0.0323736 0.0185946
0 0.883183 0.192067 0.0229717 0.0134055
0 0.635588 0.968804 0.0250289 0.049999
0 0.598358 0.846729 0.0123274 0.0236389
0 0.205449 0.382559 0.039026 0.0495275
0 0.871983 0.833231 0.00724624 0.014508
0 0.834684 0.867689 0.00794239 0.0149031
1 0.0566347 0.919163 0.021831 0.0215435
0 0.655053 0.847174 0.0125607 0.0244982
0 0.300533 0.295588 0.014875 0.00803363
0 0.412969 0.581876 0.0240572 0.0514653
0 0.100357 0.765271 0.0219382 0.0315113
0 0.401047 0.517372 0.012357 0.0237861
0 0.403153 0.838134 0.0076641 0.0144518
0 0.221609 0.612228 0.014682 0.0234954
0 0.366609 0.486231 0.0235945 0.0118205
0 0.871651 0.861914 0.0076177 0.0146475
0 0.985325 0.0598926 0.00798522 0.0146398
0 0.464567 0.830895 0.013105 0.0237255
2 0.426425 0.313061 0.0185946 0.0453019
0 0.90213 0.00663081 0.0170601 0.00871406
0 0.237729 0.80933 0.020603 0.0345896
1 0.333346 0.494761 0.0196376 0.0240672
1 0.350677 0.538013 0.0214243 0.0219758
0 0.22823 0.312147 0.0505998 0.0379883
0 0.667089 0.964408 0.0126044 0.0238832
1 0.203248 0.524622 0.0401599 0.020504
0 0.386381 0.396816 0.0201667 0.033336
0 0.69999 0.904149 0.00729752 0.0145047
0 0.379056 0.51753 0.0139801 0.0241942
0 0.503711 0.586424 0.00742868 0.0148375
0 0.243353 0.978013 0.0123156 0.0249202
1 0.479782 0.431637 0.0104009 0.0157891
2 0.194857 0.689103 0.01904 0.0461568
0 0.781377 0.886556 0.0164609 0.00916196
0 0.25075 0.612487 0.012665 0.0242558
1 0.0405294 0.876087 0.0205379 0.0226251
1 0.405189 0.311385 0.022434 0.0195106
2 0.055276 0.897404 0.0489738 0.0180318
1 0.25268 0.538239 0.0198335 0.0213144
1 0.268449 0.49537 0.0212136 0.0226735
0 0.0709462 0.611961 0.0195664 0.0322126
0 0.276731 0.297675 0.008192 0.0163043
0 0.0705904 0.764719 0.0209863 0.0322483
0 0.39439 0.440526 0.0332424 0.0209126
0 0.552329 0.881449 0.0250147 0.0129437
2 0.109229 0.141615 0.106254 0.108422
1 0.194573 0.605813 0.0197046 0.0424378
3 0.589479 0.956081 0.0382509 0.0674417
0 0.416045 0.397517 0.0202002 0.0333556
1 0.284813 0.539136 0.0197039 0.0200486
1 0.412334 0.551032 0.0304159 0.0124517
0 0.817239 0.867178 0.00786641 0.0160344
0 0.937325 0.192439 0.0238358 0.0127086
1 0.413587 0.614425 0.0282667 0.0115108
0 0.681241 0.889125 0.00800173 0.0140996
0 0.439532 0.448112 0.0134219 0.00670677
1 0.446642 0.3277 0.0225773 0.0202553
1 0.542056 0.910014 0.0315619 0.0119276
1 0.237848 0.787877 0.0241387 0.00951648
1 0.203436 0.436205 0.0415549 0.0219738
0 0.130441 0.764583 0.0214351 0.031482
0 0.981599 0.967962 0.0148277 0.0245059
1 0.215799 0.704213 0.023368 0.0202834
0 0.790792 0.96559 0.0141576 0.0251051
0 0.322845 0.318206 0.00814213 0.014947
0 0.235555 0.849323 0.0247659 0.0133588
1 0.0918377 0.317328 0.013792 0.0322919
0 0.344547 0.0234963 0.0140806 0.0250352
1 0.197217 0.311227 0.0132439 0.0488305
1 0.414947 0.376162 0.0246591 0.00926946
0 0.0982169 0.719095 0.00952116 0.0148056
0 0.250791 0.698528 0.0154648 0.024181
1 0.072792 0.875877 0.0193345 0.0229295
0 0.109066 0.876119 0.0121034 0.0242293
1 0.0703476 0.589894 0.0238997 0.00982779
0 0.249006 0.876939 0.0249992 0.0136536
1 0.317304 0.537928 0.0191097 0.0200298
1 0.714278 0.979828 0.0172853 0.00612078
1 0.251089 0.596729 0.0147566 0.00532482
1 0.446884 0.295123 0.0218953 0.0183342
1 0.598394 0.861836 0.0150763 0.00543532
0 0.686885 0.357212 0.0079155 0.0146545
2 0.315851 0.183137 0.148177 0.161117
1 0.635173 0.937453 0.0300991 0.0121489
1 0.21534 0.671575 0.0212316 0.0211434
0 0.538139 0.41291 0.00852891 0.0145375
1 0.542294 0.97406 0.0317958 0.0118623
1 0.104113 0.605795 0.0223929 0.0401096
1 0.38637 0.416758 0.0248025 0.0077933
1 0.0698368 0.784648 0.0257804 0.00735511
1 0.714265 0.948869 0.0154081 0.00490282
1 0.4647 0.816163 0.015487 0.00462416
0 0.256385 0.366895 0.0123291 0.024103
1 0.62901 0.861818 0.015417 0.00490664
0 0.767423 0.966069 0.0141875 0.0245414
0 0.439249 0.422177 0.00737447 0.0144366
2 0.901355 0.0938981 0.109094 0.101122
2 0.735758 0.134343 0.17197 0.138463
1 0.667365 0.949627 0.0137766 0.00471628
1 0.23724 0.831122 0.0240663 0.00813306
0 0.406649 0.774558 0.00849236 0.0143057
1 0.401836 0.503391 0.0147948 0.00473892
1 0.666938 0.979711 0.0146436 0.00582385
1 0.205302 0.351794 0.0496101 0.0144869
1 0.0710644 0.317075 0.0150537 0.0312724
1 0.654524 0.831757 0.0157237 0.00469652
1 0.114216 0.317493 0.0131891 0.0322806
1 0.416436 0.418123 0.0236101 0.00655281
1 0.790912 0.98124 0.0147658 0.00529811
0 0.507122 0.540544 0.00825835 0.0152397
1 0.0302273 0.181069 0.0565402 0.0278277
1 0.243384 0.963084 0.013662 0.00488857
3 0.203198 0.480433 0.0546899 0.0677297
1 0.100733 0.78433 0.0247441 0.00645528
1 0.108506 0.861825 0.0145776 0.00455412
1 0.130132 0.743175 0.0250488 0.00853066
1 0.131225 0.784442 0.0239077 0.00682618
1 0.76665 0.980473 0.0160391 0.00451491
0 0.381795 0.46496 0.0169338 0.00913892
1 0.449232 0.448709 0.00320863 0.00755845
1 0.385993 0.376 0.0247577 0.00764165
1 0.0700893 0.743731 0.0249484 0.00718739
0 0.708553 0.328899 0.00730058 0.0132484
1 0.250327 0.627596 0.0161819 0.00541643
1 0.107311 0.453285 0.0127345 0.0299757
1 0.10063 0.744005 0.0248958 0.00780937
1 0.177163 0.14073 0.0345133 0.0918528
0 0.960421 0.972017 0.00802562 0.0146125
1 0.379159 0.50246 0.0160865 0.00498944
1 0.464513 0.845889 0.0149923 0.00522038
1 0.20541 0.414644 0.047343 0.0145648
1 0.0713787 0.633105 0.0236371 0.00942143
1 0.373155 0.440509 0.00750798 0.0255872
0 0.350538 0.295429 0.0246749 0.0187381
1 0.258878 0.312425 0.0121469 0.0491154
1 0.415848 0.43983 0.00764084 0.0229027
1 0.0859095 0.453457 0.0141338 0.0313157
1 0.322781 0.308505 0.00950951 0.00324196
1 0.566318 0.856779 0.0035164 0.0159252
1 0.871983 0.870993 0.00912188 0.0025314
1 0.0501283 0.142054 0.0166455 0.0155964
1 0.107728 0.347619 0.0140517 0.00724792
1 0.597976 0.831886 0.014472 0.00472772
1 0.129604 0.451434 0.012099 0.0260186
1 0.778273 0.0330099 0.0272821 0.0660197
1 0.687338 0.347985 0.0091846 0.00354845
1 0.250834 0.713697 0.0196326 0.00599308
1 0.700161 0.894772 0.0100908 0.00365398
1 0.371555 0.464607 0.00348854 0.00955654
1 0.439944 0.432796 0.00967263 0.00319118
1 0.135356 0.317139 0.0138883 0.0322792
1 0.457943 0.395184 0.00552528 0.0171188
1 0.172502 0.68788 0.023505 0.0231102
1 0.901615 0.0351243 0.0163331 0.0169383
1 0.565808 0.881795 0.00330759 0.0144693
1 0.403231 0.847756 0.00928425 0.00342835
1 0.150946 0.452738 0.0160647 0.0333213
0 0.941801 0.0191382 0.0254135 0.0382764
0 0.781741 0.835544 0.00781262 0.0144564
1 0.655246 0.862064 0.015456 0.00466269
1 0.435346 0.22752 0.0872989 0.0285831
1 0.129868 0.453139 0.0154519 0.0334043
1 0.985325 0.0509597 0.00893783 0.00297104
1 0.378983 0.533598 0.0151881 0.00542356
1 0.588735 0.911273 0.0288892 0.00965687
1 0.458542 0.431572 0.00542247 0.0156123
1 0.790909 0.94917 0.0151004 0.00594236
1 0.406999 0.784122 0.00969759 0.00371789
1 0.871887 0.822736 0.00849583 0.00439916
0 0.312754 0.378418 0.0107592 0.0134461
0 0.332645 0.378917 0.0109804 0.0141952
1 0.379427 0.486496 0.00336516 0.0139123
1 0.340053 0.903828 0.0274718 0.00545239
1 0.339029 0.91154 0.023121 0.00569728
1 0.250607 0.683345 0.0134725 0.00372014
0 0.46736 0.360847 0.00662294 0.0142329
1 0.588368 0.995625 0.0305787 0.00823068
1 0.0301679 0.102878 0.0542924 0.0258382
1 0.86929 0.192297 0.00450397 0.0133339
1 0.629098 0.832267 0.0150197 0.00500657
1 0.681532 0.879967 0.00830034 0.0036471
1 0.219042 0.136723 0.0351019 0.0836717
1 0.792157 0.886677 0.00332466 0.00864698
1 0.399887 0.182024 0.0248916 0.0177209
1 0.458472 0.398108 0.00651491 0.0142818
1 0.536583 0.856708 0.00486718 0.0161051
1 0.69127 0.033354 0.0285995 0.0667079
1 0.244218 0.994795 0.0162755 0.00615429
1 0.308974 0.295357 0.00282413 0.00841866
0 0.524511 0.212094 0.00810051 0.0141573
1 0.263538 0.87707 0.00454269 0.0153036
1 0.536613 0.881885 0.00462723 0.0141542
0 0.274968 0.00569943 0.0169754 0.0113989
1 0.563856 0.75957 0.0267435 0.00665452
1 0.83455 0.877617 0.00891864 0.00421468
1 0.0864236 0.347697 0.0148322 0.00687896
1 0.562985 0.521034 0.0273914 0.00576926
1 0.537729 0.403627 0.00973992 0.00371551
1 0.221994 0.627079 0.0183581 0.00526428
1 0.220911 0.849689 0.00424716 0.0158019
1 0.562647 0.529827 0.0275759 0.00585031
5 0.750229 0.600499 0.347023 0.345921
1 0.561809 0.478558 0.0291388 0.00618172
1 0.562761 0.716923 0.0274158 0.00575732
1 0.221989 0.597639 0.0155273 0.00488162
1 0.615196 0.426883 0.00581379 0.0286993
1 0.0980996 0.729093 0.0109139 0.00555826
1 0.562441 0.665787 0.0286576 0.00614692
1 0.767574 0.949632 0.0146403 0.00603185
1 0.562267 0.623277 0.0288512 0.00569309
1 0.598437 0.427021 0.00509368 0.028441
1 0.77107 0.886579 0.00411581 0.0115096
1 0.735875 0.0285575 0.0226185 0.00524928
1 0.635014 0.996886 0.0271968 0.00582961
1 0.3395 0.920149 0.0240346 0.00637824
0 0.86109 0.019174 0.0286886 0.0383481
1 0.150564 0.347767 0.0141562 0.00795636
1 0.458558 0.428835 0.00804745 0.0140587
1 0.0471097 0.370396 0.0202561 0.0213139
1 0.109728 0.892011 0.0142811 0.00584068
0 0.736621 0.0484844 0.0190299 0.0322779
1 0.561856 0.487354 0.0287821 0.00594355
1 0.736017 0.0487932 0.0193304 0.0345522
1 0.0927753 0.210957 0.0166712 0.00811542
1 0.1301 0.346821 0.0156127 0.00736953
1 0.562956 0.708375 0.0275168 0.00577664
1 0.56212 0.49596 0.0284731 0.00607694
1 0.899944 0.166118 0.0909022 0.0231781
1 0.479968 0.395621 0.00616024 0.0195557
1 0.900594 0.161876 0.092304 0.0331405
1 0.941114 0.0216511 0.0251177 0.0433022
1 0.606706 0.426966 0.00500645 0.0287421
1 0.562654 0.61472 0.028758 0.00555276
1 0.562433 0.674242 0.0280676 0.00609589
1 0.59801 0.794459 0.00565813 0.0268814
1 0.562477 0.512774 0.0284295 0.00598886
1 0.525023 0.221736 0.00799989 0.00336775
1 0.0874941 0.347889 0.0143909 0.00991308
