3 0.796981 0.650707 0.0673161 0.0554965
2 0.947611 0.968118 0.0484734 0.0467906
0 0.71766 0.811467 0.0214486 0.0325207
0 0.486388 0.0263493 0.012283 0.0238188
2 0.977722 0.563055 0.0424254 0.0201505
2 0.915922 0.56367 0.0465443 0.0205406
0 0.496881 0.449055 0.0123746 0.0230495
2 0.655051 0.838424 0.0195968 0.046775
0 0.497149 0.676916 0.0122828 0.0224209
2 0.749741 0.313125 0.0791612 0.068349
1 0.914496 0.541845 0.0215916 0.0232568
2 0.841133 0.733858 0.0179841 0.0450624
0 0.883564 0.855479 0.0204275 0.0339661
0 0.591821 0.879053 0.0122227 0.0230584
1 0.931283 0.585253 0.0198627 0.0205518
0 0.497182 0.878803 0.0123861 0.0232787
3 0.639963 0.654643 0.0678387 0.0540129
0 0.497222 0.636743 0.0117208 0.022244
2 0.766281 0.45071 0.0792224 0.0675579
0 0.496846 0.952165 0.0119564 0.024388
2 0.65645 0.778369 0.0172639 0.0445321
0 0.497491 0.797154 0.0123722 0.0224979
0 0.464557 0.0365295 0.0128486 0.0226945
0 0.497311 0.716911 0.0124655 0.0231066
0 0.897116 0.65909 0.0121731 0.0236347
1 0.484974 0.16949 0.0209166 0.0234652
1 0.467641 0.126638 0.0198109 0.0221049
0 0.882229 0.89551 0.024863 0.0140211
2 0.467658 0.147805 0.0432063 0.019795
0 0.606336 0.103975 0.0332809 0.0192091
1 0.718915 0.922609 0.0211649 0.0228008
0 0.496955 0.570077 0.0128419 0.0226667
0 0.851828 0.429119 0.0384445 0.0494803
0 0.497603 0.529576 0.012085 0.0235927
0 0.496796 0.757345 0.0126616 0.0226805
0 0.592393 0.542111 0.0118036 0.0228293
0 0.496656 0.409093 0.0118241 0.0228629
0 0.4971 0.838054 0.012717 0.023836
0 0.496733 0.489983 0.0128582 0.0237658
0 0.591921 0.839128 0.0120968 0.0239649
1 0.497043 0.823581 0.0151404 0.00478576
1 0.686525 0.922784 0.0211868 0.0222606
0 0.460431 0.0777397 0.0116702 0.0226992
0 0.746381 0.811557 0.0200467 0.0319207
0 0.716993 0.657882 0.0208793 0.0316079
1 0.824026 0.187522 0.0376894 0.095896
2 0.704806 0.943608 0.0446313 0.0183591
2 0.6501 0.546854 0.0796084 0.0605492
1 0.97995 0.541842 0.0199673 0.0219722
0 0.874348 0.358844 0.0500431 0.0382471
1 0.963946 0.584752 0.0194361 0.0204032
0 0.310425 0.456055 0.0204705 0.0331406
0 0.483178 0.0779329 0.0121513 0.0228037
0 0.311265 0.515162 0.0204509 0.0323725
0 0.99114 0.0700301 0.0141141 0.0237153
1 0.310314 0.434984 0.024474 0.00906635
1 0.683021 0.655471 0.0192204 0.0398774
0 0.592754 0.758782 0.0113964 0.02459
1 0.451493 0.167961 0.0184212 0.0227386
1 0.849203 0.571384 0.0413317 0.0203512
0 0.902591 0.413299 0.0129556 0.0240723
1 0.593609 0.654085 0.0200315 0.0409221
0 0.312246 0.744164 0.0237544 0.0345488
1 0.677363 0.762877 0.022706 0.0209811
1 0.898501 0.584351 0.02072 0.0218466
1 0.463982 0.0504779 0.0151399 0.00428274
1 0.497144 0.730672 0.0149689 0.0041013
2 0.619095 0.721712 0.0178906 0.046155
0 0.896181 0.923352 0.0246197 0.0136952
1 0.591816 0.824443 0.0140758 0.00441598
1 0.716367 0.636767 0.0244026 0.0093083
1 0.896984 0.643513 0.0140154 0.00533632
0 0.946925 0.341916 0.0149535 0.0078296
0 0.969172 0.364399 0.00834249 0.0150489
1 0.849871 0.482566 0.0419417 0.0212909
1 0.717331 0.831438 0.0246399 0.00778342
0 0.755362 0.923197 0.012689 0.0242889
0 0.868212 0.658897 0.0137399 0.02482
1 0.993036 0.584977 0.0134179 0.0215541
1 0.703298 0.965303 0.0214971 0.0222456
0 0.777229 0.810694 0.020556 0.0311861
1 0.311361 0.536008 0.0235765 0.00781969
1 0.497661 0.690669 0.0158726 0.00473967
1 0.640587 0.703929 0.0234005 0.021934
0 0.896753 0.744605 0.0131456 0.0247922
1 0.496939 0.771208 0.0140349 0.0049002
1 0.497295 0.543795 0.0145815 0.00439547
0 0.922674 0.34375 0.00850996 0.0164068
1 0.747184 0.831599 0.0241246 0.00746724
1 0.716428 0.363196 0.0150667 0.0316111
0 0.623501 0.137652 0.0138731 0.0242489
1 0.311464 0.493407 0.0236405 0.00842119
1 0.883889 0.834185 0.0245371 0.00933413
1 0.840251 0.652143 0.019832 0.0417409
1 0.750111 0.652824 0.0205091 0.0400443
1 0.86184 0.750078 0.0241685 0.0205183
1 0.883546 0.877207 0.024582 0.0086668
1 0.496677 0.584662 0.0141696 0.00632214
0 0.744293 0.765565 0.00840234 0.0139008
1 0.497299 0.864264 0.0142816 0.00462579
1 0.311986 0.721796 0.0271728 0.00971691
2 0.755981 0.188126 0.0995866 0.107625
1 0.851202 0.397623 0.0488743 0.0150526
1 0.676034 0.838663 0.0220321 0.0206752
1 0.497029 0.434458 0.0144622 0.00437843
1 0.62727 0.102126 0.00812149 0.0235776
1 0.77769 0.830829 0.0247803 0.00873072
1 0.633371 0.854391 0.0225784 0.0192024
1 0.496791 0.394609 0.0140725 0.00532901
1 0.496586 0.463383 0.016006 0.00530965
1 0.641013 0.736847 0.022763 0.021935
1 0.84328 0.358821 0.0126388 0.0510832
1 0.592133 0.864362 0.0136099 0.00460103
1 0.592292 0.526923 0.0149395 0.00494357
1 0.497345 0.503736 0.0157303 0.00399661
1 0.497127 0.783462 0.0146753 0.00475999
1 0.676697 0.794926 0.0205382 0.0203517
1 0.497094 0.893174 0.0157949 0.00520806
1 0.782184 0.363195 0.0148209 0.0317274
1 0.71753 0.679238 0.0247323 0.0092821
1 0.73242 0.499381 0.0145352 0.0313062
1 0.633865 0.821162 0.0228994 0.0209716
1 0.487265 0.0120015 0.01481 0.00461673
1 0.73823 0.363798 0.0141603 0.0324075
1 0.746845 0.790502 0.0248037 0.00760444
1 0.910437 0.923682 0.00450516 0.0155188
1 0.63398 0.778572 0.0253343 0.0209691
1 0.617327 0.59459 0.0106721 0.0293729
1 0.58457 0.103745 0.00787472 0.02284
1 0.592328 0.89315 0.0152226 0.00520275
1 0.957202 0.341416 0.00399661 0.00929354
1 0.969397 0.354423 0.00936815 0.003804
1 0.861781 0.717839 0.0219321 0.0217554
1 0.634179 0.38708 0.0950606 0.0166164
1 0.755037 0.909064 0.0133672 0.00384597
1 0.496895 0.622277 0.0137707 0.00509093
3 0.84972 0.526407 0.0550892 0.0688413
1 0.760599 0.363643 0.0134921 0.031327
1 0.75367 0.499033 0.0124647 0.0295543
1 0.638014 0.594124 0.010844 0.0287273
1 0.776904 0.790045 0.0245647 0.00821573
1 0.311229 0.477927 0.0242154 0.0091109
1 0.819282 0.734493 0.0239649 0.0230351
1 0.460316 0.0925767 0.0141328 0.00640703
1 0.868272 0.643993 0.0162109 0.00541112
1 0.796624 0.499081 0.0148561 0.0336021
1 0.903927 0.356861 0.0132458 0.0511424
1 0.85173 0.460669 0.0465827 0.013705
1 0.659534 0.499476 0.0117241 0.031073
1 0.658824 0.595097 0.011903 0.0300407
1 0.592945 0.744244 0.0143935 0.00487531
1 0.717712 0.790031 0.0241098 0.00792825
1 0.908998 0.958101 0.0248906 0.00408867
1 0.896579 0.730047 0.0138897 0.00316395
1 0.486872 0.0411873 0.0140558 0.00493199
1 0.483303 0.0922828 0.0139394 0.00564863
1 0.896916 0.673907 0.0140779 0.00534195
1 0.985755 0.958322 0.0270114 0.00514953
1 0.637529 0.499364 0.0118528 0.0317877
1 0.909045 0.966351 0.0262417 0.00469589
1 0.775657 0.49776 0.0124981 0.0265033
1 0.623427 0.122488 0.0153019 0.00458467
1 0.754176 0.394332 0.0148771 0.00698759
0 0.631567 0.330214 0.0833483 0.0986207
1 0.68081 0.594422 0.0110591 0.0287886
1 0.497354 0.662109 0.0140366 0.00515816
1 0.658089 0.708873 0.00918448 0.0172447
1 0.98619 0.950038 0.0260362 0.00490851
1 0.674689 0.149417 0.0597286 0.0257886
1 0.680979 0.498748 0.0113544 0.0303169
1 0.775668 0.499545 0.0155547 0.0328005
1 0.985666 0.966866 0.0258557 0.00604654
1 0.676001 0.227385 0.0584842 0.0258455
1 0.597394 0.721512 0.0249803 0.0212973
1 0.908686 0.950255 0.0199344 0.0045655
1 0.496671 0.474781 0.0150612 0.00546337
1 0.775695 0.394271 0.0170634 0.00810148
1 0.59205 0.557054 0.0134905 0.00608757
1 0.497169 0.967544 0.0137889 0.00614979
1 0.623781 0.152046 0.0150445 0.00394946
1 0.616527 0.497863 0.0101041 0.0281668
2 0.849518 0.526217 0.0535698 0.0690034
1 0.69539 0.189032 0.0165649 0.0158404
1 0.496743 0.556835 0.01395 0.00546484
1 0.631177 0.276076 0.0941365 0.0156849
1 0.880722 0.923257 0.00516322 0.0152869
1 0.497238 0.810011 0.0133153 0.00546208
1 0.923355 0.33258 0.010712 0.00355317
1 0.462839 0.0510537 0.0143404 0.00466015
1 0.497385 0.650945 0.0148578 0.00507599
1 0.464236 0.0219332 0.0156202 0.00586215
1 0.922878 0.35438 0.0098064 0.00355505
1 0.732714 0.394358 0.0143426 0.00677575
1 0.796499 0.395014 0.0137888 0.00914586
1 0.867994 0.674044 0.0178084 0.00474142
1 0.460801 0.0651728 0.0124984 0.00455983
1 0.755835 0.394805 0.0131519 0.00707733
1 0.911374 0.974727 0.0226055 0.00585481
1 0.915404 0.950609 0.0144894 0.00511532
0 0.854604 0.837619 0.0249479 0.0135696
1 0.666372 0.862793 0.0081178 0.01016
1 0.737929 0.257773 0.0176227 0.00796515
2 0.639688 0.654256 0.0666468 0.0531679
1 0.733201 0.394717 0.0149294 0.00925014
1 0.991238 0.0866871 0.0147294 0.00745147
1 0.753223 0.586512 0.0531754 0.00851322
1 0.626159 0.272799 0.085229 0.0126307
1 0.865343 0.89526 0.00562918 0.0164934
1 0.49734 0.14327 0.00713946 0.007379
1 0.90855 0.967092 0.0281397 0.00694375
1 0.592438 0.85375 0.0147221 0.00497868
1 0.31114 0.76654 0.0247242 0.00782
