2 0.748181 0.500634 0.0185463 0.0300906
2 0.329443 0.535552 0.0316274 0.0174236
0 0.272387 0.2596 0.0164613 0.00870936
0 0.947345 0.433815 0.0128443 0.0238166
0 0.876024 0.434666 0.0127847 0.0232357
0 0.451335 0.344017 0.00748872 0.0150865
3 0.0795959 0.327562 0.0388813 0.0684897
0 0.590226 0.435986 0.0136578 0.0240507
0 0.698393 0.497028 0.0137336 0.0241768
2 0.73883 0.669457 0.0195842 0.0466371
0 0.896636 0.385414 0.00906797 0.0167641
0 0.753421 0.575763 0.00854161 0.0148914
0 0.472705 0.340246 0.0147799 0.0249042
0 0.6377 0.236962 0.00809504 0.0163249
0 0.606657 0.656293 0.00804739 0.0151605
0 0.753188 0.606035 0.00768017 0.0161798
0 0.563844 0.606617 0.0126462 0.0236881
0 0.0332386 0.314425 0.0262897 0.0518711
0 0.597436 0.687484 0.032892 0.021393
0 0.881518 0.313968 0.0118003 0.0243837
0 0.774343 0.565516 0.0118586 0.0242348
0 0.909591 0.434446 0.0133452 0.0242875
0 0.548844 0.156664 0.0243296 0.0508844
0 0.8073 0.6525 0.0331698 0.0206079
0 0.63892 0.429931 0.0126662 0.0236306
0 0.568193 0.43583 0.0132983 0.0248126
2 0.646771 0.504707 0.0183433 0.029758
0 0.674024 0.254183 0.0075456 0.0148603
0 0.708207 0.305449 0.00764966 0.0147501
0 0.874788 0.379028 0.0123674 0.0243519
0 0.940921 0.319051 0.0145569 0.0241951
0 0.791576 0.606729 0.0101063 0.0151291
0 0.361938 0.23473 0.0075375 0.013998
0 0.769243 0.436068 0.0127697 0.0225788
0 0.652758 0.170182 0.00834443 0.0139541
0 0.583106 0.576494 0.00786322 0.0150128
0 0.683363 0.170628 0.00842979 0.0145905
1 0.445702 0.509213 0.0209568 0.022973
0 0.984238 0.776285 0.0199372 0.0329909
2 0.665475 0.666813 0.0196726 0.0440746
0 0.190293 0.276929 0.00804212 0.0145795
2 0.517327 0.503414 0.0177445 0.0295996
0 0.561444 0.561496 0.0114891 0.024
0 0.798976 0.499895 0.0139592 0.0245806
2 0.427793 0.53067 0.0445588 0.0184879
0 0.516147 0.114261 0.0133562 0.0241416
0 0.54942 0.472621 0.02529 0.0147161
0 0.324988 0.240298 0.00778808 0.0147763
0 0.808135 0.684857 0.00906472 0.0158064
1 0.413764 0.508625 0.0195785 0.0230924
0 0.485603 0.121087 0.00739567 0.0145557
1 0.429292 0.550814 0.0201889 0.0207751
0 0.536205 0.561553 0.0150871 0.0244555
0 0.772854 0.606259 0.0082111 0.01605
0 0.281028 0.339387 0.0124777 0.0238335
0 0.975916 0.423983 0.0159469 0.00947965
0 0.15749 0.336968 0.0126342 0.0244042
0 0.0889561 0.219463 0.0123676 0.0236353
0 0.658358 0.625384 0.0152166 0.00860958
0 0.876522 0.47508 0.0126074 0.0237438
1 0.488577 0.0515012 0.0234941 0.00926354
0 0.917406 0.37896 0.0124298 0.0231254
0 0.617466 0.42992 0.0119801 0.0237497
0 0.839783 0.518764 0.0161002 0.00829837
0 0.48395 0.439683 0.0115973 0.0242114
0 0.863865 0.197972 0.00775203 0.0149272
0 0.581222 0.350202 0.00848207 0.0153037
0 0.493339 0.577768 0.00896607 0.0155869
0 0.575866 0.387436 0.00812768 0.0145028
0 0.745238 0.436203 0.0117952 0.0219253
0 0.119667 0.219489 0.0129924 0.0241311
0 0.0430703 0.253944 0.0233027 0.0126956
0 0.48871 0.0713579 0.0196636 0.0294882
0 0.665902 0.432895 0.00753565 0.0145495
0 0.463047 0.47079 0.024837 0.0142125
0 0.125854 0.341827 0.0245467 0.0507655
1 0.984011 0.754307 0.0233731 0.00884222
0 0.728179 0.236799 0.00785684 0.0152099
0 0.619836 0.321909 0.00715456 0.0147616
0 0.800842 0.561312 0.014273 0.0245014
0 0.20467 0.336867 0.0131049 0.0252098
0 0.508737 0.376006 0.00799395 0.0155405
0 0.256761 0.338505 0.0121653 0.0241856
0 0.551206 0.689043 0.00866243 0.0165601
0 0.603686 0.236962 0.00721791 0.01511
0 0.524941 0.602818 0.00823021 0.0161564
0 0.568951 0.0453198 0.0218575 0.0127039
0 0.831849 0.458916 0.00827595 0.0156875
0 0.756883 0.407607 0.0128642 0.00710322
0 0.362264 0.206196 0.00747896 0.0141322
0 0.145835 0.219483 0.0122915 0.0238635
0 0.946583 0.389781 0.015594 0.00831629
0 0.0426809 0.229334 0.0258256 0.0137501
0 0.589635 0.65712 0.0089197 0.0141964
2 0.47689 0.667748 0.019666 0.0457059
0 0.804502 0.531235 0.0250205 0.0110376
0 0.876424 0.516104 0.0123462 0.0238168
0 0.589893 0.514676 0.0249686 0.0136883
0 0.546016 0.435729 0.0144987 0.024613
1 0.498533 0.652062 0.0228059 0.0172699
0 0.90615 0.313962 0.0135142 0.0246644
0 0.493204 0.610635 0.00838173 0.014942
0 0.966877 0.319152 0.0145978 0.0241687
0 0.534914 0.68893 0.0087249 0.015337
0 0.345023 0.462032 0.0088036 0.0150564
0 0.705972 0.236822 0.00743159 0.0153068
0 0.84925 0.458499 0.00996061 0.0156267
0 0.791737 0.684931 0.00798391 0.014257
0 0.389729 0.553499 0.0148096 0.0245426
0 0.328892 0.461176 0.00808181 0.0146588
1 0.548912 0.125345 0.0283723 0.0120559
2 0.668537 0.583375 0.0697023 0.0453076
0 0.696482 0.441013 0.024297 0.0138224
1 0.498629 0.683969 0.0236803 0.0184226
1 0.0327358 0.346239 0.0303139 0.0121189
1 0.831914 0.449178 0.00956026 0.00358331
1 0.909618 0.449901 0.0146022 0.00567496
1 0.773768 0.549847 0.014267 0.00468514
1 0.769426 0.451389 0.0143907 0.00700356
0 0.70524 0.357437 0.0088264 0.0147992
1 0.590437 0.450018 0.0150607 0.00436555
0 0.590315 0.487203 0.0232012 0.0120515
1 0.759806 0.651361 0.0226764 0.0170239
1 0.668188 0.625682 0.00363709 0.00965931
1 0.0327456 0.282521 0.0309422 0.0129194
1 0.643983 0.684003 0.0213043 0.0195849
1 0.79212 0.675232 0.00956345 0.00378074
1 0.698463 0.511125 0.0161362 0.00438287
1 0.917518 0.393623 0.014895 0.00575138
1 0.7455 0.450678 0.0141049 0.00618638
0 0.516776 0.0666885 0.0148566 0.024465
1 0.472668 0.355017 0.0161958 0.00442042
1 0.897141 0.395244 0.0100856 0.00318521
1 0.730535 0.48787 0.016108 0.00644359
1 0.791256 0.59648 0.0105471 0.00473441
0 0.272413 0.208367 0.0081607 0.0149109
1 0.849145 0.448951 0.0108454 0.00449396
1 0.545747 0.419647 0.0149235 0.00624854
1 0.551569 0.699273 0.0106925 0.00359757
1 0.547872 0.187035 0.0296384 0.0116678
1 0.45561 0.668228 0.0208613 0.0191945
1 0.652815 0.1598 0.0089257 0.00410977
1 0.881719 0.299101 0.0137144 0.00513905
0 0.914613 0.512151 0.0160081 0.00804829
0 0.172247 0.262224 0.00838774 0.0147396
1 0.876236 0.419117 0.0148582 0.00569475
1 0.947542 0.449474 0.0149473 0.0056284
0 0.308105 0.240333 0.00830303 0.0147861
1 0.644071 0.651547 0.0220922 0.020408
1 0.567503 0.419791 0.0155518 0.00568712
0 0.55115 0.65719 0.00892958 0.0151786
1 0.687448 0.667475 0.0225365 0.0193064
1 0.772917 0.596279 0.00846219 0.003912
1 0.307584 0.230818 0.00999213 0.00355977
1 0.828544 0.653462 0.00936245 0.0255452
1 0.603967 0.246666 0.00926302 0.00353794
1 0.48386 0.424591 0.014421 0.00532704
1 0.637793 0.246888 0.00999225 0.0032028
1 0.766335 0.509712 0.0185191 0.00713123
1 0.876659 0.448949 0.0149052 0.0047942
0 0.914438 0.487916 0.015213 0.007859
1 0.489626 0.0930503 0.0231856 0.0100094
1 0.716941 0.667934 0.0243333 0.0185157
0 0.561698 0.500289 0.00909024 0.0133891
1 0.727966 0.246312 0.00920855 0.00316984
1 0.563707 0.62041 0.0146586 0.00485167
1 0.567795 0.450418 0.0158538 0.00434416
1 0.12556 0.30933 0.0302978 0.0135363
1 0.876334 0.489331 0.0137362 0.00397979
1 0.699042 0.481995 0.0156366 0.00506883
1 0.575894 0.68726 0.00738394 0.0234075
1 0.75944 0.683024 0.0222597 0.0205865
1 0.784785 0.652879 0.00918917 0.0229859
1 0.876537 0.449969 0.0142987 0.00488331
1 0.705968 0.246273 0.00957001 0.00281978
1 0.533789 0.472566 0.00532494 0.0159255
1 0.766834 0.487823 0.0175206 0.00672103
1 0.575838 0.378183 0.0073785 0.00297415
1 0.563084 0.591627 0.0141338 0.00496911
1 0.618882 0.687571 0.00875604 0.0236462
1 0.158094 0.321629 0.0148135 0.00594586
1 0.863473 0.207469 0.00891495 0.00300323
0 0.640979 0.358045 0.00860689 0.0150641
1 0.926168 0.512618 0.00522395 0.0100749
1 0.534303 0.503262 0.0168211 0.00652907
1 0.941095 0.333853 0.0156703 0.00543607
1 0.730595 0.509784 0.0156199 0.00620795
1 0.984417 0.797214 0.024348 0.00802562
1 0.0577284 0.229304 0.00421818 0.0151987
0 0.5623 0.0736666 0.00829578 0.0153319
0 0.586577 0.259303 0.00796759 0.0152734
1 0.256656 0.323483 0.0139152 0.00490229
1 0.753446 0.566407 0.00897673 0.00494397
1 0.125455 0.372864 0.0303724 0.0117527
1 0.875186 0.363822 0.0149804 0.00518311
1 0.665174 0.50494 0.0173481 0.00671624
1 0.874759 0.394322 0.0159132 0.00591109
1 0.324222 0.230686 0.0092916 0.00412327
1 0.80815 0.675389 0.0105912 0.00350289
1 0.705238 0.347969 0.0089142 0.00361074
1 0.516247 0.128526 0.0154037 0.00411505
1 0.910237 0.418705 0.0147188 0.00516103
1 0.340762 0.553374 0.00641429 0.0178418
1 0.582136 0.567231 0.00878168 0.00378199
1 0.947241 0.418869 0.0149537 0.00527038
1 0.281011 0.323919 0.0158803 0.00527882
1 0.604903 0.487175 0.00440835 0.0132148
1 0.917601 0.363621 0.0147073 0.00509512
1 0.61752 0.588363 0.0298462 0.00759575
1 0.713045 0.123958 0.0107946 0.0418827
1 0.574906 0.514683 0.0038147 0.0163814
1 0.666495 0.441819 0.00826432 0.003034
1 0.906037 0.298867 0.0147232 0.00518092
1 0.51625 0.0986126 0.0172595 0.005061
1 0.0785952 0.284654 0.0282948 0.0121627
1 0.190585 0.285434 0.00776791 0.00323974
1 0.057184 0.253745 0.00536692 0.0154185
1 0.472641 0.325378 0.0167055 0.00484482
1 0.605719 0.514614 0.00577139 0.0164814
1 0.448669 0.470574 0.00407876 0.0162533
1 0.525377 0.61276 0.0100873 0.00409211
1 0.682457 0.160624 0.00953318 0.00392318
1 0.261749 0.259594 0.00336885 0.0102557
1 0.61793 0.599262 0.0293775 0.00703236
1 0.967136 0.333904 0.0158167 0.00483625
1 0.345543 0.471339 0.00974605 0.00431383
1 0.767188 0.498428 0.0178507 0.00643883
1 0.664655 0.4948 0.0169256 0.00696117
1 0.774814 0.580335 0.0141102 0.00527504
1 0.542241 0.367882 0.00403814 0.00869557
1 0.545768 0.450971 0.0166576 0.00460659
1 0.318506 0.517607 0.00589671 0.0166497
1 0.516333 0.0819772 0.0154007 0.00439706
0 0.570733 0.656961 0.00833536 0.0137622
1 0.966928 0.303279 0.0168078 0.00614407
1 0.534112 0.513276 0.0177074 0.00626755
0 0.533032 0.367644 0.0149815 0.00858867
1 0.508938 0.386522 0.00894856 0.00317639
1 0.6199 0.33123 0.00875073 0.00333573
1 0.56158 0.575927 0.0128802 0.00472328
1 0.580719 0.340729 0.00909443 0.00338601
1 0.157436 0.35277 0.0149211 0.00653289
1 0.493491 0.567729 0.010445 0.0042088
1 0.617192 0.565912 0.0293016 0.00693143
1 0.560856 0.545801 0.0153336 0.00640675
1 0.876771 0.458061 0.0145738 0.00559991
1 0.682838 0.441336 0.00305614 0.0145752
1 0.145732 0.204913 0.0143417 0.00517545
1 0.55122 0.667152 0.00920793 0.00441817
0 0.874474 0.0851506 0.00818478 0.0146823
1 0.589799 0.42027 0.0160486 0.00635325
4 0.111464 0.671365 0.17497 0.182246
1 0.281636 0.354521 0.0153495 0.00488197
1 0.562421 0.0826236 0.0090656 0.00288779
1 0.956413 0.38967 0.00340784 0.00934029
1 0.261324 0.384937 0.0371592 0.0117544
1 0.924488 0.487768 0.00418441 0.00862084
1 0.719736 0.587814 0.0288942 0.00747143
1 0.876486 0.501769 0.0138385 0.00493025
1 0.71941 0.599005 0.0297378 0.00657441
1 0.719414 0.566117 0.0284512 0.00706676
1 0.257408 0.353641 0.0148818 0.00549529
3 0.666487 0.126014 0.0854075 0.0529169
1 0.493301 0.620185 0.00848157 0.0039781
1 0.64065 0.348693 0.00932337 0.00361993
1 0.618649 0.124106 0.0126667 0.0433581
1 0.20516 0.353023 0.0167572 0.00635969
1 0.720053 0.576905 0.0302704 0.00725818
1 0.571565 0.667451 0.00859789 0.0037067
1 0.0892476 0.204313 0.0144508 0.00606277
1 0.0277267 0.229249 0.00404002 0.0160131
1 0.61722 0.576425 0.0292764 0.00837589
1 0.172198 0.253307 0.00896219 0.0028155
1 0.340322 0.517191 0.0060538 0.0151401
1 0.535747 0.545391 0.0164103 0.0061057
1 0.536759 0.574999 0.0155585 0.004122
1 0.800837 0.575879 0.0156133 0.00486637
1 0.272277 0.199027 0.00883693 0.00290911
1 0.534533 0.698816 0.00997043 0.00336775
1 0.451307 0.354348 0.00951654 0.00469377
1 0.906665 0.329575 0.0158753 0.00594915
1 0.586841 0.268515 0.00918385 0.00413144
1 0.663059 0.504378 0.0141104 0.00755082
1 0.119683 0.204729 0.0138699 0.00555565
1 0.881879 0.329593 0.0150941 0.00596869
1 0.986505 0.424078 0.00500044 0.00955428
1 0.493442 0.588122 0.00941173 0.00513746
1 0.503741 0.514111 0.0126532 0.00693893
0 0.451061 0.207781 0.009053 0.0158949
1 0.478655 0.470521 0.00555576 0.0159647
1 0.564725 0.472352 0.00460991 0.0152204
1 0.940418 0.303149 0.0162506 0.00571854
1 0.752951 0.597983 0.0086563 0.00323117
1 0.586623 0.00307412 0.0140343 0.00577144
1 0.5817 0.0457962 0.00314487 0.0138207
1 0.362382 0.215033 0.0079386 0.00299057
1 0.0288074 0.25386 0.00437285 0.0141917
1 0.318388 0.552905 0.00536787 0.0170857
1 0.769462 0.420396 0.0128288 0.00635782
0 0.261388 0.445071 0.0509618 0.108968
