3 0.386453 0.899361 0.071295 0.0537341
2 0.283667 0.776714 0.0827609 0.0628228
3 0.622663 0.641294 0.0682474 0.0535705
2 0.732228 0.780576 0.079349 0.0669663
2 0.389294 0.775772 0.0806537 0.0627618
2 0.499513 0.780637 0.0793432 0.0660596
0 0.908948 0.17359 0.0129145 0.0245048
0 0.918438 0.106778 0.00740195 0.0150825
2 0.0446234 0.363259 0.0199079 0.0495114
0 0.755133 0.87992 0.00834512 0.0157897
0 0.284239 0.67593 0.0156745 0.00783157
0 0.0175813 0.814882 0.0127213 0.0234823
0 0.976665 0.238313 0.024237 0.0137735
0 0.809514 0.104648 0.0129402 0.0225894
0 0.251501 0.16962 0.0264045 0.0150322
0 0.967057 0.146871 0.0153887 0.00884353
0 0.0265397 0.720247 0.0279451 0.0545365
0 0.936464 0.14602 0.0149484 0.00843093
0 0.755369 0.916734 0.00866249 0.0169885
1 0.0271959 0.753013 0.0289743 0.0108268
0 0.935553 0.209442 0.0242482 0.0128009
0 0.486543 0.357197 0.0265225 0.0145497
1 0.567425 0.844606 0.0259221 0.0626728
0 0.224059 0.707231 0.012648 0.0243635
0 0.729817 0.198181 0.0262791 0.0514333
0 0.786015 0.916448 0.024858 0.0133875
0 0.777106 0.880533 0.0128956 0.0240637
0 0.246476 0.115444 0.0405214 0.0525247
0 0.91781 0.0764923 0.00787948 0.0160999
0 0.366142 0.651196 0.00948662 0.0182467
0 0.112231 0.409039 0.0254611 0.0136077
0 0.520523 0.92251 0.0261723 0.0132563
1 0.0268225 0.68907 0.0290672 0.010636
0 0.872412 0.117749 0.0160993 0.00850007
0 0.161984 0.31315 0.0127652 0.024167
1 0.191981 0.782736 0.0459648 0.0217418
0 0.938029 0.0766562 0.00867725 0.0153855
0 0.879285 0.212505 0.0279366 0.0549401
0 0.841372 0.0654897 0.0132179 0.0234854
0 0.520103 0.899518 0.0244975 0.013097
0 0.119455 0.815466 0.0270063 0.0522282
1 0.0199038 0.43954 0.0217638 0.0181157
0 0.111775 0.431874 0.0259777 0.0131264
0 0.532344 0.951548 0.00928522 0.0173204
1 0.577296 0.64162 0.0208554 0.0428842
0 0.936205 0.238209 0.0249352 0.0142209
0 0.082897 0.815811 0.0280354 0.0554395
0 0.87874 0.0453261 0.0246354 0.0137758
0 0.23764 0.248787 0.0414602 0.0533947
1 0.063843 0.284526 0.0217608 0.0214411
1 0.646832 0.844935 0.0281301 0.0648969
0 0.936723 0.166599 0.0157277 0.008443
0 0.345623 0.646637 0.0131405 0.023819
1 0.917484 0.0662226 0.00958915 0.00397787
1 0.118165 0.784431 0.0281678 0.0119103
2 0.0425558 0.300746 0.0189615 0.048849
1 0.0201656 0.405519 0.0228852 0.0218203
0 0.251879 0.196114 0.0253541 0.0133932
1 0.0834302 0.783414 0.0283258 0.0105124
1 0.0650277 0.379715 0.0233591 0.0207187
2 0.0409516 0.423164 0.0193271 0.0469539
0 0.878681 0.0176545 0.0247674 0.0138009
0 0.879195 0.0707935 0.0250779 0.0136174
0 0.528282 0.193503 0.00866127 0.0170235
1 0.666828 0.640059 0.0205527 0.0422426
0 0.125501 0.313579 0.0134701 0.0249426
1 0.0474792 0.848707 0.0291281 0.0102742
0 0.833323 0.0295409 0.0252258 0.0138503
0 0.912511 0.139176 0.00850415 0.0166921
1 0.341728 0.900553 0.0211839 0.0419613
0 0.376796 0.676435 0.016179 0.00829196
1 0.729394 0.230352 0.0274311 0.0106004
3 0.193058 0.827915 0.0548944 0.0685699
0 0.877698 0.0973677 0.0238838 0.0129675
1 0.379516 0.730945 0.0120852 0.023928
0 0.561794 0.937043 0.0241535 0.0135005
2 0.120941 0.363713 0.0188062 0.0484403
0 0.976852 0.210821 0.0248113 0.0134556
2 0.583483 0.228571 0.0802931 0.0622785
0 0.0475588 0.815954 0.027014 0.0521009
0 0.100993 0.720854 0.0262865 0.0529415
1 0.0634047 0.318539 0.0219832 0.019802
1 0.100941 0.753389 0.0278453 0.0102575
1 0.0469995 0.783801 0.0282748 0.0112779
0 0.917062 0.0390585 0.00818096 0.0141571
0 0.820546 0.0650373 0.0123365 0.0247263
1 0.0658159 0.346598 0.0222372 0.020928
0 0.509387 0.18851 0.013758 0.0244803
1 0.0211104 0.302137 0.0226593 0.0221345
0 0.937958 0.106827 0.00831554 0.0151642
0 0.698427 0.204009 0.0155199 0.0257526
1 0.765252 0.827365 0.0148704 0.0298679
1 0.194183 0.872032 0.0409324 0.0182045
3 0.462663 0.639663 0.0964068 0.0540965
1 0.100486 0.68904 0.02769 0.0104647
1 0.0640701 0.747532 0.0307287 0.0233233
0 0.766646 0.197582 0.0271019 0.0538289
1 0.119697 0.848827 0.027779 0.0100134
1 0.76631 0.229831 0.0279477 0.0102394
1 0.909076 0.159071 0.0145231 0.00358141
1 0.29495 0.728911 0.0155854 0.0265261
0 0.504086 0.257159 0.00922153 0.0171449
0 0.637213 0.210937 0.0095732 0.0161529
1 0.608793 0.820423 0.0144925 0.0129741
1 0.0220544 0.363878 0.0232554 0.0225673
0 0.967983 0.166998 0.0155615 0.00831818
1 0.879811 0.180168 0.0281683 0.0104281
0 0.284332 0.658721 0.0165704 0.00904483
1 0.097155 0.431544 0.00446402 0.0159892
1 0.534826 0.922645 0.00404264 0.014533
0 0.524392 0.255898 0.00821517 0.0153519
1 0.345595 0.661664 0.014826 0.0062985
1 0.387048 0.676459 0.00295298 0.00968445
1 0.0998847 0.379047 0.0218438 0.0199618
1 0.0632343 0.422372 0.0241911 0.0225339
1 0.729767 0.166179 0.0267298 0.00983806
1 0.358027 0.729099 0.0157186 0.028568
1 0.504802 0.922818 0.00500251 0.01615
1 0.246785 0.0831328 0.0524703 0.0115241
1 0.272873 0.729313 0.0162752 0.027502
1 0.700188 0.827913 0.0131344 0.0283373
1 0.879463 0.244727 0.028815 0.00999433
1 0.238295 0.216266 0.0501402 0.0129611
1 0.127182 0.432527 0.0058524 0.0154516
1 0.431334 0.901489 0.0197834 0.0441053
1 0.0975817 0.408773 0.0042429 0.0158722
1 0.53246 0.940759 0.0094198 0.00380744
1 0.743663 0.826186 0.0118888 0.0248645
1 0.236573 0.195666 0.00494569 0.0150723
1 0.0171667 0.800326 0.0142003 0.00527379
1 0.422514 0.729917 0.0141003 0.0289885
1 0.503851 0.246883 0.00971513 0.00362449
1 0.246457 0.148331 0.0527002 0.0131037
1 0.251941 0.729693 0.0153094 0.0290632
1 0.284222 0.820511 0.0702951 0.0243242
1 0.531586 0.828036 0.0148213 0.0273061
1 0.0831894 0.849089 0.0270111 0.00908354
1 0.841509 0.0507603 0.0145755 0.00364401
1 0.766129 0.166111 0.0282247 0.0102188
1 0.400588 0.730176 0.013407 0.0233653
1 0.722174 0.827783 0.0125359 0.0271411
1 0.819639 0.050128 0.0134313 0.00446257
1 0.223684 0.692435 0.0162852 0.00498787
1 0.142488 0.362897 0.0249706 0.0215366
1 0.862768 0.118126 0.00292518 0.0103962
1 0.223635 0.722255 0.0145665 0.00543432
1 0.466755 0.827758 0.012558 0.0289216
1 0.508562 0.173394 0.0150983 0.00556857
1 0.863485 0.0163137 0.00380625 0.0144059
1 0.316391 0.730113 0.0129555 0.0252569
1 0.238117 0.281543 0.0505934 0.0119987
1 0.488511 0.827727 0.0148055 0.0295989
1 0.29375 0.676151 0.00304998 0.00859558
1 0.776667 0.895006 0.0138227 0.00387311
1 0.0168673 0.830018 0.0148176 0.0062037
1 0.847805 0.0294198 0.00358488 0.0159177
1 0.100024 0.346926 0.021716 0.0209545
1 0.612474 0.693158 0.0972104 0.0224928
1 0.918521 0.0977006 0.00775816 0.00200593
1 0.509818 0.827971 0.0147583 0.0270368
1 0.126912 0.409744 0.00637192 0.0157068
1 0.948883 0.209577 0.00315788 0.0142255
1 0.637039 0.199908 0.0102817 0.00433356
1 0.504905 0.899537 0.00518133 0.0154925
1 0.893066 0.0966269 0.00487356 0.0159121
1 0.949945 0.237918 0.00290036 0.0152079
1 0.615689 0.180419 0.0104575 0.0275768
1 0.754927 0.869934 0.0090449 0.00370482
1 0.957959 0.146526 0.00333911 0.00882849
1 0.534747 0.899746 0.00489094 0.0149119
1 0.47099 0.357625 0.00460756 0.0163156
1 0.572366 0.180603 0.010824 0.0278267
1 0.389747 0.822392 0.0730654 0.0295046
0 0.937966 0.0394404 0.00837276 0.0149537
1 0.800123 0.916292 0.00477375 0.015116
1 0.0215598 0.359762 0.0222945 0.0179244
1 0.615355 0.27626 0.0107079 0.0317739
1 0.863934 0.0709193 0.00443243 0.016958
2 0.730687 0.0318115 0.0495174 0.0609045
1 0.593919 0.180128 0.0101078 0.0283679
1 0.938029 0.0669227 0.00957164 0.00376695
1 0.912585 0.129574 0.00980565 0.0027844
1 0.743497 0.827174 0.0148405 0.0291562
1 0.550811 0.2757 0.0117066 0.0305522
1 0.848583 0.0296825 0.00478795 0.0161434
1 0.125442 0.298528 0.0160919 0.00573296
1 0.863775 0.0976562 0.00401087 0.0152816
1 0.59448 0.276253 0.0111201 0.030659
1 0.938203 0.0974893 0.00943875 0.00263265
1 0.515631 0.638483 0.0319249 0.0567684
1 0.162384 0.298691 0.0162977 0.0052035
1 0.524794 0.247048 0.00878678 0.00336302
1 0.754917 0.927581 0.0100458 0.00445269
1 0.577091 0.937462 0.00634184 0.0152276
1 0.893582 0.0703438 0.0040998 0.0150996
1 0.572762 0.276387 0.0110033 0.0301059
1 0.609054 0.766791 0.0141863 0.00851297
1 0.809777 0.0912308 0.0135357 0.00386044
1 0.917092 0.0499134 0.00814738 0.00389786
1 0.893325 0.0176431 0.00414714 0.0146987
1 0.809177 0.120367 0.0144858 0.00624446
1 0.528003 0.184019 0.0086442 0.00314265
1 0.743449 0.83171 0.0151312 0.0201126
1 0.863881 0.0443968 0.00373822 0.0152748
1 0.5504 0.181034 0.0108862 0.0278412
1 0.908879 0.159684 0.014608 0.003614
1 0.820328 0.0801033 0.0131312 0.00563976
1 0.864118 0.0173488 0.00438521 0.0149875
1 0.893892 0.0452058 0.00422706 0.0163175
1 0.12778 0.408941 0.00581325 0.0159625
1 0.77004 0.916127 0.00478651 0.015136
1 0.926444 0.167169 0.0031924 0.0105422
1 0.409704 0.639428 0.0218891 0.05201
1 0.775346 0.0496184 0.029381 0.022738
1 0.818238 0.0298842 0.0048239 0.0163582
1 0.267848 0.196022 0.00494222 0.0152288
1 0.344375 0.631384 0.0143152 0.00591316
1 0.502442 0.357275 0.00510003 0.0165441
1 0.236643 0.169782 0.00501817 0.0154788
1 0.637651 0.220828 0.009877 0.00486529
0 0.249315 0.848525 0.00931296 0.00764584
2 0.610176 0.760299 0.109595 0.115762
0 0.320929 0.848265 0.0119947 0.00609326
0 0.733021 0.104624 0.0191297 0.0622245
2 0.622533 0.0359708 0.0579775 0.0694123
1 0.841995 0.0801514 0.0153432 0.00540811
