3 0.68627 0.908966 0.0648076 0.0365252
3 0.335812 0.6759 0.0389618 0.0665453
4 0.154632 0.630242 0.175458 0.177358
4 0.114613 0.814938 0.114185 0.121415
0 0.404708 0.621084 0.0387881 0.0470645
0 0.463177 0.419327 0.0230311 0.0117303
0 0.480841 0.38494 0.0124869 0.0237468
0 0.791761 0.300809 0.0125039 0.0237068
0 0.576947 0.370625 0.0121231 0.0246472
0 0.607867 0.418028 0.0145102 0.024703
2 0.665486 0.6727 0.0160083 0.028035
0 0.445425 0.386047 0.0123926 0.0231748
0 0.958334 0.649039 0.0314928 0.0193503
0 0.636407 0.327359 0.0136938 0.0252564
0 0.747141 0.327374 0.0203552 0.0331243
0 0.0689737 0.0519423 0.0120606 0.0239677
0 0.678837 0.182033 0.0234196 0.0132097
0 0.48028 0.51856 0.050963 0.023182
1 0.51378 0.594836 0.0493266 0.0177567
0 0.648992 0.440015 0.0123012 0.0246026
0 0.700201 0.326226 0.013956 0.0255277
0 0.792721 0.637171 0.0123794 0.0234227
0 0.407347 0.705947 0.0493907 0.0391923
0 0.457328 0.591428 0.0254419 0.0120008
0 0.462389 0.686241 0.0123885 0.0243381
0 0.957866 0.79884 0.0315251 0.0188864
0 0.708036 0.0487472 0.0254734 0.0133495
0 0.366776 0.469364 0.0503256 0.0252576
0 0.678568 0.139038 0.0231369 0.0131075
0 0.0876904 0.0178476 0.0247162 0.0123041
3 0.385166 0.540512 0.0641986 0.0367675
0 0.958311 0.686309 0.03197 0.0201802
0 0.323141 0.610342 0.0249113 0.0120928
0 0.17434 0.0599308 0.0223222 0.0203548
0 0.110609 0.171525 0.014852 0.0255566
1 0.663432 0.848725 0.0100038 0.0284498
0 0.792278 0.71974 0.0121342 0.02457
0 0.608859 0.546158 0.0127894 0.0238123
1 0.480903 0.369823 0.0149925 0.00561752
5 0.298216 0.183969 0.258008 0.278375
1 0.40353 0.652375 0.051895 0.0140419
0 0.792498 0.677844 0.0125143 0.0241649
1 0.403759 0.59009 0.0540376 0.0154996
0 0.595969 0.0708884 0.0258222 0.0134272
1 0.791761 0.286304 0.0142263 0.00541768
1 0.648606 0.424919 0.0142066 0.00516688
0 0.512105 0.627038 0.0457439 0.0459996
0 0.792087 0.583668 0.0120344 0.0245118
0 0.644242 0.138934 0.0124858 0.0187922
1 0.792803 0.652507 0.0153468 0.00558522
1 0.792819 0.621878 0.0148763 0.0055759
0 0.792366 0.144797 0.0128367 0.0243812
9 0.113431 0.104561 0.0224883 0.0253097
1 0.792455 0.599218 0.0143671 0.00582335
1 0.514907 0.655773 0.0526872 0.0125525
0 0.539229 0.400143 0.0244518 0.0121156
0 0.572621 0.835104 0.0461805 0.0244673
1 0.511433 0.518202 0.010343 0.0289495
1 0.335824 0.468978 0.0114778 0.0268926
1 0.981227 0.909443 0.0220764 0.0223511
1 0.375997 0.706739 0.0143895 0.0505327
2 0.0998421 0.277656 0.0188422 0.0442469
1 0.791378 0.316026 0.0147629 0.00500573
1 0.747118 0.30605 0.0247655 0.00734401
1 0.444803 0.37145 0.0129995 0.00505744
1 0.57667 0.354753 0.0135431 0.00591009
1 0.0685833 0.0668468 0.0144351 0.00517878
1 0.363351 0.514573 0.0128415 0.0114488
1 0.449331 0.51759 0.00982094 0.0268316
1 0.72376 0.0493609 0.00477675 0.014544
1 0.473488 0.591958 0.00662072 0.0130334
1 0.399615 0.469074 0.0124047 0.0304558
1 0.692915 0.181832 0.00453017 0.0145277
0 0.555648 0.0410567 0.0210397 0.019328
1 0.335042 0.71722 0.0269869 0.0116476
1 0.792592 0.160147 0.0148911 0.00567888
1 0.4451 0.401527 0.014948 0.00593767
0 0.792689 0.802486 0.0119781 0.0240593
0 0.125425 0.118815 0.0231248 0.0234567
2 0.654308 0.757688 0.0539099 0.10812
1 0.747221 0.347105 0.0218055 0.00630154
3 0.701979 0.850149 0.0669174 0.0373955
1 0.0692245 0.0365163 0.0126878 0.00490203
1 0.602632 0.796582 0.0490712 0.027331
1 0.792938 0.691879 0.0139656 0.00391244
1 0.724339 0.909145 0.0100908 0.0281665
0 0.680101 0.108231 0.0216875 0.0170118
1 0.0722285 0.0180605 0.00514123 0.0132331
2 0.96064 0.908064 0.0170017 0.0427337
0 0.566385 0.866926 0.0127277 0.0199788
1 0.48051 0.400574 0.0142971 0.00568793
1 0.576796 0.385701 0.0141833 0.00497818
1 0.448364 0.419499 0.00500332 0.0138603
1 0.607335 0.433187 0.0168054 0.00437308
1 0.442148 0.290442 0.00979674 0.0104694
0 0.545156 0.715309 0.0256672 0.0294371
1 0.643718 0.908593 0.00908873 0.0278904
1 0.307773 0.610591 0.00515781 0.0150812
1 0.100519 0.112494 0.0102969 0.0108688
0 0.194777 0.0399758 0.0233058 0.0250838
1 0.580465 0.071684 0.00534783 0.0164396
1 0.335121 0.639075 0.0257236 0.00827814
1 0.233608 0.0177551 0.00850171 0.0100782
1 0.0559538 0.631478 0.0180064 0.0238153
0 0.430844 0.0272554 0.0309941 0.0348624
1 0.251208 0.63081 0.0173579 0.0250929
0 0.792381 0.761386 0.0123404 0.0234876
1 0.463833 0.265885 0.0131074 0.0120889
1 0.64881 0.387862 0.0168398 0.00681611
1 0.744914 0.8489 0.014385 0.0282004
1 0.700149 0.342258 0.0158349 0.00600624
0 0.65125 0.546891 0.012947 0.0265784
1 0.159347 0.051338 0.00992692 0.0141701
1 0.129488 0.0851525 0.0117701 0.0143573
1 0.607375 0.40281 0.0152118 0.00445022
1 0.691914 0.138363 0.0043365 0.0151877
1 0.461711 0.670255 0.0133529 0.00621558
1 0.636798 0.0461937 0.00355123 0.0116063
1 0.644692 0.151149 0.0151658 0.00519854
1 0.733645 0.90875 0.0132534 0.0292935
0 0.649513 0.370967 0.0147998 0.0250457
1 0.339245 0.540366 0.0114911 0.0264717
1 0.103556 0.0185083 0.00633266 0.0143508
1 0.612785 0.0705886 0.00422481 0.0142076
1 0.648823 0.683561 0.0180359 0.00582692
1 0.963518 0.228846 0.00627355 0.0110723
0 0.637151 0.0925698 0.021826 0.0168832
1 0.346219 0.541135 0.008358 0.0277248
1 0.419501 0.540435 0.0107735 0.0258196
1 0.462014 0.701246 0.0139098 0.00603629
0 0.550542 0.245285 0.0272177 0.0280965
1 0.230146 0.370118 0.0147298 0.0159872
0 0.67241 0.181929 0.0158689 0.0136775
0 0.578672 0.00465159 0.0120628 0.00881026
1 0.979533 0.649119 0.00638249 0.0234933
0 0.141317 0.0282845 0.0258607 0.0143124
1 0.364866 0.564872 0.0108293 0.0112378
1 0.651267 0.908475 0.0096071 0.0262943
1 0.280582 0.0394619 0.0147058 0.0136597
1 0.566069 0.879328 0.0149122 0.00384284
1 0.682677 0.661522 0.0174365 0.00463573
1 0.691646 0.0495731 0.0049431 0.0156585
9 0.142272 0.0770513 0.0218356 0.0233534
1 0.441154 0.590996 0.00582238 0.0143306
0 0.39495 0.0571454 0.0236096 0.0251998
1 0.183897 0.237001 0.0259898 0.0244316
1 0.682788 0.683444 0.0167537 0.00416684
1 0.647245 0.661341 0.0169804 0.00431968
0 0.45075 0.280162 0.0210685 0.0214072
0 0.47487 0.48512 0.0261362 0.0128966
1 0.577608 0.0103686 0.0120983 0.00531727
1 0.792321 0.705774 0.0123496 0.0036461
1 0.979775 0.68597 0.00731434 0.0236887
0 0.644781 0.046218 0.0133247 0.0110578
0 0.142212 0.0778177 0.0220094 0.0245799
1 0.294255 0.0157684 0.0118848 0.00978324
1 0.338966 0.609901 0.00622643 0.0139752
1 0.429965 0.540499 0.0112301 0.0284779
1 0.691876 0.181864 0.00372127 0.0148589
0 0.638538 0.204011 0.0094819 0.010337
1 0.137326 0.954273 0.00582087 0.0157355
0 0.958169 0.50885 0.00605511 0.00906922
0 0.77066 0.977109 0.011578 0.0239198
1 0.246707 0.00494508 0.0102913 0.00922272
1 0.207492 0.262392 0.0264051 0.0239623
1 0.125557 0.0895361 0.0165096 0.0161346
1 0.102938 0.111015 0.0102826 0.0134468
1 0.183159 0.181244 0.0114809 0.012117
1 0.109455 0.154963 0.0173137 0.00645051
1 0.609127 0.559931 0.0137674 0.00438377
1 0.229906 0.285678 0.0249134 0.0241754
1 0.120935 0.277537 0.0233653 0.0169252
0 0.701834 0.849649 0.0681595 0.0361082
0 0.728373 0.377364 0.0213709 0.0257825
1 0.246385 0.300437 0.0263822 0.023681
1 0.626493 0.00309235 0.00883809 0.00617955
0 0.142741 0.105214 0.011631 0.0120828
1 0.222818 0.275992 0.0257704 0.0242452
1 0.180429 0.234611 0.0247273 0.0223039
3 0.511867 0.626017 0.0459876 0.045602
0 0.958428 0.423866 0.00634934 0.0103347
1 0.137007 0.945336 0.00776541 0.0163884
0 0.422406 0.0778786 0.0238543 0.0226923
