3 0.110069 0.943573 0.0397214 0.06518
0 0.926287 0.747387 0.0261085 0.0140714
0 0.653197 0.184601 0.0267503 0.0147374
0 0.926508 0.278408 0.026166 0.0141342
2 0.253615 0.639619 0.0170408 0.0320358
0 0.925903 0.66031 0.0263963 0.0143668
0 0.652517 0.833262 0.0268226 0.0139344
0 0.0736306 0.423806 0.0478385 0.0266293
0 0.00927956 0.146906 0.0131601 0.0241742
0 0.139185 0.563258 0.00993377 0.0166974
0 0.368528 0.426984 0.0234272 0.0130365
0 0.798602 0.363691 0.0270021 0.014259
0 0.9264 0.106617 0.0262274 0.0143821
0 0.925994 0.53481 0.0259123 0.0146216
2 0.608123 0.552208 0.0191181 0.0486142
0 0.542679 0.558587 0.0257042 0.0493987
0 0.658832 0.689959 0.01335 0.0246621
0 0.507568 0.555483 0.0246824 0.0512965
0 0.797558 0.919033 0.0247979 0.0137277
0 0.28019 0.426333 0.00820376 0.0153414
0 0.798355 0.278253 0.0271661 0.0143021
0 0.626326 0.733838 0.0270393 0.0529586
1 0.54806 0.0593459 0.0428995 0.0203607
0 0.0452532 0.360012 0.024855 0.0507615
0 0.0807604 0.324477 0.0276328 0.0561653
0 0.517645 0.619488 0.0264993 0.0143521
0 0.798545 0.693696 0.025127 0.0131473
0 0.129894 0.639743 0.0150168 0.00833036
0 0.798095 0.320794 0.0266334 0.014853
1 0.438484 0.216464 0.0420708 0.0215454
0 0.925681 0.70537 0.0264815 0.0142421
0 0.798204 0.874715 0.0273248 0.0152435
0 0.196892 0.375917 0.00922233 0.016519
0 0.79771 0.54176 0.0240474 0.0141432
0 0.0516846 0.708878 0.0157569 0.00901294
0 0.098818 0.563623 0.00857254 0.0164602
0 0.926007 0.616315 0.0264811 0.0142353
0 0.00874476 0.197854 0.0125909 0.0238581
1 0.438407 0.150221 0.0418707 0.0194441
0 0.413294 0.591313 0.0125328 0.0238686
0 0.7807 0.990781 0.023927 0.0131817
0 0.653336 0.338939 0.0262139 0.014194
0 0.652892 0.150096 0.0261543 0.0146791
0 0.797763 0.619969 0.0256496 0.0137305
0 0.798308 0.662392 0.0247307 0.0129085
0 0.79715 0.833794 0.0258735 0.0140377
0 0.0467674 0.16413 0.0131443 0.0241652
0 0.657449 0.888137 0.0145029 0.0261419
1 0.438232 0.0612905 0.0420487 0.0226713
0 0.798788 0.107804 0.0259469 0.0134454
0 0.266608 0.46779 0.0164243 0.00854708
0 0.0843017 0.377687 0.0254503 0.0150938
0 0.225512 0.717406 0.00843745 0.015798
0 0.0801184 0.845242 0.0168416 0.00946845
0 0.926928 0.961051 0.0254106 0.0146596
0 0.797875 0.150498 0.0267482 0.0144844
0 0.0514279 0.742622 0.0168086 0.0094228
1 0.542932 0.527244 0.0286008 0.0119142
0 0.926703 0.320714 0.0262075 0.0139207
1 0.00923125 0.182598 0.0151894 0.00467213
0 0.925764 0.406692 0.0246906 0.0144174
1 0.548039 0.149493 0.0421898 0.0208577
0 0.926519 0.353213 0.0254972 0.0151368
0 0.236222 0.0339729 0.0158424 0.00839113
0 0.926485 0.235605 0.0255385 0.0144371
0 0.369764 0.396512 0.0261343 0.013554
0 0.926754 0.791169 0.024209 0.0141385
3 0.437061 0.105933 0.0537049 0.066159
0 0.657024 0.929233 0.013908 0.0262675
0 0.645808 0.791096 0.0255923 0.0140093
1 0.542528 0.589829 0.0291648 0.0115099
0 0.173887 0.654723 0.00881445 0.0159077
0 0.158635 0.507554 0.016772 0.00887455
0 0.798306 0.236196 0.0266795 0.0146714
0 0.798156 0.406448 0.0254056 0.0142045
1 0.438883 0.307339 0.0422993 0.0176777
0 0.475532 0.550663 0.013502 0.0265327
0 0.014854 0.311302 0.0120898 0.0240562
0 0.798217 0.963239 0.0258853 0.0141785
0 0.0983941 0.600837 0.00887862 0.0155707
0 0.475997 0.591575 0.0135166 0.0254839
1 0.0431661 0.423403 0.00983703 0.0280888
1 0.668922 0.339145 0.00529361 0.0155805
0 0.780316 0.519359 0.0254634 0.0134111
0 0.023796 0.952004 0.0140406 0.0230849
0 0.055027 0.767002 0.00909339 0.016468
1 0.607879 0.880075 0.0439436 0.0216024
0 0.216514 0.388899 0.00876259 0.0169042
0 0.204786 0.575359 0.0161358 0.00887799
1 0.475256 0.534602 0.0164138 0.00436614
1 0.292803 0.723188 0.00334239 0.0098593
1 0.941456 0.660376 0.00534439 0.0152939
1 0.0901064 0.845365 0.0035052 0.0102065
1 0.9416 0.535145 0.00539354 0.0158496
0 0.0293075 0.855739 0.013717 0.0239881
0 0.28051 0.396785 0.00767348 0.015098
1 0.631251 0.552339 0.0241998 0.0219407
1 0.506424 0.586985 0.0286915 0.0120268
0 0.209364 0.717893 0.00821006 0.0157085
1 0.214467 0.575611 0.00305807 0.0103996
1 0.00955584 0.162242 0.0151059 0.00576097
5 0.240896 0.188059 0.241541 0.174038
1 0.109619 0.901882 0.0286749 0.0195611
0 0.283167 0.723101 0.0161128 0.00846006
1 0.413141 0.605726 0.0157255 0.00565301
1 0.245692 0.0337329 0.00314825 0.00936717
1 0.236445 0.650852 0.0158192 0.00655015
0 0.11754 0.563591 0.00812713 0.0162649
0 0.0792987 0.600409 0.00849173 0.0154371
1 0.587239 0.568184 0.021517 0.0194297
1 0.506778 0.523602 0.0293152 0.0114326
1 0.661367 0.791499 0.00541212 0.0155725
3 0.610598 0.923974 0.0547631 0.0705194
1 0.0552788 0.777151 0.0102624 0.00305395
1 0.668309 0.150837 0.00572742 0.0158727
1 0.0816385 0.357066 0.0267561 0.00928722
1 0.668589 0.18509 0.0052574 0.0160035
3 0.438794 0.261477 0.0532062 0.0692336
1 0.942094 0.278481 0.00500082 0.0159378
1 0.106791 0.423057 0.0114307 0.0269997
1 0.58759 0.535596 0.020916 0.0183895
1 0.626353 0.701743 0.0285516 0.0107422
1 0.0447593 0.392311 0.0282592 0.0113608
1 0.0987008 0.57345 0.00924927 0.00356543
1 0.668127 0.833778 0.00551868 0.015685
1 0.081319 0.291146 0.0293274 0.0100978
1 0.235588 0.628637 0.0164595 0.00709296
1 0.941803 0.748 0.0058959 0.015543
1 0.271421 0.628531 0.0164681 0.00604917
1 0.173507 0.645169 0.00921904 0.00332567
1 0.110079 0.986926 0.0288343 0.019431
1 0.636879 0.184599 0.00502489 0.0172457
1 0.941385 0.353494 0.00523614 0.0165476
1 0.139206 0.57309 0.010537 0.00481058
1 0.0096961 0.131125 0.0162121 0.00595044
0 0.0461863 0.953264 0.0149233 0.0240464
3 0.477854 0.386234 0.100337 0.0683711
1 0.29104 0.532265 0.0295521 0.0288784
1 0.941581 0.705561 0.00516535 0.0156748
1 0.658992 0.674744 0.01544 0.00459527
1 0.942308 0.107068 0.00624322 0.0155621
1 0.0446497 0.329288 0.0280552 0.0120355
1 0.098693 0.378127 0.00359869 0.016431
1 0.65765 0.872126 0.0168541 0.00500101
1 0.117427 0.572893 0.00917977 0.00415314
1 0.626716 0.766674 0.0277293 0.0112994
1 0.476001 0.566543 0.0160858 0.00469277
1 0.168823 0.507146 0.00351132 0.00985346
1 0.0290471 0.840536 0.0144373 0.00539711
1 0.909681 0.616604 0.00481796 0.0165966
1 0.942095 0.616137 0.00526866 0.0157458
1 0.290701 0.583364 0.0282767 0.0256674
0 0.0514028 0.726414 0.0161154 0.00842035
1 0.272306 0.651171 0.0170842 0.00671268
1 0.941585 0.791124 0.00556352 0.0151565
1 0.361463 0.584281 0.0274829 0.0244548
1 0.28025 0.417024 0.00839233 0.00302828
1 0.941924 0.235692 0.00506479 0.0158859
1 0.942127 0.961416 0.00490977 0.0153535
1 0.910268 0.747487 0.00469327 0.0161989
1 0.94216 0.320831 0.00488619 0.0153249
1 0.029238 0.870623 0.016785 0.0046468
1 0.044642 0.389697 0.0271172 0.0113021
1 0.657997 0.90291 0.0157292 0.00365492
1 0.910788 0.23541 0.00502802 0.0167278
1 0.276122 0.46746 0.00383668 0.00911778
1 0.353976 0.426758 0.0044733 0.0146375
1 0.475993 0.606509 0.0160962 0.00374603
1 0.909752 0.660252 0.00497011 0.0160004
3 0.55053 0.103867 0.0511319 0.0687242
1 0.637397 0.338494 0.00510644 0.016101
1 0.0982472 0.590635 0.00923553 0.00351546
1 0.910798 0.320375 0.00482059 0.0158641
1 0.609021 0.969887 0.0410595 0.0222886
1 0.910429 0.106884 0.00473354 0.0166256
1 0.814581 0.363678 0.00561905 0.015653
1 0.637328 0.149932 0.0053761 0.0161703
1 0.00871057 0.213653 0.0150018 0.0061028
1 0.413163 0.576114 0.0149754 0.00593448
2 0.113015 0.725304 0.0804747 0.0701811
1 0.0147203 0.32597 0.0137395 0.00508308
1 0.079324 0.591019 0.00917417 0.00339677
1 0.636603 0.833149 0.00451923 0.0159144
1 0.216013 0.378803 0.0116566 0.00321914
1 0.78363 0.107472 0.00470271 0.0158491
1 0.910857 0.406445 0.00547978 0.0165053
1 0.910739 0.961156 0.00543976 0.0170097
2 0.322354 0.411351 0.0499786 0.046888
1 0.630007 0.79064 0.00560285 0.0166681
1 0.120657 0.639689 0.00285131 0.00939722
1 0.235851 0.639676 0.0157294 0.00690604
1 0.3059 0.375212 0.00713286 0.0255978
1 0.90995 0.534585 0.00492571 0.0157768
1 0.286219 0.531748 0.0193454 0.0285179
1 0.658494 0.705114 0.0163183 0.00548722
1 0.91012 0.705215 0.00473879 0.0160613
1 0.91094 0.352879 0.00466631 0.0176696
1 0.940987 0.406457 0.00599145 0.015195
1 0.298886 0.075934 0.00747812 0.0426157
1 0.276938 0.076058 0.00770675 0.0429753
1 0.91139 0.278012 0.00486386 0.016344
1 0.354132 0.396037 0.00543719 0.0157446
1 0.208707 0.708173 0.00929356 0.00344874
1 0.287805 0.0759979 0.00760388 0.0452027
1 0.784121 0.69304 0.0044323 0.0155498
1 0.33217 0.0757774 0.00854229 0.0434315
9 0.326464 0.556562 0.0748864 0.0514494
1 0.814491 0.278293 0.00536684 0.0158079
1 0.362024 0.530348 0.0295535 0.0247207
1 0.0140609 0.295679 0.0155366 0.00643693
1 0.210077 0.0764012 0.0075783 0.0413786
1 0.310984 0.302134 0.00793338 0.045238
1 0.501776 0.618836 0.00530637 0.0155862
1 0.355055 0.396566 0.00435276 0.0162329
1 0.315806 0.447751 0.00547934 0.0238857
1 0.814918 0.874418 0.0058323 0.0161362
1 0.78372 0.541683 0.0047483 0.0148344
1 0.197028 0.386412 0.0104031 0.00339223
1 0.361839 0.588773 0.0278948 0.0172312
1 0.310281 0.0765844 0.00772908 0.0437203
1 0.232848 0.302405 0.00768966 0.0454145
1 0.41583 0.383261 0.0218829 0.0767621
0 0.0545903 0.79643 0.0150304 0.00833868
1 0.32262 0.301975 0.00954853 0.0436615
1 0.271942 0.639267 0.0179522 0.00665333
1 0.224983 0.708362 0.00915426 0.00348163
1 0.288269 0.302338 0.00803285 0.0451627
1 0.476462 0.574886 0.0164375 0.00590109
1 0.188486 0.302711 0.00782538 0.0425673
1 0.321391 0.0758557 0.00807012 0.0422722
2 0.550816 0.103569 0.0515358 0.0690733
1 0.76421 0.519596 0.00641107 0.0171506
1 0.332338 0.302962 0.0112806 0.0414242
1 0.254491 0.0756898 0.00747133 0.0445273
1 0.364884 0.573153 0.0229605 0.013274
1 0.243915 0.075909 0.00750864 0.0426672
1 0.385062 0.396477 0.00501282 0.0147698
1 0.339268 0.374205 0.00699103 0.0255925
1 0.814441 0.150889 0.00557402 0.0166951
1 0.326168 0.448966 0.00606221 0.0247459
1 0.266236 0.302557 0.00799989 0.0434425
1 0.243807 0.30228 0.00809801 0.0440153
1 0.316802 0.374562 0.00658864 0.0267104
1 0.533432 0.619534 0.00490045 0.0162011
1 0.277705 0.302474 0.0076495 0.0429581
1 0.81452 0.236574 0.00562243 0.0167242
1 0.782893 0.407047 0.00583586 0.016719
1 0.78398 0.662227 0.00481571 0.0149889
1 0.254705 0.302986 0.009068 0.0424905
1 0.0425395 0.709089 0.00274221 0.00936508
1 0.165944 0.0750992 0.00737381 0.0444204
1 0.299955 0.301907 0.00735646 0.0455004
1 0.911072 0.790966 0.00546265 0.0160207
1 0.0233832 0.9655 0.0146001 0.0041629
1 0.143072 0.0763838 0.00741976 0.0433966
1 0.814682 0.108018 0.00526216 0.015001
1 0.814249 0.405893 0.00623015 0.01562
0 0.326045 0.557135 0.0780085 0.0512345
1 0.657734 0.911198 0.0168535 0.00700891
1 0.285369 0.581261 0.0198687 0.0302169
1 0.283941 0.578951 0.0145364 0.0259543
1 0.177753 0.302656 0.00795561 0.0450767
1 0.814764 0.320581 0.00603748 0.017013
1 0.197056 0.364813 0.010359 0.00429751
1 0.33797 0.448012 0.0073614 0.0237217
1 0.166036 0.302851 0.00807137 0.0441379
1 0.814611 0.693642 0.00559116 0.0155561
1 0.222359 0.302378 0.00793324 0.0449175
1 0.266427 0.0760296 0.00796355 0.0438386
1 0.221452 0.0763221 0.00754248 0.0439739
1 0.232528 0.0765516 0.00748522 0.0438023
1 0.188398 0.0758123 0.00750368 0.0441531
1 0.198892 0.0764334 0.00785094 0.0427763
1 0.382037 0.133147 0.0152068 0.0171304
