2 0.748286 0.499956 0.0188101 0.0282593
2 0.329601 0.535331 0.0332185 0.0181942
0 0.754087 0.575632 0.00868206 0.0144978
0 0.67448 0.253738 0.00838877 0.0155899
0 0.472094 0.34039 0.0149924 0.0249956
0 0.598259 0.687661 0.0329325 0.0214093
2 0.740214 0.667804 0.0195139 0.0467269
0 0.876792 0.434194 0.012616 0.0235823
0 0.637849 0.236931 0.00799967 0.0157582
0 0.486023 0.120743 0.00723958 0.0143142
0 0.754071 0.605507 0.00821329 0.016281
0 0.589813 0.436003 0.0127602 0.022513
0 0.897628 0.384601 0.00941686 0.018415
0 0.583707 0.576532 0.0077918 0.0148959
2 0.429535 0.52953 0.0433773 0.019196
0 0.0336133 0.314089 0.0260686 0.0506382
0 0.517376 0.114695 0.0140443 0.024353
0 0.864375 0.197448 0.00782788 0.0146669
0 0.792041 0.606152 0.00948046 0.0158568
0 0.158229 0.336824 0.0125814 0.0241867
0 0.563728 0.606231 0.0120801 0.0238834
0 0.639063 0.429872 0.0123923 0.0235093
2 0.648726 0.505222 0.0168051 0.0282163
0 0.88201 0.313275 0.0121229 0.0236537
0 0.127 0.341383 0.0245926 0.0509911
3 0.0805623 0.328017 0.0365484 0.067472
0 0.708345 0.305476 0.00824212 0.0155098
0 0.775002 0.565139 0.0117674 0.0240343
0 0.606586 0.656766 0.00809316 0.014843
0 0.617757 0.42984 0.0118991 0.0238762
0 0.682902 0.171176 0.00775353 0.0147276
0 0.84049 0.518482 0.0163125 0.0081668
0 0.746411 0.436091 0.0119061 0.0220924
0 0.549061 0.156769 0.0237436 0.050931
0 0.451276 0.344004 0.00786559 0.0148083
0 0.798857 0.499487 0.0137372 0.0243512
0 0.699074 0.497949 0.0142734 0.0245845
0 0.325772 0.239945 0.00761998 0.0147461
0 0.489076 0.0718271 0.0194681 0.0295963
0 0.562533 0.561294 0.0127136 0.0229168
0 0.551482 0.688444 0.00906347 0.0144546
1 0.429268 0.549972 0.0205208 0.0210982
0 0.56832 0.436268 0.012434 0.0240945
0 0.941496 0.318514 0.0139131 0.0245976
0 0.205373 0.336766 0.0126931 0.0249677
1 0.489007 0.0515659 0.0235513 0.00987668
0 0.917723 0.378197 0.012414 0.0239761
0 0.698363 0.440885 0.0250893 0.0136962
0 0.833541 0.458739 0.0085049 0.016235
0 0.190528 0.276787 0.00807612 0.0142761
0 0.792058 0.684763 0.00775278 0.0144985
0 0.910038 0.433855 0.013382 0.0232503
0 0.120034 0.219801 0.0128911 0.0244272
0 0.80744 0.653277 0.0338339 0.0210324
0 0.0895579 0.219506 0.0122721 0.0241679
0 0.948219 0.434204 0.0120664 0.0233227
0 0.808967 0.684523 0.00926233 0.0156007
0 0.536651 0.561406 0.0145302 0.0245372
0 0.273409 0.258378 0.0179429 0.00888723
0 0.772966 0.606156 0.00867725 0.0162036
0 0.547406 0.435995 0.014841 0.0241651
2 0.665926 0.667099 0.0192466 0.0443854
0 0.329245 0.460952 0.00829987 0.015384
1 0.446062 0.508395 0.0191903 0.0226379
1 0.414043 0.508426 0.0186545 0.0220188
0 0.54882 0.472716 0.0253096 0.014634
0 0.4845 0.439051 0.0127005 0.0242332
0 0.589893 0.657048 0.00866099 0.0157387
0 0.34577 0.461168 0.00837195 0.0146859
0 0.877338 0.474974 0.0128653 0.0234332
0 0.8757 0.378547 0.0122657 0.0243345
0 0.0430869 0.229364 0.0253846 0.0136297
0 0.758761 0.40739 0.0144336 0.0079931
0 0.362699 0.233909 0.00804954 0.0145479
0 0.975951 0.423961 0.0137499 0.00792069
0 0.651809 0.170389 0.00856493 0.0138804
0 0.801015 0.561774 0.0150978 0.0244365
0 0.569874 0.0455219 0.0222261 0.012435
0 0.581918 0.349862 0.00873428 0.0156686
0 0.728424 0.237037 0.00855981 0.0155241
0 0.877021 0.515953 0.0123367 0.0240729
2 0.477402 0.667803 0.0190201 0.0440917
0 0.604335 0.23696 0.00728332 0.0149274
0 0.59061 0.514207 0.0251794 0.0143525
0 0.281646 0.339023 0.0127122 0.0239261
0 0.464202 0.46934 0.024391 0.0133378
1 0.125899 0.309423 0.0295627 0.0125313
1 0.0330723 0.282786 0.0316036 0.0126623
0 0.1462 0.219419 0.0121579 0.0238155
0 0.0432881 0.253648 0.0232752 0.0122278
0 0.769774 0.435602 0.0124389 0.0224781
0 0.620614 0.321811 0.00731371 0.0147932
0 0.658415 0.624967 0.0150386 0.00820185
1 0.876675 0.449619 0.0139415 0.00492756
0 0.390076 0.553105 0.0148607 0.0243216
1 0.0342331 0.346051 0.0300122 0.0115677
1 0.30775 0.230115 0.0105262 0.00399211
0 0.508801 0.376077 0.00777173 0.0153486
0 0.591134 0.485844 0.0248548 0.0126021
0 0.967233 0.319024 0.0147564 0.0243005
0 0.906511 0.313161 0.0127109 0.0239791
1 0.877032 0.448464 0.0150497 0.0049541
0 0.308268 0.239838 0.00805748 0.0148672
0 0.665392 0.432761 0.00760319 0.0145957
0 0.576123 0.38714 0.00833536 0.0142633
0 0.705619 0.236649 0.00777291 0.0157753
0 0.363304 0.205067 0.00693474 0.0134093
1 0.699309 0.512437 0.0161813 0.00410652
0 0.849552 0.458467 0.00954737 0.0159452
1 0.549122 0.125529 0.0279577 0.0118479
0 0.914726 0.511838 0.015398 0.008029
1 0.941484 0.334223 0.0162089 0.0064075
0 0.493385 0.610772 0.00854026 0.0152626
1 0.769813 0.450846 0.0143091 0.0070076
0 0.517458 0.0669089 0.0140498 0.0247662
1 0.84955 0.448944 0.0106483 0.00399027
0 0.534966 0.688551 0.0085942 0.0148523
0 0.258527 0.33843 0.0130268 0.0232929
1 0.535133 0.513472 0.0160746 0.00787497
1 0.644777 0.651221 0.02304 0.0202095
0 0.806006 0.530146 0.0245735 0.0118356
1 0.74649 0.450476 0.0153346 0.00646197
1 0.637878 0.246463 0.0100348 0.00322848
2 0.517535 0.5035 0.0186912 0.0304196
1 0.730821 0.509779 0.015031 0.00595665
1 0.760085 0.65109 0.0226635 0.0181458
0 0.914618 0.486575 0.0150499 0.00799479
1 0.792055 0.675342 0.00976506 0.00313518
1 0.774474 0.549732 0.0146043 0.00486968
1 0.589937 0.44936 0.0145521 0.00449321
1 0.499212 0.684297 0.0235695 0.0181537
1 0.472405 0.355216 0.0157597 0.00514362
0 0.52558 0.60142 0.0078852 0.0158167
1 0.60446 0.246378 0.0091679 0.00345577
1 0.832783 0.448534 0.00930592 0.00383268
1 0.766545 0.509892 0.0174663 0.00643871
1 0.785423 0.652993 0.0095859 0.0233252
1 0.489767 0.0929941 0.0226874 0.00914887
2 0.668612 0.583042 0.0696799 0.0456071
1 0.517264 0.1291 0.0157171 0.00441545
1 0.498882 0.652014 0.0228219 0.0173869
1 0.829116 0.653419 0.00839327 0.0250631
0 0.58691 0.259401 0.00782063 0.0143949
1 0.668416 0.625426 0.00351046 0.00943099
1 0.72827 0.246608 0.00961135 0.00327127
1 0.705809 0.246258 0.00939916 0.00334322
1 0.717554 0.667938 0.0252079 0.0197167
1 0.877223 0.488731 0.014585 0.00455159
4 0.114685 0.664724 0.176525 0.1766
0 0.706409 0.356912 0.00877524 0.0154261
1 0.666359 0.50458 0.0159152 0.00611877
1 0.875948 0.36323 0.0148359 0.00532926
1 0.753778 0.56585 0.00928973 0.00439928
0 0.49399 0.577459 0.00908123 0.0132191
1 0.918099 0.393365 0.0155465 0.00600696
1 0.87594 0.394628 0.0166966 0.00692155
1 0.948106 0.448704 0.0148713 0.00555945
1 0.706106 0.347129 0.00903176 0.00378312
1 0.576202 0.377873 0.00754847 0.0031545
1 0.876887 0.489484 0.0136636 0.00455612
0 0.552248 0.656743 0.00853004 0.0149186
1 0.767795 0.488471 0.0173187 0.00728479
1 0.547911 0.187372 0.0294664 0.0110057
1 0.619928 0.687513 0.00838377 0.0235868
1 0.533183 0.472573 0.00539136 0.0153731
1 0.484569 0.424069 0.0152038 0.00539398
1 0.472181 0.325178 0.016407 0.00442195
3 0.666203 0.1259 0.0821447 0.0530344
1 0.567935 0.450296 0.0145895 0.00410568
1 0.563911 0.620071 0.0145168 0.00507893
0 0.562319 0.0735873 0.00836982 0.0156219
1 0.341186 0.553221 0.0065922 0.0173403
0 0.571123 0.656948 0.00861784 0.0142554
1 0.864085 0.207171 0.00912713 0.00317794
0 0.533526 0.366934 0.015779 0.00837207
1 0.158784 0.321873 0.0138156 0.00548063
1 0.910149 0.448745 0.0156875 0.00448299
1 0.581743 0.340035 0.00921181 0.00416959
1 0.651572 0.159821 0.00898786 0.00403303
1 0.456602 0.667964 0.0218764 0.0194363
1 0.967058 0.334545 0.0165871 0.00583486
1 0.563418 0.591199 0.014463 0.00437371
1 0.917775 0.363238 0.0145749 0.00479295
0 0.172248 0.262121 0.00829894 0.0148931
1 0.450026 0.469117 0.00469327 0.0160375
1 0.644003 0.684185 0.0217542 0.0196693
1 0.605683 0.486362 0.003902 0.0145739
1 0.620674 0.331359 0.00916203 0.00375723
1 0.665775 0.49512 0.0170524 0.00759647
1 0.665681 0.44156 0.00875479 0.00319956
1 0.687697 0.667941 0.0232599 0.0180425
1 0.535336 0.503564 0.0157845 0.00612975
1 0.730434 0.487707 0.0161748 0.00611971
1 0.49928 0.503922 0.0156737 0.00557162
1 0.542229 0.36762 0.00360345 0.00887055
0 0.640883 0.357513 0.00880751 0.0154021
0 0.272813 0.208542 0.0085921 0.0157442
1 0.898084 0.395177 0.0101385 0.00372149
1 0.925545 0.486956 0.00385022 0.00880091
1 0.618377 0.599299 0.0295875 0.00718952
1 0.926133 0.511713 0.00460434 0.00928081
1 0.51725 0.0815017 0.0144951 0.00428274
1 0.876884 0.419299 0.0148337 0.00521106
1 0.191083 0.284973 0.00722194 0.00335237
1 0.0576641 0.229383 0.0040115 0.0151246
1 0.125791 0.372668 0.0310389 0.0113016
1 0.551649 0.698455 0.0104793 0.00385009
1 0.262882 0.25864 0.00400424 0.0100595
1 0.882374 0.298516 0.0146619 0.00574149
1 0.714004 0.123257 0.0119801 0.0405801
1 0.767355 0.497436 0.0172734 0.00642085
1 0.618016 0.588279 0.0301147 0.00761245
1 0.760185 0.683145 0.0226537 0.020438
1 0.76892 0.408039 0.00408391 0.00805698
1 0.617515 0.566144 0.0294476 0.00647354
1 0.571814 0.667317 0.00873203 0.00344392
1 0.479153 0.469394 0.00457007 0.0158949
1 0.605985 0.51383 0.00553275 0.0156275
1 0.698977 0.482498 0.0158264 0.00539645
1 0.574816 0.514178 0.00398017 0.016485
1 0.640673 0.347888 0.00925183 0.00378521
1 0.948115 0.419293 0.0147235 0.00487084
1 0.499239 0.513119 0.01631 0.0070908
1 0.683631 0.440967 0.0034149 0.0145468
1 0.719966 0.587916 0.0289216 0.00659905
1 0.809036 0.67511 0.010593 0.0034745
0 0.946286 0.388534 0.0141845 0.0081532
1 0.330438 0.517485 0.00611865 0.0167642
1 0.720434 0.566295 0.0301983 0.00677578
1 0.719446 0.598892 0.0289672 0.00634734
1 0.547581 0.450603 0.0166938 0.0044242
1 0.257683 0.35355 0.013764 0.00565004
1 0.0796128 0.283522 0.0282509 0.0115879
1 0.261607 0.384507 0.0383375 0.0113866
1 0.5522 0.666963 0.00891232 0.00480327
1 0.617917 0.576986 0.0293491 0.0078509
1 0.638329 0.158029 0.00895453 0.00946087
1 0.284118 0.25981 0.00387342 0.0101364
1 0.773107 0.596626 0.0087117 0.00362959
1 0.3408 0.51774 0.00531031 0.0163657
1 0.765024 0.488655 0.0131545 0.00678203
1 0.120226 0.204464 0.0146426 0.00585018
0 0.561935 0.500087 0.00837113 0.0125011
1 0.325163 0.23101 0.00863697 0.00355231
1 0.720538 0.576987 0.0307695 0.00710616
1 0.536754 0.575735 0.0170912 0.00409442
1 0.582736 0.567131 0.00860808 0.00354029
0 0.874916 0.0841046 0.00847688 0.0143218
1 0.5018 0.514029 0.01494 0.00787328
1 0.56242 0.0827321 0.0095682 0.00334823
1 0.576857 0.687218 0.00769093 0.0233369
1 0.157868 0.35272 0.0144022 0.00676906
1 0.708619 0.315022 0.00941774 0.00413519
1 0.775106 0.580267 0.013684 0.00500488
1 0.205224 0.352922 0.0157553 0.00646222
1 0.145749 0.204978 0.0151428 0.0050101
1 0.0572172 0.253903 0.00457036 0.0144035
1 0.493502 0.620162 0.00928466 0.00367587
1 0.713258 0.440969 0.00479532 0.0150404
1 0.282076 0.323209 0.0148578 0.0058489
1 0.3898 0.567608 0.0154981 0.00441385
1 0.906855 0.298842 0.0134972 0.00483075
1 0.941326 0.302852 0.0146349 0.00500166
1 0.281776 0.355449 0.01622 0.00468761
1 0.486204 0.129249 0.0078857 0.00344622
1 0.318722 0.516655 0.00658042 0.0162256
1 0.562114 0.546042 0.0158593 0.00699997
1 0.617877 0.132085 0.010115 0.0237846
1 0.682608 0.161128 0.00832117 0.00391662
1 0.172376 0.253393 0.00911075 0.00318254
1 0.562539 0.575719 0.0128833 0.00448727
1 0.0283099 0.229003 0.00437393 0.0154385
1 0.637132 0.517945 0.0112389 0.00507045
1 0.61835 0.123692 0.0118745 0.0411479
1 0.629987 0.505017 0.0182946 0.00589968
1 0.318387 0.554896 0.00587219 0.0151751
1 0.910675 0.419603 0.0140469 0.00494835
1 0.575393 0.485895 0.00458283 0.0143263
1 0.0172328 0.666182 0.0209637 0.0254947
1 0.792272 0.597034 0.0101279 0.00310341
1 0.907099 0.329408 0.0152666 0.00611055
1 0.590021 0.667356 0.00970171 0.00493903
1 0.262227 0.503953 0.0391837 0.012894
1 0.509126 0.386736 0.00827552 0.00321498
1 0.08956 0.204798 0.013659 0.00519901
1 0.699979 0.511729 0.0161982 0.00381814
1 0.792832 0.529887 0.00218363 0.0129076
1 0.636575 0.494411 0.0103807 0.00607028
1 0.534726 0.698956 0.00946651 0.00349214
1 0.494602 0.56767 0.0103808 0.00432368
1 0.634444 0.505706 0.0115694 0.00707126
1 0.745532 0.420662 0.0125487 0.00653042
0 0.0139378 0.241386 0.00770896 0.0146557
1 0.552932 0.0461575 0.00541205 0.0138193
1 0.362699 0.223739 0.00957695 0.00416357
1 0.581721 0.0449559 0.00264521 0.0139957
1 0.546849 0.420294 0.0148835 0.00583151
1 0.330323 0.553772 0.00469649 0.0161942
1 0.158247 0.32269 0.0144149 0.00487662
1 0.516346 0.0525184 0.0180127 0.00565487
