2 0.255763 0.63998 0.0168893 0.0335338
0 0.659207 0.887373 0.0142276 0.0255477
0 0.660799 0.690367 0.0142765 0.0256637
0 0.65416 0.83282 0.0262482 0.0145309
0 0.926288 0.106366 0.0265307 0.0140215
0 0.0780227 0.423143 0.0482188 0.025278
0 0.928109 0.747271 0.0251923 0.0140996
0 0.927649 0.660755 0.0257251 0.014579
0 0.927048 0.277466 0.0259607 0.0146316
0 0.799212 0.277286 0.0270176 0.014267
0 0.653763 0.183575 0.026217 0.0146786
1 0.438422 0.0596186 0.0422248 0.0212809
0 0.79913 0.832598 0.0266757 0.0144479
0 0.798898 0.918089 0.0271277 0.0148246
0 0.160202 0.506992 0.0161539 0.00854492
1 0.439486 0.216387 0.043417 0.0215756
0 0.0813713 0.324125 0.0277226 0.0524606
0 0.268103 0.467183 0.0162433 0.00970346
0 0.0451948 0.360181 0.02552 0.0513719
0 0.370369 0.3965 0.0231488 0.0127193
0 0.798959 0.362785 0.0246593 0.0139269
0 0.370634 0.427307 0.0251844 0.0133565
0 0.0093232 0.146316 0.0130967 0.0238134
0 0.799715 0.693345 0.0266537 0.0139612
0 0.0820672 0.845064 0.0161469 0.00852872
0 0.010048 0.197043 0.0138748 0.0247077
0 0.227365 0.717445 0.00900859 0.0162489
0 0.798671 0.106738 0.0270715 0.0139771
0 0.799865 0.619975 0.0252094 0.0138483
0 0.545045 0.5589 0.0251372 0.0503641
0 0.518576 0.618319 0.0248921 0.0129518
0 0.7986 0.320499 0.0273215 0.0149084
0 0.79919 0.662184 0.0264357 0.0140592
1 0.547177 0.0578095 0.0434201 0.0189698
0 0.100066 0.562911 0.00845128 0.0157801
0 0.799121 0.234554 0.0270386 0.0145553
0 0.927699 0.319793 0.0258546 0.0137222
0 0.798765 0.149775 0.0251452 0.0138472
0 0.927713 0.615924 0.0257445 0.0141703
0 0.781633 0.990967 0.0253389 0.0138195
0 0.0472248 0.163355 0.0130791 0.0243213
0 0.799163 0.541215 0.0253223 0.0135073
0 0.928132 0.534239 0.0244366 0.0145273
0 0.927467 0.405607 0.0246119 0.0141025
0 0.799337 0.874219 0.0264907 0.013546
0 0.627871 0.734196 0.026885 0.0546849
3 0.109836 0.942241 0.0387012 0.0654085
0 0.0305351 0.855368 0.0130367 0.024761
0 0.0999796 0.59957 0.00880915 0.0163594
0 0.927277 0.705225 0.0268974 0.0145607
1 0.0455225 0.391634 0.0275893 0.011069
0 0.00881634 0.851541 0.013535 0.024604
0 0.927292 0.961072 0.0246994 0.0140393
0 0.236933 0.0330755 0.0154813 0.00882404
0 0.476881 0.590948 0.0135809 0.0253649
0 0.284617 0.722703 0.0164277 0.00865248
0 0.281679 0.397025 0.00770134 0.0160791
0 0.653456 0.149725 0.0259613 0.0145869
0 0.653906 0.337746 0.0261785 0.0147999
0 0.928619 0.790889 0.0243769 0.0142598
0 0.477727 0.55006 0.0145938 0.0270002
0 0.781739 0.519116 0.0250354 0.013757
1 0.544494 0.526949 0.0277171 0.0111601
0 0.131243 0.639423 0.0150854 0.00831291
5 0.24094 0.187301 0.241847 0.175545
0 0.927055 0.234773 0.0261447 0.0145711
0 0.217282 0.388356 0.00860658 0.0163701
1 0.0103647 0.182293 0.0158067 0.0049055
0 0.798923 0.962609 0.0264364 0.0138068
0 0.414721 0.591158 0.0129551 0.0234838
0 0.508538 0.554934 0.0253946 0.0509378
1 0.628331 0.766628 0.0286586 0.00995805
1 0.609272 0.881336 0.041818 0.0200312
1 0.43982 0.305734 0.0434378 0.0222887
0 0.0473139 0.952877 0.0158233 0.024528
1 0.58975 0.568019 0.0207501 0.019819
0 0.799471 0.405907 0.0255561 0.0144393
0 0.0809401 0.599898 0.00904652 0.0162142
1 0.632788 0.55153 0.0232593 0.0223579
0 0.28152 0.426572 0.00800255 0.0153844
0 0.647353 0.791089 0.0257027 0.0143852
0 0.118866 0.563866 0.00806633 0.0157605
1 0.0810098 0.291011 0.0298384 0.0111326
0 0.024865 0.952615 0.0152418 0.0241378
0 0.0150391 0.310825 0.0119258 0.024531
0 0.926874 0.35334 0.0255924 0.0152019
0 0.65853 0.929057 0.013517 0.0245166
3 0.609628 0.925075 0.0503798 0.071877
1 0.00951485 0.161294 0.0147735 0.00535985
1 0.548447 0.148 0.0417972 0.0220165
1 0.669712 0.183621 0.00526522 0.0157619
0 0.0848523 0.376993 0.0259993 0.0151508
1 0.508666 0.586767 0.0279589 0.0117905
1 0.942595 0.277526 0.00520925 0.0156778
1 0.438951 0.148182 0.0406468 0.0212995
1 0.414432 0.605374 0.0166776 0.00545189
0 0.175304 0.654269 0.00854527 0.0163806
0 0.197667 0.374745 0.00879597 0.0153007
1 0.237817 0.627715 0.0168485 0.0063591
0 0.0519415 0.726037 0.0159219 0.00848414
1 0.0804584 0.590174 0.0102486 0.00301386
2 0.609502 0.551588 0.0190122 0.045753
1 0.417964 0.382008 0.0255448 0.0764263
1 0.659368 0.902111 0.0155489 0.00391344
0 0.210735 0.717272 0.00870096 0.0154657
0 0.0563816 0.767379 0.00962068 0.0169017
0 0.0523694 0.742464 0.0171198 0.0087693
0 0.140719 0.563061 0.00932198 0.0169687
1 0.942694 0.106239 0.00565025 0.0158117
3 0.438647 0.103824 0.0508675 0.0666615
1 0.274298 0.650007 0.0180179 0.00785259
1 0.174668 0.644391 0.00941212 0.00356724
1 0.783923 0.406207 0.00568177 0.0169753
1 0.274514 0.639119 0.0174732 0.00668285
1 0.29206 0.581822 0.0287074 0.027484
1 0.659431 0.871852 0.0163011 0.00489451
0 0.206092 0.575125 0.0172566 0.00894709
1 0.544551 0.59047 0.0284269 0.00990871
1 0.0825832 0.356384 0.0286312 0.0108744
1 0.266498 0.0749409 0.00760429 0.0415675
1 0.246258 0.0329965 0.00275516 0.00994962
1 0.099848 0.589859 0.00942087 0.00367568
0 0.0520165 0.708419 0.0155821 0.00875617
1 0.669125 0.150298 0.00525928 0.0156552
1 0.942406 0.353288 0.0055365 0.0160505
1 0.477399 0.53359 0.0166664 0.00485517
1 0.783417 0.541345 0.00500632 0.0158024
1 0.0447659 0.328861 0.0281377 0.0122159
1 0.504095 0.61797 0.00477028 0.0150189
1 0.238325 0.649999 0.0167156 0.006947
1 0.0456887 0.423015 0.0114199 0.0284429
1 0.363037 0.532524 0.03107 0.027899
1 0.322251 0.0746948 0.00804914 0.0425142
1 0.911771 0.405774 0.00545764 0.0161548
1 0.815144 0.832656 0.00506761 0.015728
3 0.547802 0.10218 0.0523035 0.0688455
1 0.942582 0.405627 0.00622821 0.0157716
1 0.910998 0.234565 0.0053457 0.0167661
1 0.783313 0.873899 0.00530268 0.0166189
1 0.814916 0.918309 0.00528886 0.0161629
1 0.943359 0.234629 0.00559447 0.0159694
1 0.111007 0.899359 0.0281799 0.0192428
1 0.108383 0.422796 0.0112763 0.0283476
1 0.188675 0.0748105 0.00759552 0.0429383
1 0.943846 0.615984 0.00602966 0.0161143
1 0.292599 0.5305 0.0302206 0.0259104
1 0.238001 0.639158 0.0168052 0.00616217
1 0.669774 0.338002 0.00531006 0.0160949
1 0.815865 0.873964 0.00540042 0.0163255
1 0.310961 0.0753417 0.00745661 0.0439102
1 0.943859 0.660726 0.00599789 0.0158129
1 0.508116 0.523251 0.0285806 0.0112422
1 0.056593 0.776964 0.0110302 0.00292537
1 0.782809 0.662185 0.00579528 0.0162715
1 0.58967 0.535365 0.0212097 0.0202682
1 0.609386 0.97135 0.0410268 0.0183045
1 0.943913 0.705469 0.00619319 0.016735
1 0.628009 0.701791 0.0289602 0.0107349
3 0.443366 0.260685 0.0536325 0.0679074
1 0.273862 0.627669 0.0168185 0.00563787
1 0.637844 0.149421 0.00585912 0.0169651
1 0.912144 0.790029 0.00648867 0.0169952
1 0.63753 0.183559 0.00549366 0.0165498
1 0.100116 0.573404 0.0089868 0.00375322
1 0.814875 0.277505 0.00549485 0.0161996
1 0.670401 0.832871 0.00593123 0.0158461
1 0.299548 0.0747975 0.00765741 0.0425267
1 0.815798 0.693304 0.00536134 0.0163094
1 0.637603 0.337431 0.00549104 0.0167766
1 0.217079 0.378629 0.0109306 0.00336588
1 0.911645 0.660703 0.00563337 0.016663
1 0.0150712 0.325603 0.0135893 0.00487537
1 0.0308064 0.839426 0.0143577 0.00615942
1 0.943416 0.534555 0.00569584 0.0157737
1 0.477554 0.575383 0.0154584 0.00533126
1 0.66082 0.674338 0.0159345 0.00486168
1 0.911718 0.616286 0.00555226 0.0166056
1 0.0098014 0.130534 0.015182 0.00592275
1 0.942111 0.961543 0.00479632 0.0154936
1 0.783227 0.692848 0.00533795 0.0166109
1 0.288458 0.0744436 0.00763315 0.0410234
1 0.281695 0.417789 0.0089742 0.00178284
1 0.364076 0.581948 0.0292072 0.0292679
1 0.783733 0.149819 0.00490989 0.0158741
1 0.356338 0.396323 0.00541628 0.0153173
1 0.943908 0.747384 0.00624941 0.015532
1 0.815393 0.662469 0.00505535 0.0157739
1 0.277277 0.0747983 0.00784189 0.0411457
1 0.415132 0.576045 0.0152966 0.00597669
1 0.233164 0.0756591 0.0076878 0.0439867
1 0.660961 0.705881 0.0170135 0.0054028
0 0.0566324 0.796542 0.0152168 0.00855612
1 0.042211 0.725766 0.00253948 0.00952886
1 0.277295 0.467109 0.0027625 0.0101368
1 0.784274 0.620117 0.0049269 0.0157538
1 0.355413 0.426631 0.00617875 0.0166356
1 0.784181 0.362913 0.00458739 0.0153481
1 0.255045 0.0750524 0.00739259 0.0434118
1 0.476686 0.605777 0.0163537 0.00466012
1 0.210421 0.707884 0.00946897 0.00342141
1 0.332947 0.0745658 0.00861562 0.0411708
1 0.14063 0.573287 0.0106161 0.00372552
1 0.911432 0.705022 0.00489538 0.0166368
1 0.912163 0.319775 0.00583261 0.0162319
1 0.244425 0.0753779 0.00755745 0.0419617
1 0.233502 0.302561 0.0076127 0.0427759
1 0.0658317 0.797017 0.00281196 0.00911475
1 0.227622 0.707126 0.00973767 0.0038035
1 0.166332 0.0746991 0.00754505 0.0433404
2 0.32292 0.410538 0.0502276 0.0478998
1 0.783265 0.277249 0.00521513 0.0153866
1 0.943517 0.319881 0.00552568 0.0166014
1 0.814931 0.620439 0.00580991 0.0162643
1 0.912708 0.746953 0.00638655 0.0166158
1 0.783141 0.83246 0.0051958 0.0158436
1 0.814724 0.106749 0.00521794 0.0155078
1 0.317853 0.447392 0.0060589 0.0247044
1 0.659299 0.90286 0.0157172 0.00470377
1 0.911969 0.961424 0.00542988 0.0159981
1 0.638648 0.832844 0.00528748 0.0161741
9 0.327899 0.556979 0.0760735 0.0535371
1 0.943961 0.790964 0.00598463 0.0164728
1 0.783043 0.962845 0.00527479 0.0153177
1 0.78257 0.234482 0.00586844 0.0163822
1 0.0302919 0.870129 0.0159011 0.00450691
1 0.478155 0.566221 0.0161638 0.00441173
1 0.0152203 0.295338 0.0150848 0.00579227
1 0.911223 0.277459 0.00518223 0.0164236
1 0.0423116 0.742692 0.0028638 0.0107703
1 0.119354 0.57284 0.00907412 0.00406766
1 0.912596 0.533688 0.00693512 0.0162916
1 0.911407 0.352493 0.00525021 0.0178588
1 0.221865 0.0749876 0.00792166 0.0431117
1 0.631007 0.790174 0.00569009 0.0169546
1 0.911008 0.10623 0.00483535 0.016663
1 0.814353 0.36307 0.00577914 0.015787
1 0.815387 0.23418 0.00576451 0.0164612
2 0.443172 0.260543 0.0524104 0.0674723
1 0.143466 0.0749534 0.00842548 0.0443723
1 0.30632 0.374134 0.00616799 0.0245359
1 0.197858 0.364952 0.00924331 0.00413047
1 0.199372 0.0749733 0.00796615 0.0418085
1 0.266805 0.302578 0.00711197 0.0415105
1 0.155003 0.0749336 0.00762469 0.0427769
1 0.177404 0.0750664 0.00755931 0.0448431
1 0.178081 0.302505 0.00739887 0.0435985
1 0.255718 0.302611 0.00732373 0.0425261
3 0.481475 0.381076 0.102056 0.0731128
1 0.28761 0.581156 0.0198679 0.0300801
1 0.814976 0.319887 0.00586632 0.0165602
1 0.110595 0.984438 0.0283045 0.0197011
1 0.0424774 0.708611 0.00299783 0.00956726
1 0.311171 0.301795 0.00736618 0.0432913
1 0.222958 0.302293 0.0067287 0.0412301
1 0.144518 0.302596 0.00731898 0.0427486
1 0.245101 0.302225 0.00688601 0.0413985
1 0.189107 0.302566 0.00785104 0.0419615
1 0.210386 0.0748263 0.00776045 0.0414529
1 0.281922 0.387211 0.00857728 0.00206925
1 0.00970574 0.213548 0.0162512 0.0071234
1 0.385374 0.397056 0.0052706 0.0131617
1 0.200275 0.302578 0.0074413 0.0428959
1 0.339537 0.373536 0.00772035 0.025633
1 0.814849 0.962775 0.0051706 0.0160938
1 0.305988 0.447843 0.00730633 0.0257085
1 0.211592 0.302778 0.00772839 0.0423227
1 0.300514 0.301766 0.00669276 0.0409149
1 0.278165 0.302102 0.00703974 0.0402235
1 0.533431 0.618053 0.00480852 0.0153265
1 0.316894 0.373741 0.00640969 0.0261627
1 0.2882 0.531898 0.0215993 0.0286567
1 0.783095 0.918032 0.00530337 0.0158205
1 0.167387 0.302521 0.0072195 0.0422562
1 0.0475268 0.14714 0.015541 0.00644268
1 0.814721 0.541763 0.00471378 0.014802
1 0.814732 0.405405 0.00582754 0.0159411
1 0.814902 0.149909 0.00541349 0.0161905
1 0.385785 0.427761 0.00554438 0.0145906
1 0.121642 0.639054 0.00284442 0.00952248
1 0.333405 0.301649 0.00820238 0.0435589
1 0.140623 0.552561 0.0108738 0.00443956
1 0.659223 0.912245 0.015592 0.00642776
0 0.580289 0.242139 0.00673769 0.0129526
1 0.782976 0.106828 0.00556327 0.0157811
1 0.658897 0.94236 0.0142157 0.0056702
0 0.327364 0.557141 0.0786984 0.0520552
2 0.548354 0.101815 0.052547 0.0680346
2 0.114346 0.725274 0.0800782 0.0695188
1 0.0946899 0.164845 0.0192015 0.0873622
1 0.322503 0.301459 0.00892233 0.0434366
1 0.0658844 0.796299 0.00377703 0.00920505
