0 0.465661 0.0432656 0.0129503 0.0233605
1 0.666604 0.209349 0.0188696 0.022562
0 0.574645 0.229718 0.0124233 0.0238942
0 0.775312 0.816531 0.0071236 0.0142949
0 0.438621 0.240436 0.0133543 0.0238982
2 0.767828 0.87872 0.0374668 0.0709828
0 0.500307 0.24068 0.0133128 0.0237913
0 0.418598 0.240813 0.0124009 0.0238985
0 0.541588 0.2406 0.0132486 0.0241945
0 0.698047 0.240143 0.0138874 0.00669931
0 0.521261 0.241342 0.0120625 0.023382
0 0.699826 0.629954 0.0120669 0.0215118
0 0.480497 0.240272 0.0124689 0.0241129
0 0.698676 0.836557 0.0238714 0.0123896
0 0.519116 0.0331638 0.0238358 0.0121695
0 0.653609 0.12851 0.0373697 0.0190042
1 0.801377 0.854389 0.0292206 0.0138116
0 0.706043 0.346999 0.016979 0.00750676
0 0.459715 0.240799 0.0118868 0.0233009
0 0.700372 0.584545 0.0125504 0.0245307
0 0.319687 0.135928 0.0115098 0.022707
2 0.719602 0.295456 0.0488706 0.0288077
2 0.650133 0.236772 0.0473154 0.0297462
0 0.705561 0.368643 0.0238488 0.0121755
0 0.384051 0.241434 0.0123027 0.0234425
0 0.710284 0.890649 0.00768305 0.0141261
1 0.650257 0.261588 0.0208069 0.021378
0 0.569627 0.0615571 0.0114565 0.0235848
1 0.596264 0.128109 0.0142737 0.0146674
1 0.736267 0.902567 0.025532 0.0142588
1 0.541867 0.255597 0.0141515 0.00523383
0 0.719462 0.619614 0.0072236 0.0133548
0 0.928968 0.0989727 0.0238409 0.0220755
1 0.634353 0.209605 0.0189617 0.0225944
0 0.72448 0.198303 0.0153699 0.00718212
0 0.654335 0.17236 0.039098 0.0207689
0 0.218008 0.147218 0.011872 0.0233535
1 0.736941 0.878391 0.0271391 0.014141
1 0.56208 0.140597 0.0127478 0.0130299
1 0.465298 0.0576934 0.0137923 0.00492922
1 0.799258 0.902577 0.0209759 0.0134287
1 0.574452 0.215133 0.0138027 0.00408502
1 0.677656 0.129395 0.00842285 0.0211593
1 0.706825 0.240422 0.00281312 0.00880021
1 0.480834 0.254788 0.0132813 0.00468492
1 0.438739 0.255203 0.0142742 0.00497103
1 0.521251 0.255541 0.0131586 0.00488699
1 0.677851 0.172639 0.00797234 0.0200841
0 0.865007 0.0462609 0.0239741 0.0247869
1 0.700293 0.599486 0.0132294 0.00524258
1 0.460267 0.255385 0.0137098 0.0047791
1 0.699946 0.64346 0.0133263 0.00472785
1 0.775344 0.808133 0.00743891 0.00239013
1 0.500244 0.255434 0.0147419 0.00508018
2 0.578113 0.129599 0.0182995 0.0337404
1 0.701746 0.320707 0.00921781 0.0215691
1 0.465782 0.0285467 0.0141287 0.00441869
0 0.60148 0.234098 0.00825757 0.0150177
1 0.691718 0.368661 0.00424313 0.0146177
1 0.218071 0.1621 0.0127712 0.00519377
1 0.31985 0.12125 0.0132169 0.00457695
1 0.719834 0.628245 0.00747387 0.00346481
1 0.574484 0.24437 0.0141971 0.00549598
1 0.569656 0.0758587 0.012898 0.00482125
1 0.41918 0.25538 0.0139863 0.00441027
1 0.938043 0.0889053 0.0117128 0.0123519
1 0.684364 0.836579 0.00378843 0.0134831
0 0.951534 0.119796 0.0236506 0.0218496
1 0.735618 0.320873 0.00730452 0.0210828
1 0.533476 0.0330367 0.00503515 0.0136297
1 0.699794 0.615573 0.0128882 0.00570885
1 0.856021 0.055351 0.0115635 0.0110801
1 0.504654 0.0333734 0.00415908 0.0135049
1 0.878655 0.0747622 0.0134509 0.0140269
1 0.56122 0.116129 0.0136657 0.0141803
0 0.886511 0.0687152 0.0238678 0.0226484
1 0.384052 0.255574 0.0129689 0.00466072
0 0.716405 0.446267 0.0151953 0.00740039
1 0.736045 0.854551 0.0228193 0.0141083
1 0.631103 0.128376 0.00612428 0.0198904
1 0.942833 0.12902 0.0113616 0.0107681
1 0.921401 0.107648 0.012188 0.0110527
1 0.803708 0.903158 0.024674 0.0142495
1 0.775434 0.823746 0.00741289 0.00410618
1 0.714513 0.198651 0.00260469 0.00812924
1 0.713535 0.836559 0.00438878 0.014106
1 0.319378 0.150975 0.0134622 0.00542
