2 0.185769 0.822901 0.0358226 0.0703823
0 0.115825 0.185146 0.0137852 0.00696415
0 0.192899 0.761649 0.0080161 0.0143099
0 0.0194515 0.178485 0.0073787 0.0144999
1 0.0839937 0.153677 0.0186202 0.0231111
0 0.116112 0.781264 0.0240574 0.0127445
0 0.123934 0.291845 0.0170361 0.00750635
0 0.0715634 0.0731995 0.0380977 0.0190963
0 0.53715 0.195575 0.0125159 0.0237688
0 0.0720633 0.116979 0.0375278 0.0211659
0 0.127905 0.834621 0.00684275 0.0135944
2 0.136785 0.240175 0.0476766 0.0276859
0 0.118324 0.529263 0.0122159 0.0245831
0 0.137618 0.564091 0.00639432 0.013792
0 0.117573 0.574588 0.0113336 0.0220937
0 0.123724 0.313272 0.0238564 0.0124023
1 0.0525734 0.154127 0.0188736 0.0233163
1 0.21996 0.799151 0.0282432 0.0136123
2 0.0665422 0.181615 0.0466681 0.029405
1 0.06889 0.206124 0.0198853 0.0210714
1 0.118013 0.543553 0.0136577 0.00414814
1 0.154321 0.823464 0.0261894 0.0156103
1 0.0953497 0.116488 0.00787294 0.0209898
1 0.192878 0.770149 0.00857247 0.00312161
0 0.346089 0.0442671 0.0241992 0.0230627
0 0.152473 0.707733 0.00761725 0.0172707
0 0.142078 0.142979 0.0161164 0.0076384
1 0.153512 0.799687 0.0246736 0.0135736
1 0.095606 0.0746569 0.00687802 0.0181793
0 0.121676 0.49893 0.0136557 0.00688875
1 0.154033 0.847533 0.0250971 0.0142186
1 0.11939 0.264713 0.00942343 0.0206172
1 0.117181 0.560248 0.0131777 0.00508737
1 0.130662 0.781239 0.00456432 0.013915
1 0.138489 0.312837 0.00500917 0.0142788
1 0.218784 0.847573 0.0245337 0.0129757
1 0.136431 0.265485 0.00895572 0.0216683
1 0.11737 0.588122 0.0131837 0.00511194
1 0.0483694 0.0724033 0.00654258 0.0204457
1 0.137633 0.313472 0.00397687 0.0142223
1 0.152286 0.14317 0.00339363 0.00859731
1 0.119326 0.213699 0.00733447 0.0231623
1 0.152783 0.265487 0.00782943 0.0221374
1 0.106382 0.185339 0.00331977 0.00846806
1 0.152904 0.214227 0.00779697 0.0240852
0 0.368448 0.0650116 0.0240568 0.0227199
0 0.156988 0.538436 0.0168461 0.00796628
1 0.192691 0.754436 0.00725607 0.00414776
1 0.0488398 0.115745 0.00596333 0.0199452
1 0.359694 0.0746411 0.0110774 0.0110254
0 0.6355 0.0644577 0.0238819 0.0229617
1 0.665181 0.0521835 0.00953474 0.0121505
1 0.643711 0.0722662 0.0117775 0.0131987
1 0.0194019 0.169255 0.00730198 0.00316667
