0 0.301303 0.121064 0.0480462 0.0298833
0 0.300202 0.274514 0.0477204 0.0302745
2 0.438788 0.454258 0.0310289 0.0476911
0 0.457749 0.078825 0.0296097 0.0479853
2 0.301225 0.196722 0.0693352 0.0367791
0 0.0193454 0.940415 0.0271548 0.0152539
0 0.906559 0.334283 0.0243442 0.0138194
0 0.144213 0.868459 0.0142832 0.0245533
0 0.830614 0.0689564 0.0253213 0.0130205
2 0.819483 0.594997 0.0443648 0.0299785
0 0.907441 0.216921 0.0244523 0.0132303
0 0.842691 0.173768 0.0246608 0.0136544
0 0.858221 0.231624 0.0245421 0.0137495
2 0.160625 0.0184998 0.0474785 0.0301763
2 0.267638 0.543076 0.0487241 0.0307141
0 0.910568 0.304767 0.0249727 0.0140522
0 0.26514 0.689116 0.027299 0.0469463
0 0.909896 0.127758 0.0245431 0.0132407
0 0.895116 0.0820643 0.0125856 0.0246971
0 0.0578787 0.0645023 0.0249102 0.0126901
0 0.114662 0.0320674 0.0130576 0.0228889
1 0.457583 0.0466197 0.0308336 0.0146459
0 0.987845 0.951368 0.0136213 0.0248183
0 0.13091 0.928461 0.0140871 0.0252916
0 0.845557 0.319003 0.0250847 0.0137167
0 0.900987 0.180019 0.0252016 0.0127196
0 0.157805 0.109849 0.024364 0.0139017
0 0.106634 0.810245 0.0239038 0.0125398
1 0.269713 0.121204 0.0137965 0.0312863
0 0.878682 0.82848 0.0372945 0.0183778
0 0.683118 0.133868 0.0134299 0.0243482
0 0.107086 0.835249 0.0251195 0.0132536
0 0.203019 0.317246 0.0128796 0.00808115
0 0.0950919 0.109641 0.0239068 0.0134391
1 0.331753 0.120744 0.0122215 0.0323241
1 0.177151 0.0442074 0.0193108 0.0232194
0 0.370301 0.478642 0.0246915 0.0137363
0 0.857725 0.260646 0.0254169 0.0147242
0 0.244143 0.880435 0.0243011 0.0127919
0 0.0698945 0.349069 0.0139405 0.023789
1 0.331816 0.274381 0.0147293 0.0322212
1 0.269202 0.273665 0.0131839 0.0324333
1 0.458182 0.109521 0.0313747 0.0122725
0 0.0703027 0.773654 0.0121204 0.0236806
0 0.404116 0.738916 0.0245532 0.0132264
0 0.385927 0.946399 0.0234609 0.0116
0 0.207438 0.186768 0.0145531 0.0250124
1 0.987894 0.967937 0.0153811 0.00829346
0 0.340935 0.958026 0.0120971 0.0237336
1 0.803951 0.619107 0.0191697 0.0227748
0 0.782822 0.0945802 0.0249037 0.0141818
0 0.953002 0.631418 0.0236914 0.0131854
0 0.939642 0.47915 0.0137733 0.0255368
0 0.832013 0.743203 0.0189042 0.037595
3 0.164393 0.690201 0.0392686 0.0946086
1 0.264758 0.718613 0.0317593 0.0127178
0 0.114578 0.386109 0.0259288 0.0131203
1 0.988167 0.935067 0.0160082 0.00577026
1 0.836728 0.61979 0.0200262 0.0224996
2 0.119482 0.222201 0.124788 0.108899
1 0.143865 0.853941 0.0143263 0.00558534
0 0.229932 0.69493 0.0131255 0.024065
0 0.122717 0.655574 0.00707102 0.0130712
1 0.421584 0.779158 0.0153841 0.0136354
1 0.123057 0.835218 0.00642178 0.0149837
0 0.103296 0.347905 0.0123239 0.020331
2 0.404076 0.780331 0.017795 0.0372815
0 0.392944 0.702776 0.0138341 0.0232675
0 0.456769 0.91152 0.0496882 0.0330348
2 0.895396 0.531887 0.0284303 0.0483079
1 0.901277 0.828053 0.00757755 0.0194726
1 0.264977 0.657568 0.0306294 0.0119774
1 0.143926 0.0447939 0.018718 0.0203303
1 0.276651 0.228752 0.0140007 0.0261847
2 0.331206 0.731416 0.0684215 0.035253
1 0.871743 0.515571 0.0190791 0.0183063
1 0.95278 0.66874 0.0237977 0.0134501
1 0.114068 0.0178072 0.0139923 0.00580433
0 0.804676 0.690968 0.038893 0.0224706
0 0.16186 0.350627 0.0248318 0.0125108
1 0.871467 0.548594 0.0190615 0.0175495
1 0.89482 0.0968032 0.0145744 0.00511499
1 0.819841 0.568242 0.0212622 0.0244802
1 0.340642 0.97282 0.0137814 0.00612784
2 0.573742 0.0611326 0.0556529 0.101962
1 0.0432161 0.0646225 0.0051499 0.0148938
1 0.925434 0.127945 0.00516791 0.0145757
1 0.831292 0.719588 0.0215388 0.00757743
1 0.0699875 0.364034 0.0134454 0.00495682
1 0.885388 0.180124 0.00593185 0.0143325
1 0.0366114 0.940306 0.00576545 0.0166993
0 0.66737 0.0219918 0.0144518 0.00760271
1 0.0736483 0.0650003 0.00512974 0.0140023
1 0.925324 0.304698 0.00605868 0.0148569
1 0.121872 0.810461 0.00442374 0.0132015
1 0.142785 0.109488 0.00553519 0.0148465
1 0.163623 0.750075 0.0406577 0.0110439
1 0.683683 0.149844 0.0136813 0.00672373
1 0.815213 0.0687092 0.00500251 0.0144209
1 0.676946 0.0221769 0.00428866 0.00907098
1 0.373899 0.234622 0.0120118 0.0199341
1 0.103026 0.361947 0.0136616 0.00568474
1 0.325518 0.22689 0.0130438 0.0221152
1 0.922711 0.531903 0.0239953 0.0191579
1 0.425328 0.911511 0.0111865 0.0319526
1 0.26877 0.516586 0.00928713 0.021011
1 0.0911393 0.834883 0.00593034 0.0137627
1 0.855674 0.829456 0.00788711 0.0219233
1 0.354964 0.478574 0.00631439 0.013308
1 0.68273 0.119391 0.0132242 0.00539437
1 0.326351 0.234601 0.0125865 0.0165318
1 0.23148 0.880693 0.00463734 0.012044
0 0.22434 0.0320279 0.0131768 0.0240985
1 0.920604 0.0901686 0.00858082 0.00466524
1 0.939536 0.463867 0.0129609 0.00523276
1 0.857114 0.173658 0.00465224 0.0136617
1 0.846452 0.0690444 0.00541418 0.0145972
1 0.893079 0.21579 0.00443055 0.0144565
1 0.418585 0.739395 0.00350239 0.0132196
1 0.846934 0.659938 0.00762083 0.0198284
0 0.92057 0.0804382 0.00790455 0.0117286
1 0.872894 0.231783 0.00506192 0.0148573
1 0.0285788 0.653908 0.0119918 0.00576426
1 0.129888 0.386305 0.00459877 0.0139561
3 0.981847 0.669764 0.0338855 0.0259569
1 0.302105 0.165455 0.0133914 0.0257333
1 0.829565 0.318933 0.0067527 0.0160668
1 0.960561 0.943883 0.00972222 0.0135927
1 0.619653 0.0212428 0.03439 0.0150976
1 0.251524 0.515519 0.00837237 0.0206382
1 0.254932 0.904476 0.0302635 0.00973823
1 0.766535 0.0946331 0.00726662 0.0162111
0 0.0103683 0.986325 0.0173412 0.0213286
1 0.895808 0.304239 0.00548816 0.0151311
0 0.860652 0.69259 0.0127393 0.00763965
1 0.916548 0.180205 0.00579571 0.0147725
1 0.0801709 0.108734 0.00578433 0.0146102
1 0.895291 0.127899 0.00553813 0.0146496
1 0.00307163 0.939821 0.00419974 0.017307
0 0.823421 0.659966 0.0398333 0.0225428
1 0.872709 0.26041 0.00540111 0.0150507
1 0.386358 0.790949 0.0140344 0.0123262
1 0.464686 0.471467 0.0217677 0.00823462
1 0.145215 0.88449 0.0145463 0.0062314
1 0.35559 0.695606 0.0126848 0.0209081
1 0.211241 0.204556 0.0240083 0.00923988
0 0.257545 0.93953 0.0279983 0.0524523
1 0.202745 0.683371 0.0107853 0.0100078
1 0.340549 0.943035 0.0132015 0.00492527
1 0.490367 0.911372 0.0108303 0.0320928
1 0.830594 0.767499 0.021744 0.00790099
1 0.713546 0.36118 0.0107341 0.0119374
2 0.429854 0.00925671 0.0539076 0.0184361
1 0.393312 0.686834 0.015044 0.00820754
1 0.89501 0.0668252 0.0134831 0.00371341
1 0.940073 0.495065 0.0171266 0.00647251
1 0.799254 0.0945582 0.00572611 0.0132222
1 0.620978 0.0605614 0.03584 0.0171598
1 0.780698 0.693287 0.00848507 0.0234328
1 0.0917365 0.810261 0.00579109 0.012505
1 0.393453 0.715343 0.0133907 0.00473047
1 0.860645 0.321614 0.00663157 0.0132694
3 0.672042 0.667116 0.0327256 0.0271753
2 0.98155 0.669805 0.0333557 0.0279587
1 0.0986704 0.386153 0.00514433 0.0141444
1 0.530111 0.0223202 0.0302553 0.0125483
4 0.651353 0.851618 0.278012 0.279716
2 0.253449 0.161746 0.031963 0.0270869
1 0.164188 0.629218 0.0379689 0.0137736
1 0.00335077 0.938739 0.00563035 0.0164652
1 0.204142 0.683972 0.0116266 0.0105238
1 0.177304 0.350963 0.0053732 0.0123065
1 0.387412 0.766766 0.0127598 0.010014
1 0.38613 0.477944 0.0056264 0.014256
1 0.0700398 0.759885 0.0123033 0.00610664
