0 0.408455 0.342961 0.0290909 0.0469458
0 0.251351 0.385084 0.0477551 0.0281876
2 0.251495 0.461058 0.0688501 0.0363495
2 0.770023 0.858739 0.0467147 0.0281855
2 0.38806 0.717791 0.0292007 0.0476762
0 0.808902 0.495499 0.0245481 0.0137717
0 0.476544 0.236761 0.0480044 0.028098
0 0.781189 0.333376 0.024281 0.0130599
2 0.111745 0.28319 0.0470195 0.0319174
0 0.251272 0.538518 0.0479205 0.0298507
0 0.848933 0.175035 0.024251 0.0129545
1 0.0201129 0.62892 0.0147647 0.00645816
0 0.8567 0.598197 0.025249 0.0146854
0 0.860755 0.568816 0.0244832 0.0130682
1 0.407185 0.310935 0.0319424 0.0147928
0 0.321324 0.743283 0.024929 0.0145941
0 0.792532 0.437982 0.02329 0.013952
0 0.983685 0.807498 0.0129084 0.025361
0 0.899936 0.0827999 0.0140927 0.0238428
0 0.858058 0.481053 0.0237324 0.0139447
0 0.0201855 0.61373 0.0135658 0.0235889
0 0.215287 0.953759 0.0295166 0.047148
0 0.851386 0.444428 0.0242374 0.0129868
0 0.733003 0.242734 0.0244379 0.0132073
0 0.80822 0.525002 0.0245132 0.0134075
0 0.943229 0.0234525 0.0137026 0.0242157
0 0.0729795 0.920463 0.00709096 0.0143376
0 0.0453202 0.373608 0.0244461 0.0130983
0 0.969141 0.0264183 0.0134917 0.0243842
1 0.127413 0.308744 0.0193036 0.0224663
0 0.108334 0.373595 0.0245937 0.0132912
0 0.0653056 0.296678 0.0130281 0.0233996
0 0.15691 0.451396 0.014945 0.023602
1 0.219843 0.385364 0.0140906 0.031922
0 0.632946 0.398174 0.0132372 0.0244248
0 0.732848 0.359048 0.025182 0.0138287
1 0.21972 0.538541 0.0136344 0.0329529
1 0.89995 0.0980376 0.014256 0.00614796
0 0.860568 0.392188 0.0245732 0.0136748
1 0.215262 0.982981 0.0314652 0.0116226
2 0.218103 0.808386 0.047886 0.0317446
0 0.889741 0.743294 0.0129618 0.0247352
0 0.064708 0.650702 0.0257291 0.0130776
1 0.770599 0.832526 0.018638 0.0223027
0 0.112511 0.615061 0.0251746 0.0127815
0 0.617375 0.286471 0.0134439 0.00736665
1 0.864297 0.174328 0.00616611 0.0147068
1 0.324124 0.498545 0.0104418 0.0187909
1 0.80829 0.437917 0.00555257 0.0136312
1 0.281572 0.385606 0.0121472 0.0314497
1 0.50867 0.237146 0.0131208 0.0331396
0 0.380057 0.235161 0.0114926 0.022093
1 0.407598 0.373255 0.0329076 0.0132333
1 0.0944265 0.310554 0.0211073 0.0224997
0 0.74099 0.129374 0.00865817 0.0159741
0 0.153632 0.58098 0.0125009 0.00754678
1 0.445679 0.237113 0.0127346 0.0302158
0 0.845864 0.346412 0.0128771 0.0248996
2 0.524454 0.325627 0.055264 0.100783
1 0.753041 0.883542 0.0189827 0.0226763
1 0.281501 0.538527 0.0137697 0.0341799
1 0.902768 0.933324 0.0234183 0.0129032
1 0.79337 0.524896 0.00631689 0.0151696
1 0.787521 0.884405 0.0204511 0.0242837
1 0.872445 0.597966 0.00594217 0.0157323
0 0.163536 0.25741 0.024846 0.0123387
0 0.795574 0.583672 0.0253924 0.0136252
1 0.821593 0.779686 0.0202994 0.0185206
1 0.157595 0.467045 0.0125521 0.00708039
1 0.214567 0.921715 0.0304397 0.0129359
2 0.0713142 0.48708 0.123425 0.108344
0 0.811079 0.957129 0.0136619 0.00791643
0 0.180945 0.960383 0.0135448 0.0235682
1 0.276006 0.490089 0.0123564 0.0192939
1 0.568394 0.285888 0.0297234 0.014606
1 0.777904 0.438189 0.00548528 0.0155444
1 0.968159 0.933672 0.022235 0.0152302
0 0.175114 0.29664 0.0134202 0.0240762
1 0.872641 0.481282 0.00497937 0.014733
1 0.968721 0.0417958 0.0152085 0.00568017
0 0.3428 0.96723 0.013533 0.0231006
1 0.983117 0.792561 0.0134342 0.00540993
1 0.30904 0.296371 0.0203589 0.0437849
1 0.573253 0.324384 0.0383386 0.0199697
1 0.84591 0.568599 0.00515603 0.0146609
1 0.379669 0.222197 0.0125211 0.00493401
0 0.755406 0.956045 0.0378633 0.021995
1 0.793915 0.495171 0.00579997 0.0141863
1 0.180556 0.974967 0.0133292 0.00622609
1 0.226822 0.492447 0.0143316 0.0243439
1 0.899574 0.0676099 0.0153016 0.00494001
1 0.0594579 0.373849 0.00372476 0.0143684
1 0.820815 0.813004 0.0209303 0.0174515
1 0.111537 0.256277 0.0211222 0.0219144
1 0.715807 0.359499 0.00585131 0.0163536
1 0.845244 0.392704 0.00628743 0.015253
0 0.870273 0.345047 0.00690054 0.0128702
1 0.97032 0.0118838 0.014371 0.00519808
3 0.935301 0.933579 0.0393906 0.0256391
1 0.157793 0.435652 0.0144582 0.00613547
1 0.822979 0.525058 0.0054674 0.0146966
0 0.0531706 0.612708 0.011865 0.021563
1 0.823373 0.495868 0.00528142 0.0143544
1 0.984303 0.823493 0.014904 0.00598563
1 0.918337 0.896329 0.0059972 0.0126841
1 0.731133 0.958158 0.00823237 0.0220182
1 0.227301 0.495712 0.0128648 0.0228438
1 0.0498303 0.650427 0.00471772 0.0142932
1 0.019863 0.598057 0.0143104 0.00459696
1 0.833741 0.175232 0.00643946 0.0140896
1 0.0806784 0.650786 0.00572264 0.013913
1 0.0933975 0.308943 0.0161156 0.0201995
2 0.846281 0.796054 0.0272427 0.0482216
1 0.417237 0.266138 0.0226273 0.0211417
1 0.747756 0.358699 0.0049653 0.0134052
1 0.74826 0.243128 0.00597538 0.0125905
1 0.845697 0.331473 0.0128481 0.00465368
1 0.841858 0.479766 0.00578808 0.0132561
1 0.566435 0.362921 0.0280284 0.0159254
1 0.415233 0.701741 0.0230659 0.0082485
0 0.371851 0.961637 0.00688375 0.0132882
1 0.251416 0.430101 0.0135531 0.0246814
1 0.415734 0.735932 0.0181084 0.00729664
1 0.0529996 0.627481 0.012536 0.00560961
1 0.388111 0.748368 0.0292578 0.0106132
1 0.227648 0.429267 0.011308 0.0245515
1 0.634044 0.415025 0.0138575 0.00723792
1 0.14484 0.581655 0.00318863 0.0073421
1 0.342794 0.981153 0.0133258 0.0065539
1 0.889539 0.729339 0.0136881 0.00432374
1 0.201962 0.836562 0.00698363 0.0190094
1 0.415857 0.716941 0.0231407 0.007274
1 0.122376 0.373272 0.00474763 0.0135477
2 0.266734 0.299267 0.0581062 0.106534
1 0.740957 0.120593 0.00854323 0.00326153
1 0.17522 0.310436 0.013336 0.00596525
1 0.176422 0.257631 0.00424161 0.0117744
0 0.903735 0.896006 0.0240323 0.0126345
1 0.62761 0.286077 0.00478482 0.00842498
1 0.306337 0.742937 0.00578199 0.0152936
1 0.0294722 0.373366 0.006159 0.0149051
1 0.072994 0.911016 0.00866716 0.003258
1 0.228037 0.425188 0.0121884 0.0200194
