0 0.185426 0.795377 0.0240697 0.0118975
0 0.473222 0.792823 0.0132096 0.023719
0 0.979266 0.17587 0.0280192 0.0491521
0 0.161228 0.749297 0.0247444 0.0128583
0 0.160999 0.613656 0.0238484 0.0127937
0 0.916334 0.265275 0.0127809 0.0230617
0 0.161052 0.222056 0.0237789 0.0125615
0 0.342517 0.122236 0.0373269 0.0186489
0 0.854547 0.42635 0.0179308 0.0372055
0 0.161029 0.63896 0.024298 0.0112646
0 0.169554 0.523776 0.0119619 0.0226905
0 0.68319 0.782998 0.0224301 0.0111754
0 0.90062 0.306765 0.0134918 0.0249857
0 0.169742 0.30762 0.0240927 0.0122441
1 0.853781 0.450378 0.0214267 0.00920117
0 0.170882 0.333997 0.0239405 0.0115495
0 0.170197 0.282335 0.0248848 0.0121931
0 0.231785 0.774953 0.0243972 0.0120397
0 0.645627 0.806354 0.0125763 0.0249467
0 0.14153 0.452705 0.0116789 0.0225731
0 0.849701 0.305752 0.0119972 0.024247
0 0.481671 0.0256738 0.0239695 0.0123979
0 0.222139 0.128733 0.0239051 0.0123337
0 0.82415 0.306078 0.0129408 0.0241732
0 0.161128 0.665091 0.0243201 0.0122754
0 0.109486 0.181093 0.0117985 0.0241462
0 0.8238 0.434442 0.0114548 0.0218543
0 0.857968 0.504858 0.0242329 0.0129576
0 0.480316 0.142401 0.0131009 0.0233935
0 0.856476 0.620082 0.0236719 0.0117529
0 0.689554 0.812819 0.0381418 0.0187879
0 0.283831 0.808362 0.0237541 0.0125757
1 0.714904 0.812726 0.00988294 0.0217435
1 0.480441 0.128726 0.0133773 0.0045974
5 0.490874 0.452293 0.489568 0.496063
1 0.979786 0.144333 0.0320256 0.0123526
1 0.853869 0.402804 0.0204691 0.00924695
1 0.184435 0.307549 0.00515276 0.013824
0 0.169555 0.482358 0.0126078 0.0233483
0 0.838218 0.473106 0.0231565 0.0122094
1 0.823997 0.291899 0.0135112 0.00488782
0 0.874171 0.306408 0.0126951 0.0246611
0 0.838544 0.690171 0.0232265 0.0124586
0 0.240338 0.184799 0.0231488 0.0111378
1 0.90077 0.292249 0.014372 0.00438881
1 0.980163 0.207595 0.0317793 0.0132514
1 0.175876 0.638789 0.00450223 0.0143216
1 0.169252 0.50997 0.0122791 0.00465825
1 0.473233 0.778065 0.0141917 0.00450685
1 0.363304 0.152824 0.00399758 0.0132596
0 0.350048 0.152911 0.0222803 0.0115954
1 0.473238 0.807407 0.015351 0.00487618
1 0.175118 0.614192 0.00400829 0.0132602
1 0.874055 0.291519 0.0138661 0.0058298
1 0.185082 0.333333 0.0045734 0.0131545
0 0.449765 0.126187 0.0122409 0.0220798
1 0.849691 0.291731 0.0122786 0.00504578
1 0.185146 0.281951 0.0052118 0.0136859
1 0.366186 0.122235 0.00945054 0.0207152
1 0.645239 0.791468 0.0131972 0.00471284
1 0.666958 0.812909 0.00716707 0.0208422
1 0.449871 0.11311 0.0124505 0.00457796
1 0.169332 0.496213 0.0132521 0.00424538
0 0.111077 0.301376 0.0242023 0.0120882
1 0.200144 0.795316 0.0048762 0.01407
1 0.824647 0.690121 0.00504828 0.0132212
1 0.17591 0.66541 0.00524558 0.0140755
1 0.175557 0.221856 0.00507269 0.0141288
1 0.175873 0.749635 0.00517482 0.0135439
1 0.253438 0.184574 0.00499869 0.0137342
1 0.246334 0.774974 0.00494921 0.0130176
1 0.872684 0.50467 0.00442386 0.0140508
1 0.823875 0.448 0.0126672 0.00515044
1 0.0966529 0.301256 0.00480604 0.0137515
1 0.141518 0.565995 0.023547 0.0222993
1 0.109158 0.167034 0.0128362 0.00444189
1 0.496036 0.0256289 0.00417569 0.0126604
1 0.269714 0.808045 0.00482287 0.0138633
1 0.225434 0.239334 0.0375881 0.0155668
1 0.14136 0.465948 0.0126174 0.00420129
1 0.207554 0.128188 0.00418646 0.0137536
1 0.870743 0.619773 0.00412475 0.0130069
1 0.773365 0.254885 0.0331943 0.00679677
1 0.225217 0.255563 0.0368253 0.00879436
1 0.773098 0.239337 0.0357237 0.0144939
1 0.319083 0.122433 0.00780684 0.0211253
1 0.1458 0.665227 0.0057813 0.0143197
1 0.823738 0.419793 0.0126764 0.00510938
1 0.2716 0.191886 0.0124852 0.0343424
1 0.669113 0.782755 0.00463917 0.0123686
1 0.12889 0.909072 0.0282882 0.0143786
1 0.225135 0.294293 0.0378737 0.00713755
2 0.113675 0.527355 0.061191 0.0768106
1 0.128887 0.928801 0.029362 0.0186572
1 0.225262 0.371094 0.0379233 0.00751952
1 0.91671 0.278749 0.0137869 0.00514721
1 0.225077 0.269301 0.0386351 0.00777041
1 0.146112 0.221811 0.00516602 0.0133978
1 0.818822 0.47396 0.00849364 0.0114089
1 0.236757 0.128685 0.00504648 0.0134446
1 0.22452 0.448277 0.0390214 0.0077429
1 0.225549 0.665015 0.0377185 0.0088197
1 0.224658 0.435136 0.039331 0.00754538
1 0.225138 0.396974 0.0386065 0.00714315
1 0.504451 0.739251 0.00799107 0.035552
1 0.225073 0.537722 0.0387967 0.00738369
1 0.226054 0.35848 0.0370299 0.00758962
1 0.224938 0.473478 0.038946 0.00716172
1 0.225156 0.693095 0.0377123 0.0103471
1 0.225105 0.575927 0.0388149 0.00722335
1 0.225132 0.384079 0.0373348 0.0075581
1 0.225492 0.307248 0.0371305 0.00715375
1 0.142152 0.488971 0.0234589 0.0205729
1 0.225649 0.333099 0.0367691 0.00690466
1 0.226055 0.639977 0.0374549 0.00763152
1 0.900707 0.322106 0.0146289 0.00572192
1 0.225604 0.614328 0.0377693 0.00713417
1 0.224955 0.486384 0.0387874 0.00759125
1 0.517461 0.738801 0.0087335 0.0352633
1 0.225197 0.550263 0.0384505 0.00747637
1 0.22628 0.696017 0.0358232 0.00867737
1 0.225343 0.460326 0.0380037 0.00837016
1 0.773048 0.613521 0.0351446 0.00648023
1 0.225124 0.512072 0.0384861 0.00705169
1 0.145246 0.749847 0.00512267 0.0135846
1 0.645588 0.739403 0.00742409 0.0355867
1 0.225402 0.626859 0.0378079 0.00749751
1 0.377048 0.738988 0.00842507 0.0355979
1 0.607316 0.739575 0.00739513 0.0369241
1 0.0852112 0.490915 0.0237646 0.0246489
1 0.338582 0.739265 0.00883468 0.0358293
1 0.683941 0.739328 0.00795771 0.0362429
1 0.773076 0.293437 0.0354836 0.0069101
1 0.479004 0.739589 0.00937008 0.0364183
1 0.224565 0.524777 0.0385685 0.00776604
1 0.440458 0.739062 0.00917528 0.035784
1 0.773025 0.43431 0.0344034 0.00624779
1 0.772553 0.345245 0.0358186 0.00779352
1 0.170281 0.495666 0.013315 0.00449096
1 0.225457 0.345275 0.0370005 0.00767708
1 0.363753 0.739172 0.00793241 0.0355896
1 0.466233 0.739614 0.00767423 0.036705
1 0.225378 0.499277 0.0384951 0.0075289
1 0.225324 0.588893 0.0376977 0.00736881
1 0.581379 0.739061 0.00897048 0.0359793
1 0.225977 0.691857 0.0379464 0.0143361
1 0.0855057 0.565637 0.0237129 0.0245448
1 0.773079 0.307187 0.0360494 0.00847888
1 0.225188 0.409961 0.0383678 0.00705516
5 0.552353 0.414032 0.553493 0.5624
1 0.568672 0.739701 0.00779768 0.0364409
1 0.225502 0.67805 0.038259 0.00794314
1 0.224843 0.652814 0.0392869 0.0073563
1 0.216645 0.775034 0.00491719 0.0132544
1 0.773008 0.242139 0.0362983 0.00953576
1 0.169661 0.537154 0.0126922 0.00554401
1 0.40203 0.739237 0.00839924 0.0365073
1 0.226662 0.319811 0.0348718 0.0077964
1 0.773178 0.396537 0.0366116 0.00778839
1 0.824044 0.321904 0.0144161 0.00601365
1 0.542655 0.739187 0.00870614 0.0363067
1 0.427698 0.73982 0.00773192 0.0365913
1 0.772657 0.53735 0.0360131 0.00864479
1 0.286625 0.191833 0.00751852 0.0346956
1 0.853382 0.689739 0.00572086 0.0127308
1 0.772534 0.35705 0.0368051 0.00682396
1 0.772975 0.448288 0.0363279 0.00886476
1 0.658447 0.739298 0.00879482 0.03597
1 0.225322 0.281051 0.0377927 0.00858401
1 0.3254 0.739479 0.00724627 0.0362805
1 0.224818 0.563323 0.0379309 0.00811943
1 0.772857 0.677711 0.0367942 0.00878619
1 0.772825 0.691763 0.0363389 0.0107124
1 0.169356 0.467136 0.0139745 0.00574325
1 0.772743 0.318845 0.0361781 0.00745523
1 0.772786 0.434762 0.035945 0.0087884
1 0.772328 0.638255 0.0360598 0.00746636
1 0.772979 0.60025 0.034852 0.00758568
1 0.772993 0.383782 0.0360352 0.00872506
2 0.00663542 0.620845 0.0109637 0.0156866
1 0.154195 0.282723 0.00528567 0.0130575
1 0.772774 0.626833 0.0360992 0.00862184
1 0.875191 0.321951 0.0134626 0.00582016
1 0.146426 0.613342 0.00521821 0.0136635
