4 0.584423 0.771079 0.178823 0.17632
4 0.813939 0.808047 0.171328 0.176629
4 0.80926 0.385865 0.254352 0.25421
0 0.63149 0.648012 0.0225414 0.0108309
3 0.329989 0.358337 0.109544 0.0631255
0 0.489657 0.50784 0.0117587 0.0230377
0 0.238765 0.925671 0.0109443 0.0217273
3 0.397326 0.690097 0.0642094 0.114085
1 0.282962 0.559771 0.0412386 0.0178891
1 0.545682 0.446206 0.0195305 0.039033
0 0.463653 0.507873 0.0107239 0.020951
0 0.630199 0.622053 0.0234951 0.0118873
1 0.582795 0.865238 0.0322387 0.0224833
0 0.338013 0.516103 0.0355813 0.0732917
1 0.544528 0.500625 0.0169573 0.0408626
0 0.593793 0.446524 0.0765517 0.0366027
1 0.337572 0.56444 0.0411881 0.016662
1 0.338153 0.467478 0.0420288 0.0209253
1 0.642836 0.446768 0.0168454 0.0396195
1 0.64277 0.500485 0.0168438 0.0402821
1 0.318519 0.623161 0.0410001 0.0195314
1 0.645419 0.648041 0.005321 0.0130122
3 0.59611 0.335128 0.110335 0.0684428
1 0.644638 0.621964 0.00523689 0.0142987
1 0.46333 0.494727 0.0119729 0.00476909
3 0.233648 0.688959 0.0611301 0.115645
1 0.582795 0.673074 0.031448 0.0245911
0 0.593822 0.500444 0.0769548 0.0384124
1 0.282948 0.461845 0.0412008 0.020456
0 0.282983 0.510663 0.0376811 0.0766208
1 0.717445 0.805577 0.0247443 0.032393
7 0.613429 0.173797 0.182915 0.159684
1 0.662328 0.334762 0.016742 0.0425223
1 0.464003 0.520354 0.0118185 0.00324465
2 0.126177 0.195035 0.138689 0.160684
2 0.989612 0.307371 0.0194082 0.0649822
1 0.909347 0.804753 0.0242714 0.029279
7 0.126621 0.195206 0.137162 0.160725
1 0.489568 0.494706 0.0124836 0.00439309
1 0.812244 0.521333 0.0842443 0.0145734
1 0.468638 0.831793 0.0268132 0.0147017
1 0.888721 0.552555 0.011966 0.0332665
1 0.238048 0.939717 0.0128425 0.00533701
1 0.276217 0.648279 0.0185098 0.0534725
1 0.898946 0.521661 0.0788429 0.0122214
1 0.814595 0.25347 0.0907919 0.0149036
1 0.238555 0.911802 0.0122828 0.00472141
1 0.489692 0.521749 0.0122056 0.00561405
3 0.318332 0.690513 0.0598392 0.115093
