0 0.299622 0.517901 0.0294126 0.0481857
3 0.297888 0.191811 0.0639465 0.11094
0 0.974929 0.38554 0.0376422 0.0748981
0 0.263653 0.508482 0.011313 0.0228121
4 0.747816 0.30542 0.25466 0.256742
0 0.577741 0.948461 0.0232653 0.0121877
0 0.957664 0.955997 0.0124204 0.0238504
1 0.974377 0.337114 0.0416066 0.020847
1 0.919054 0.429293 0.0422505 0.0175525
0 0.874444 0.795719 0.0109562 0.0227756
1 0.299262 0.486647 0.0334567 0.0140868
1 0.919447 0.331561 0.0411803 0.0189307
0 0.895829 0.93985 0.0136699 0.0246149
0 0.919377 0.380864 0.0404482 0.0766804
1 0.954401 0.492389 0.0419155 0.0190729
1 0.974393 0.434227 0.0422933 0.0173934
0 0.519194 0.913673 0.0135727 0.0235307
2 0.764313 0.0738678 0.1386 0.147736
1 0.263302 0.494394 0.0127491 0.00480617
1 0.299745 0.549891 0.0326057 0.0148327
4 0.151866 0.234102 0.172772 0.176717
3 0.869982 0.557248 0.0608187 0.112033
1 0.874482 0.809783 0.0128934 0.00442961
1 0.375827 0.296636 0.0170956 0.0656122
1 0.957615 0.941972 0.0131512 0.00413063
1 0.958132 0.971326 0.0144211 0.00568821
1 0.244581 0.230835 0.0212069 0.0279847
0 0.422941 0.297824 0.0785357 0.0657276
1 0.591242 0.949185 0.00421286 0.0139325
1 0.470967 0.296839 0.0160494 0.0690782
1 0.913827 0.518436 0.0216455 0.0570942
1 0.895472 0.925145 0.0139624 0.00453292
1 0.992696 0.51645 0.0130878 0.0467205
4 0.458509 0.132699 0.154603 0.150069
1 0.992309 0.51055 0.014047 0.0342996
1 0.0530765 0.231368 0.0223949 0.0312819
1 0.628056 0.465078 0.0280976 0.0158497
1 0.896366 0.955697 0.0134764 0.00558878
1 0.298366 0.256307 0.0426922 0.0184863
1 0.834056 0.443068 0.0751412 0.0138582
3 0.955066 0.558499 0.0619254 0.113225
1 0.672253 0.0687356 0.0391303 0.116106
1 0.519224 0.92822 0.0136218 0.00593329
1 0.298243 0.104108 0.0647147 0.0107342
1 0.870077 0.621142 0.0415097 0.0170009
3 0.458606 0.134303 0.154891 0.148912
