4 0.326951 0.605866 0.175563 0.175185
4 0.559412 0.642473 0.171289 0.176782
4 0.550179 0.218955 0.250614 0.257473
3 0.139698 0.524323 0.0641621 0.116685
0 0.0247511 0.343832 0.038813 0.0742821
0 0.373842 0.482303 0.0228103 0.0110608
0 0.0716948 0.971616 0.0118815 0.0216016
0 0.0798451 0.34996 0.0380968 0.0736745
1 0.286965 0.280337 0.0182504 0.0391395
1 0.0798012 0.301386 0.0413492 0.0199744
1 0.0249199 0.29551 0.0406509 0.0208693
0 0.205914 0.342081 0.0113075 0.0227649
1 0.079258 0.39815 0.0405664 0.0173493
0 0.231912 0.34211 0.0121105 0.0238336
1 0.0252196 0.393582 0.0417608 0.0167861
0 0.372878 0.455601 0.0231823 0.0118753
1 0.286952 0.334359 0.0168617 0.0407715
0 0.0975209 0.969063 0.013595 0.0237918
1 0.231743 0.356839 0.0139458 0.00530277
0 0.0642235 0.919535 0.012495 0.0235446
1 0.0604321 0.457255 0.0424531 0.0206788
1 0.387729 0.48172 0.00568093 0.0133476
1 0.0649726 0.934845 0.0141084 0.00585912
1 0.20599 0.355855 0.0130402 0.00499081
3 0.337874 0.168185 0.110091 0.0671383
1 0.385251 0.280535 0.0174978 0.0401399
0 0.335842 0.280252 0.0760087 0.0356123
1 0.38706 0.455849 0.00510557 0.013575
1 0.324553 0.698669 0.0309325 0.0224736
1 0.384844 0.33398 0.017315 0.0398058
0 0.336083 0.334251 0.0764923 0.0365149
1 0.071306 0.958037 0.0127484 0.00578145
1 0.324388 0.506418 0.031334 0.0247447
1 0.459842 0.638318 0.0242158 0.0306919
3 0.0594295 0.524359 0.0613194 0.114006
1 0.404858 0.167888 0.0168656 0.0430718
1 0.556961 0.3552 0.0889674 0.0158446
1 0.00571813 0.435646 0.0114363 0.0121193
1 0.630353 0.386532 0.0120212 0.0328703
1 0.211143 0.66487 0.0272915 0.0160579
1 0.137683 0.588438 0.0429717 0.0186687
1 0.0596917 0.607871 0.064733 0.0108323
1 0.142679 0.456985 0.048702 0.017864
1 0.651217 0.638605 0.0229092 0.0224234
1 0.557532 0.0873432 0.093431 0.0153201
1 0.210839 0.686736 0.0253337 0.0174026
