4 0.896573 0.452407 0.154448 0.161905
4 0.657819 0.220403 0.169617 0.173954
5 0.421946 0.284002 0.0761792 0.0753933
3 0.184153 0.659381 0.0181571 0.0281052
3 0.183449 0.516218 0.0181574 0.0271428
3 0.18437 0.5878 0.0174292 0.0286084
3 0.184117 0.442002 0.0204719 0.0285412
1 0.184117 0.536627 0.0122682 0.014652
0 0.217559 0.658766 0.0105289 0.0224308
0 0.217209 0.441453 0.0105924 0.0212321
0 0.153813 0.543969 0.0121118 0.0213647
0 0.793937 0.208138 0.0123951 0.0234381
1 0.183862 0.608796 0.0111606 0.0142121
0 0.05059 0.349245 0.0481522 0.0302618
0 0.719839 0.381172 0.0323693 0.0527025
1 0.0823669 0.349333 0.0141269 0.0322847
0 0.409081 0.20294 0.0127675 0.0240207
1 0.183975 0.46356 0.0121166 0.0145835
0 0.776992 0.316233 0.0365173 0.0745065
0 0.153531 0.587308 0.0116234 0.0209886
0 0.153374 0.673869 0.0115915 0.0212896
0 0.268066 0.308162 0.0128552 0.0221383
1 0.719493 0.34813 0.0327374 0.01294
0 0.217449 0.51805 0.0104909 0.0213849
0 0.217319 0.600425 0.0109448 0.0228994
0 0.15334 0.412032 0.0120545 0.0219718
0 0.360441 0.202892 0.0127264 0.0241491
0 0.431832 0.351111 0.0237784 0.0118637
1 0.0186762 0.349235 0.0127776 0.0334572
1 0.776123 0.267572 0.0412514 0.0198977
1 0.546746 0.197478 0.0221184 0.00711142
0 0.546634 0.221091 0.0179131 0.0372537
0 0.268547 0.261531 0.0130841 0.0221249
0 0.250214 0.6582 0.0188214 0.0360573
1 0.183508 0.492714 0.0133451 0.0169914
0 0.470139 0.21286 0.0232778 0.0118452
1 0.775864 0.364557 0.0414835 0.0176697
0 0.153167 0.456756 0.0125526 0.0222899
1 0.153364 0.574162 0.012676 0.00468163
0 0.432458 0.376547 0.022834 0.0117118
1 0.152872 0.426011 0.0129674 0.00496942
0 0.435697 0.202681 0.0121254 0.0239047
0 0.153235 0.499756 0.0122293 0.0230456
1 0.656491 0.122122 0.0320385 0.0244065
1 0.79379 0.222664 0.0139439 0.00557047
0 0.457195 0.504528 0.0744353 0.0432832
1 0.184318 0.564308 0.0128652 0.0152614
1 0.183656 0.636915 0.0122333 0.0154924
0 0.268475 0.705136 0.0229756 0.0122645
1 0.250021 0.68167 0.0224869 0.00872496
1 0.65676 0.315202 0.0319146 0.0218125
1 0.46603 0.278496 0.00952289 0.00586594
1 0.546774 0.244517 0.0217964 0.00787568
1 0.378491 0.278482 0.0103623 0.00798066
1 0.402699 0.241325 0.00703934 0.00934154
1 0.456853 0.212766 0.00393286 0.0134585
1 0.217452 0.644981 0.0118794 0.00518324
1 0.71993 0.413554 0.0322655 0.013207
1 0.250472 0.634732 0.0220256 0.00892877
1 0.309679 0.749265 0.0436828 0.0191185
1 0.184268 0.41885 0.0130446 0.0169965
1 0.217067 0.614658 0.0127744 0.00507605
1 0.153719 0.660328 0.0122989 0.00449853
1 0.153492 0.557525 0.0129552 0.00479126
1 0.408129 0.500826 0.0182003 0.0399043
1 0.18435 0.680967 0.0115666 0.0128423
1 0.378551 0.290788 0.00993657 0.00864429
1 0.807853 0.451667 0.0157795 0.0645027
1 0.506258 0.501177 0.0175028 0.0399919
1 0.440402 0.241769 0.00663757 0.00898577
1 0.978028 0.450956 0.0131879 0.0629687
1 0.427779 0.241465 0.00615345 0.00922492
1 0.418094 0.351123 0.00422346 0.0143609
1 0.153244 0.442543 0.0115666 0.00401497
1 0.793602 0.193206 0.0134995 0.00558442
1 0.153604 0.47091 0.0125069 0.00515885
1 0.254404 0.704695 0.00492787 0.0141824
1 0.0255009 0.311432 0.0495699 0.0179297
1 0.418335 0.376221 0.00419091 0.0132761
3 0.308921 0.815573 0.0618187 0.122828
1 0.26834 0.294144 0.013082 0.00508368
1 0.268138 0.275844 0.0126696 0.00501555
1 0.268251 0.247519 0.0131398 0.00495964
1 0.268092 0.322601 0.013628 0.00549126
1 0.460502 0.247402 0.0186025 0.0190721
1 0.217415 0.504616 0.0110545 0.00425039
1 0.435519 0.216427 0.0126027 0.00458054
1 0.153311 0.513275 0.0124831 0.00515972
1 0.462217 0.323611 0.0149214 0.0169785
1 0.440184 0.32814 0.00584108 0.00951407
1 0.415181 0.241537 0.00719689 0.00924783
1 0.378413 0.303951 0.0107782 0.00751792
1 0.378035 0.265061 0.00952696 0.00855243
1 0.402157 0.328619 0.00692349 0.0107165
1 0.427861 0.328348 0.00639784 0.0100545
1 0.465781 0.291317 0.00864342 0.00628615
1 0.265775 0.466837 0.0256648 0.0148823
1 0.153737 0.529408 0.012606 0.00567952
1 0.465624 0.266999 0.00935698 0.00749819
